Delta,Time,CORE0_ENERGY (J),CORE0_FREQ (MHZ),CORE0_PSTATE,CORE0_VOLT (V),CORE10_ENERGY (J),CORE10_FREQ (MHZ),CORE10_PSTATE,CORE10_VOLT (V),CORE11_ENERGY (J),CORE11_FREQ (MHZ),CORE11_PSTATE,CORE11_VOLT (V),CORE1_ENERGY (J),CORE1_FREQ (MHZ),CORE1_PSTATE,CORE1_VOLT (V),CORE2_ENERGY (J),CORE2_FREQ (MHZ),CORE2_PSTATE,CORE2_VOLT (V),CORE3_ENERGY (J),CORE3_FREQ (MHZ),CORE3_PSTATE,CORE3_VOLT (V),CORE4_ENERGY (J),CORE4_FREQ (MHZ),CORE4_PSTATE,CORE4_VOLT (V),CORE5_ENERGY (J),CORE5_FREQ (MHZ),CORE5_PSTATE,CORE5_VOLT (V),CORE6_ENERGY (J),CORE6_FREQ (MHZ),CORE6_PSTATE,CORE6_VOLT (V),CORE7_ENERGY (J),CORE7_FREQ (MHZ),CORE7_PSTATE,CORE7_VOLT (V),CORE8_ENERGY (J),CORE8_FREQ (MHZ),CORE8_PSTATE,CORE8_VOLT (V),CORE9_ENERGY (J),CORE9_FREQ (MHZ),CORE9_PSTATE,CORE9_VOLT (V),CPU_ENERGY (J),CPU_FREQUENCY_0,CPU_FREQUENCY_1,CPU_FREQUENCY_10,CPU_FREQUENCY_11,CPU_FREQUENCY_12,CPU_FREQUENCY_13,CPU_FREQUENCY_14,CPU_FREQUENCY_15,CPU_FREQUENCY_16,CPU_FREQUENCY_17,CPU_FREQUENCY_18,CPU_FREQUENCY_19,CPU_FREQUENCY_2,CPU_FREQUENCY_20,CPU_FREQUENCY_21,CPU_FREQUENCY_22,CPU_FREQUENCY_23,CPU_FREQUENCY_3,CPU_FREQUENCY_4,CPU_FREQUENCY_5,CPU_FREQUENCY_6,CPU_FREQUENCY_7,CPU_FREQUENCY_8,CPU_FREQUENCY_9,CPU_USAGE_0,CPU_USAGE_1,CPU_USAGE_10,CPU_USAGE_11,CPU_USAGE_12,CPU_USAGE_13,CPU_USAGE_14,CPU_USAGE_15,CPU_USAGE_16,CPU_USAGE_17,CPU_USAGE_18,CPU_USAGE_19,CPU_USAGE_2,CPU_USAGE_20,CPU_USAGE_21,CPU_USAGE_22,CPU_USAGE_23,CPU_USAGE_3,CPU_USAGE_4,CPU_USAGE_5,CPU_USAGE_6,CPU_USAGE_7,CPU_USAGE_8,CPU_USAGE_9,TOTAL_MEMORY,TOTAL_SWAP,USED_MEMORY,USED_SWAP
0,1780596462470,56511.3567199707,4700,1,0.30000000000000004,6928.165756225586,4700,1,0.30000000000000004,6790.721450805664,4700,1,0.30000000000000004,11678.975570678711,4700,1,0.30000000000000004,45046.94534301758,4700,1,0.30000000000000004,37238.38529968262,4700,1,0.30000000000000004,46417.30270385742,4700,1,0.30000000000000004,28550.597595214844,4700,1,0.30000000000000004,7265.193084716797,4700,1,0.30000000000000004,7153.724334716797,4700,1,0.30000000000000004,6745.669082641602,4700,1,0.30000000000000004,6961.994720458984,4700,1,0.30000000000000004,2562.6007537841797,3007,3007,3007,3007,3007,3007,3007,3007,3007,3007,3007,3007,4690,4691,3007,3007,3007,4690,3007,3007,3007,3007,3007,4690,2.702702760696411,2.6315789222717285,2.777777910232544,0,0,5.263157844543457,2.6315789222717285,0,2.702702760696411,0,2.6315789222717285,2.6315789222717285,2.6315789222717285,0,0,7.894736289978027,2.6315789222717285,0,0,5.128205299377441,2.702702760696411,0,0,2.702702760696411,66481098752,12884893696,1478672384,0
99,1780596462470,56511.35679626465,4700,1,0.30000000000000004,6928.16584777832,4700,1,0.30000000000000004,6790.721694946289,4700,1,0.30000000000000004,11678.975646972656,4700,1,0.30000000000000004,45046.94541931152,4700,1,0.30000000000000004,37238.38537597656,4700,1,0.30000000000000004,46417.30764770508,4700,1,0.30000000000000004,28550.59767150879,4700,1,0.30000000000000004,7265.193145751953,4700,1,0.30000000000000004,7153.724395751953,4700,1,0.30000000000000004,6745.669616699219,4700,1,0.30000000000000004,6961.994781494141,4700,1,0.30000000000000004,2562.6888427734375,3007,3007,3007,3007,3007,3007,3007,3007,3007,3007,3007,3007,4690,4691,3007,3007,3007,4690,3007,3007,3007,3007,3007,4690,2.702702760696411,2.6315789222717285,2.777777910232544,0,0,5.263157844543457,2.6315789222717285,0,2.702702760696411,0,2.6315789222717285,2.6315789222717285,2.6315789222717285,0,0,7.894736289978027,2.6315789222717285,0,0,5.128205299377441,2.702702760696411,0,0,2.702702760696411,66481098752,12884893696,1479086080,0
99,1780596462570,56511.46549987793,4700,1,0.29374999999999996,6928.334091186523,4700,1,0.29374999999999996,6790.903015136719,4700,1,0.29374999999999996,11679.023483276367,4700,1,0.29374999999999996,45047.014587402344,4700,1,0.29374999999999996,37238.48817443848,4700,1,0.29374999999999996,46417.4775390625,4700,1,0.29374999999999996,28550.669540405273,4700,1,0.29374999999999996,7265.355422973633,4700,1,0.29374999999999996,7153.884414672852,4700,1,0.29374999999999996,6745.855712890625,4700,1,0.29374999999999996,6962.163467407227,4700,1,0.29374999999999996,2567.0739135742188,3007,3007,3007,3007,3007,3007,3007,3007,3007,3007,3007,3007,4690,4691,3007,3007,3007,4690,3007,3007,3007,3007,3007,4690,2.702702760696411,2.6315789222717285,2.777777910232544,0,0,5.263157844543457,2.6315789222717285,0,2.702702760696411,0,2.6315789222717285,2.6315789222717285,2.6315789222717285,0,0,7.894736289978027,2.6315789222717285,0,0,5.128205299377441,2.702702760696411,0,0,2.702702760696411,66481098752,12884893696,1530941440,0
99,1780596462670,56511.57487487793,4700,1,0.30000000000000004,6928.40592956543,4700,1,0.30000000000000004,6790.984649658203,4700,1,0.30000000000000004,11679.138717651367,4700,1,0.30000000000000004,45047.11444091797,4700,1,0.30000000000000004,37238.60055541992,4700,1,0.30000000000000004,46417.50456237793,4700,1,0.30000000000000004,28550.739318847656,4700,1,0.30000000000000004,7265.435119628906,4700,1,0.30000000000000004,7153.997360229492,4700,1,0.30000000000000004,6745.925628662109,4700,1,0.30000000000000004,6962.272689819336,4700,1,0.30000000000000004,2570.999984741211,3007,3007,3007,3007,3007,3007,3007,3007,3007,3007,3007,3007,4690,4691,3007,3007,3007,4690,3007,3007,3007,3007,3007,4690,5,0,5,9.523809432983398,0,0,4.761904716491699,10,0,9.523809432983398,0,0,4.761904716491699,0,9.523809432983398,0,0,5,10,0,5,9.523809432983398,9.523809432983398,4.761904716491699,66481098752,12884893696,1564127232,0
99,1780596462770,56512.115646362305,4700,1,0.30000000000000004,6928.459915161133,4700,1,0.30000000000000004,6791.061172485352,4700,1,0.30000000000000004,11679.161270141602,4700,1,0.30000000000000004,45047.160903930664,4700,1,0.30000000000000004,37238.63592529297,4700,1,0.30000000000000004,46417.5295715332,4700,1,0.30000000000000004,28550.762405395508,4700,1,0.30000000000000004,7265.496322631836,4700,1,0.30000000000000004,7154.030426025391,4700,1,0.30000000000000004,6745.96501159668,4700,1,0.30000000000000004,6962.314544677734,4700,1,0.30000000000000004,2574.885040283203,3007,3007,3007,3007,3007,3007,3007,3007,3007,3007,3007,3007,4690,4691,3007,3007,3007,4690,3007,3007,3007,3007,3007,4690,5,0,5,9.523809432983398,0,0,4.761904716491699,10,0,9.523809432983398,0,0,4.761904716491699,0,9.523809432983398,0,0,5,10,0,5,9.523809432983398,9.523809432983398,4.761904716491699,66481098752,12884893696,1598660608,0
99,1780596462871,56512.17674255371,4700,1,0.30000000000000004,6928.463470458984,4700,1,0.30000000000000004,6791.065444946289,4700,1,0.30000000000000004,11679.17756652832,4700,1,0.30000000000000004,45047.174713134766,4700,1,0.30000000000000004,37238.64077758789,4700,1,0.30000000000000004,46417.56530761719,4700,1,0.30000000000000004,28550.79670715332,4700,1,0.30000000000000004,7265.512664794922,4700,1,0.30000000000000004,7154.050918579102,4700,1,0.30000000000000004,6745.985626220703,4700,1,0.30000000000000004,6962.318771362305,4700,1,0.30000000000000004,2577.8606719970703,3007,3007,3007,3007,3007,3007,3007,3007,3007,3007,3007,3007,4690,4691,3007,3007,3007,4690,3007,3007,3007,3007,3007,4690,40,0,0,0,0,0,0,0,0,0,0,0,0,4.761904716491699,0,0,0,0,0,0,0,0,0,0,66481098752,12884893696,1602969600,0
99,1780596462971,56512.18013000488,4700,1,0.30000000000000004,6928.466552734375,4700,1,0.30000000000000004,6791.068420410156,4700,1,0.30000000000000004,11679.1806640625,4700,1,0.30000000000000004,45047.177810668945,4700,1,0.30000000000000004,37238.643951416016,4700,1,0.30000000000000004,46417.59590148926,4700,1,0.30000000000000004,28550.799865722656,4700,1,0.30000000000000004,7265.515777587891,4700,1,0.30000000000000004,7154.053894042969,4700,1,0.30000000000000004,6745.988388061523,4700,1,0.30000000000000004,6962.32194519043,4700,1,0.30000000000000004,2580.231658935547,3007,3007,3007,3007,3007,3007,3007,3007,3007,3007,3007,3007,4690,4691,3007,3007,3007,4690,3007,3007,3007,3007,3007,4690,40,0,0,0,0,0,0,0,0,0,0,0,0,4.761904716491699,0,0,0,0,0,0,0,0,0,0,66481098752,12884893696,1602969600,0
99,1780596463071,56512.21537780762,4700,1,0.30000000000000004,6928.469635009766,4700,1,0.30000000000000004,6791.071350097656,4700,1,0.30000000000000004,11679.183807373047,4700,1,0.30000000000000004,45047.180908203125,4700,1,0.30000000000000004,37238.647048950195,4700,1,0.30000000000000004,46417.622482299805,4700,1,0.30000000000000004,28550.804244995117,4700,1,0.30000000000000004,7265.518859863281,4700,1,0.30000000000000004,7154.0570068359375,4700,1,0.30000000000000004,6745.991424560547,4700,1,0.30000000000000004,6962.32502746582,4700,1,0.30000000000000004,2583.016143798828,3007,3007,3007,3007,3007,3007,3007,3007,3007,3007,3007,3007,4690,4691,3007,3007,3007,4690,3007,3007,3007,3007,3007,4690,0,0,0,0,0,0,0,0,0,0,0,0,0,0,0,0,0,0,0,0,0,0,0,0,66481098752,12884893696,1602969600,0
100,1780596463171,56512.2188873291,4700,1,0.30000000000000004,6928.472686767578,4700,1,0.30000000000000004,6791.074371337891,4700,1,0.30000000000000004,11679.186981201172,4700,1,0.30000000000000004,45047.18437194824,4700,1,0.30000000000000004,37238.650146484375,4700,1,0.30000000000000004,46417.648361206055,4700,1,0.30000000000000004,28550.8074798584,4700,1,0.30000000000000004,7265.52197265625,4700,1,0.30000000000000004,7154.059921264648,4700,1,0.30000000000000004,6745.993438720703,4700,1,0.30000000000000004,6962.328109741211,4700,1,0.30000000000000004,2585.2868041992188,3007,3007,3007,3007,3007,3007,3007,3007,3007,3007,3007,3007,4690,4691,3007,3007,3007,4690,3007,3007,3007,3007,3007,4690,0,0,0,0,0,0,0,0,0,0,0,0,0,0,0,0,0,0,0,0,0,0,0,0,66481098752,12884893696,1602969600,0
100,1780596463272,56512.22137451172,4700,1,0.29374999999999996,6928.476287841797,4700,1,0.30000000000000004,6791.078170776367,4700,1,0.30000000000000004,11679.190414428711,4700,1,0.29374999999999996,45047.18850708008,4700,1,0.29374999999999996,37238.654037475586,4700,1,0.29374999999999996,46417.66728210449,4700,1,0.29374999999999996,28550.81072998047,4700,1,0.29374999999999996,7265.525299072266,4700,1,0.29374999999999996,7154.062942504883,4700,1,0.29374999999999996,6746.004425048828,4700,1,0.29374999999999996,6962.33154296875,4700,1,0.30000000000000004,2587.942855834961,3007,3007,3007,3007,3007,3007,3007,3007,3007,3007,3007,3007,4690,4691,3007,3007,3007,4690,3007,3007,3007,3007,3007,4690,0,0,0,0,0,0,0,0,0,0,0,0,0,0,0,0,0,0,4.761904716491699,0,0,0,0,0,66481098752,12884893696,1602969600,0
100,1780596463372,56512.22885131836,4700,1,0.29374999999999996,6928.479309082031,4700,1,0.30000000000000004,6791.081115722656,4700,1,0.30000000000000004,11679.19351196289,4700,1,0.29374999999999996,45047.19160461426,4700,1,0.29374999999999996,37238.657135009766,4700,1,0.29374999999999996,46417.680252075195,4700,1,0.29374999999999996,28550.815643310547,4700,1,0.29374999999999996,7265.528381347656,4700,1,0.29374999999999996,7154.065612792969,4700,1,0.30000000000000004,6746.006530761719,4700,1,0.30000000000000004,6962.334564208984,4700,1,0.30000000000000004,2590.238037109375,3007,3007,3007,3007,3007,3007,3007,3007,3007,3007,3007,3007,4690,4691,3007,3007,3007,4690,3007,3007,3007,3007,3007,4690,0,0,0,0,0,0,0,0,0,0,0,0,0,0,0,0,0,0,4.761904716491699,0,0,0,0,0,66481098752,12884893696,1602969600,0
100,1780596463473,56512.23204040527,4700,1,0.30000000000000004,6928.482376098633,4700,1,0.30000000000000004,6791.084121704102,4700,1,0.30000000000000004,11679.19660949707,4700,1,0.30000000000000004,45047.19470214844,4700,1,0.30000000000000004,37238.66027832031,4700,1,0.30000000000000004,46417.69998168945,4700,1,0.30000000000000004,28550.818786621094,4700,1,0.30000000000000004,7265.531463623047,4700,1,0.30000000000000004,7154.068069458008,4700,1,0.30000000000000004,6746.008224487305,4700,1,0.30000000000000004,6962.337631225586,4700,1,0.30000000000000004,2592.443634033203,3007,3007,3007,3007,3007,3007,3007,3007,3007,3007,3007,3007,4690,4691,3007,3007,3007,4690,3007,3007,3007,3007,3007,4690,0,0,0,0,0,0,0,0,0,0,0,0,0,0,0,0,0,0,4.761904716491699,0,0,0,0,0,66481098752,12884893696,1602969600,0
99,1780596463573,56512.2353515625,4700,1,0.29374999999999996,6928.485305786133,4700,1,0.29374999999999996,6791.086868286133,4700,1,0.29374999999999996,11679.19970703125,4700,1,0.29374999999999996,45047.19779968262,4700,1,0.29374999999999996,37238.66337585449,4700,1,0.29374999999999996,46417.71502685547,4700,1,0.29374999999999996,28550.823287963867,4700,1,0.29374999999999996,7265.534423828125,4700,1,0.29374999999999996,7154.07014465332,4700,1,0.29374999999999996,6746.009811401367,4700,1,0.29374999999999996,6962.340576171875,4700,1,0.29374999999999996,2594.9334106445313,3007,3007,3007,3007,3007,3007,3007,3007,3007,3007,3007,3007,4690,4691,3007,3007,3007,4690,3007,3007,3007,3007,3007,4690,0,0,0,0,0,0,0,0,0,0,0,0,0,0,0,0,0,0,4.761904716491699,0,0,0,0,0,66481098752,12884893696,1602969600,0
99,1780596463673,56512.238525390625,4700,1,0.29374999999999996,6928.491226196289,4700,1,0.29374999999999996,6791.089889526367,4700,1,0.29374999999999996,11679.203048706055,4700,1,0.29374999999999996,45047.201248168945,4700,1,0.29374999999999996,37238.66647338867,4700,1,0.29374999999999996,46417.73081970215,4700,1,0.29374999999999996,28550.82649230957,4700,1,0.29374999999999996,7265.537811279297,4700,1,0.29374999999999996,7154.072555541992,4700,1,0.29374999999999996,6746.011474609375,4700,1,0.29374999999999996,6962.3441162109375,4700,1,0.29374999999999996,2597.424575805664,3007,3007,3007,3007,3007,3007,3007,3007,3007,3007,3007,3007,4690,4691,3007,3007,3007,4690,3007,3007,3007,3007,3007,4690,4.761904716491699,0,0,0,0,0,0,0,0,0,0,0,0,0,0,0,0,0,0,0,0,0,0,0,66481098752,12884893696,1602969600,0
99,1780596463773,56512.24169921875,4700,1,0.29374999999999996,6928.495040893555,4700,1,0.29374999999999996,6791.093612670898,4700,1,0.29374999999999996,11679.206344604492,4700,1,0.29374999999999996,45047.204345703125,4700,1,0.29374999999999996,37238.669921875,4700,1,0.29374999999999996,46417.747329711914,4700,1,0.29374999999999996,28550.82958984375,4700,1,0.29374999999999996,7265.540817260742,4700,1,0.29374999999999996,7154.074996948242,4700,1,0.29374999999999996,6746.0146484375,4700,1,0.29374999999999996,6962.348602294922,4700,1,0.29374999999999996,2599.7303161621094,3007,3007,3007,3007,3007,3007,3007,3007,3007,3007,3007,3007,4690,4691,3007,3007,3007,4690,3007,3007,3007,3007,3007,4690,4.761904716491699,0,0,0,0,0,0,0,0,0,0,0,0,0,0,0,0,0,0,0,0,0,0,0,66481098752,12884893696,1602969600,0
99,1780596463874,56512.244888305664,4700,1,0.29374999999999996,6928.498184204102,4700,1,0.29374999999999996,6791.096130371094,4700,1,0.29374999999999996,11679.209442138672,4700,1,0.29374999999999996,45047.207443237305,4700,1,0.29374999999999996,37238.67301940918,4700,1,0.29374999999999996,46417.77470397949,4700,1,0.29374999999999996,28550.832778930664,4700,1,0.29374999999999996,7265.544128417969,4700,1,0.29374999999999996,7154.077239990234,4700,1,0.29374999999999996,6746.0167236328125,4700,1,0.29374999999999996,6962.352111816406,4700,1,0.29374999999999996,2601.9746704101563,3007,3007,3007,3007,3007,3007,3007,3007,3007,3007,3007,3007,4690,4691,3007,3007,3007,4690,3007,3007,3007,3007,3007,4690,0,0,0,0,0,0,0,0,0,0,0,0,0,0,0,0,0,0,0,0,0,0,0,0,66481098752,12884893696,1602969600,0
99,1780596463974,56512.24842834473,4700,1,0.29374999999999996,6928.501190185547,4700,1,0.29374999999999996,6791.0992431640625,4700,1,0.29374999999999996,11679.212539672852,4700,1,0.29374999999999996,45047.210540771484,4700,1,0.29374999999999996,37238.67611694336,4700,1,0.29374999999999996,46417.80114746094,4700,1,0.29374999999999996,28550.8360748291,4700,1,0.29374999999999996,7265.547790527344,4700,1,0.29374999999999996,7154.079559326172,4700,1,0.29374999999999996,6746.018310546875,4700,1,0.29374999999999996,6962.3551025390625,4700,1,0.29374999999999996,2604.2120361328125,3007,3007,3007,3007,3007,3007,3007,3007,3007,3007,3007,3007,4690,4691,3007,3007,3007,4690,3007,3007,3007,3007,3007,4690,0,0,0,0,0,0,0,0,0,0,0,0,0,0,0,0,0,0,0,0,0,0,0,0,66481098752,12884893696,1602969600,0
99,1780596464074,56512.251708984375,4700,1,0.29374999999999996,6928.504180908203,4700,1,0.29374999999999996,6791.102249145508,4700,1,0.29374999999999996,11679.215637207031,4700,1,0.29374999999999996,45047.213638305664,4700,1,0.29374999999999996,37238.67935180664,4700,1,0.29374999999999996,46417.81675720215,4700,1,0.29374999999999996,28550.840591430664,4700,1,0.29374999999999996,7265.550765991211,4700,1,0.29374999999999996,7154.081741333008,4700,1,0.29374999999999996,6746.0198974609375,4700,1,0.29374999999999996,6962.358047485352,4700,1,0.29374999999999996,2606.7413482666016,3007,3007,3007,3007,3007,3007,3007,3007,3007,3007,3007,3007,4690,4691,3007,3007,3007,4690,3007,3007,3007,3007,3007,4690,0,0,0,0,0,0,0,0,0,0,0,0,0,0,0,0,0,0,0,0,0,0,0,0,66481098752,12884893696,1602969600,0
99,1780596464174,56512.25521850586,4700,1,0.29374999999999996,6928.507232666016,4700,1,0.29374999999999996,6791.104949951172,4700,1,0.29374999999999996,11679.218780517578,4700,1,0.29374999999999996,45047.216735839844,4700,1,0.29374999999999996,37238.68244934082,4700,1,0.29374999999999996,46417.83283996582,4700,1,0.29374999999999996,28550.84373474121,4700,1,0.29374999999999996,7265.554153442383,4700,1,0.29374999999999996,7154.085144042969,4700,1,0.29374999999999996,6746.021514892578,4700,1,0.29374999999999996,6962.361083984375,4700,1,0.29374999999999996,2609.0234985351563,3007,3007,3007,3007,3007,3007,3007,3007,3007,3007,3007,3007,4690,4691,3007,3007,3007,4690,3007,3007,3007,3007,3007,4690,0,0,0,0,0,0,0,0,0,0,0,0,0,0,0,0,0,0,0,0,0,0,0,0,66481098752,12884893696,1602969600,0
99,1780596464275,56512.25848388672,4700,1,0.29374999999999996,6928.510589599609,4700,1,0.29374999999999996,6791.10969543457,4700,1,0.29374999999999996,11679.22233581543,4700,1,0.29374999999999996,45047.21983337402,4700,1,0.29374999999999996,37238.68601989746,4700,1,0.29374999999999996,46417.849700927734,4700,1,0.29374999999999996,28550.847274780273,4700,1,0.29374999999999996,7265.557403564453,4700,1,0.29374999999999996,7154.088027954102,4700,1,0.29374999999999996,6746.024810791016,4700,1,0.29374999999999996,6962.367858886719,4700,1,0.29374999999999996,2611.4021759033203,3007,3007,3007,3007,3007,3007,3007,3007,3007,3007,3007,3007,4690,4691,3007,3007,3007,4690,3007,3007,3007,3007,3007,4690,0,0,0,0,0,0,0,0,0,0,0,0,0,0,0,0,0,0,0,0,0,0,0,0,66481098752,12884893696,1602969600,0
100,1780596464375,56512.26200866699,4700,1,0.30000000000000004,6928.513717651367,4700,1,0.30000000000000004,6791.11262512207,4700,1,0.30000000000000004,11679.225540161133,4700,1,0.30000000000000004,45047.224182128906,4700,1,0.30000000000000004,37238.689453125,4700,1,0.30000000000000004,46417.868591308594,4700,1,0.30000000000000004,28550.850479125977,4700,1,0.30000000000000004,7265.560485839844,4700,1,0.30000000000000004,7154.090362548828,4700,1,0.30000000000000004,6746.026473999023,4700,1,0.30000000000000004,6962.370864868164,4700,1,0.30000000000000004,2613.7473907470703,3007,3007,3007,3007,3007,3007,3007,3007,3007,3007,3007,3007,4690,4691,3007,3007,3007,4690,3007,3007,3007,3007,3007,4690,0,0,0,0,0,0,0,0,0,0,0,0,0,0,0,0,0,0,0,0,0,0,0,0,66481098752,12884893696,1602969600,0
100,1780596464475,56512.26266479492,4700,1,0.29374999999999996,6928.516738891602,4700,1,0.30000000000000004,6791.115142822266,4700,1,0.30000000000000004,11679.228729248047,4700,1,0.29374999999999996,45047.227767944336,4700,1,0.29374999999999996,37238.69268798828,4700,1,0.29374999999999996,46417.88830566406,4700,1,0.29374999999999996,28550.853607177734,4700,1,0.29374999999999996,7265.563552856445,4700,1,0.29374999999999996,7154.0924072265625,4700,1,0.29374999999999996,6746.028091430664,4700,1,0.29374999999999996,6962.373886108398,4700,1,0.30000000000000004,2616.002899169922,3007,3007,3007,3007,3007,3007,3007,3007,3007,3007,3007,3007,4690,4691,3007,3007,3007,4690,3007,3007,3007,3007,3007,4690,0,0,0,0,0,0,0,0,0,0,0,0,0,0,0,0,0,0,0,0,0,0,0,0,66481098752,12884893696,1602969600,0
99,1780596464575,56512.268493652344,4700,1,0.29374999999999996,6928.519912719727,4700,1,0.30000000000000004,6791.117599487305,4700,1,0.30000000000000004,11679.231826782227,4700,1,0.29374999999999996,45047.230865478516,4700,1,0.29374999999999996,37238.69584655762,4700,1,0.29374999999999996,46417.90328979492,4700,1,0.29374999999999996,28550.856704711914,4700,1,0.29374999999999996,7265.566589355469,4700,1,0.29374999999999996,7154.0943603515625,4700,1,0.30000000000000004,6746.030044555664,4700,1,0.30000000000000004,6962.376922607422,4700,1,0.30000000000000004,2618.2640991210938,3007,3007,3007,3007,3007,3007,3007,3007,3007,3007,3007,3007,4690,4691,3007,3007,3007,4690,3007,3007,3007,3007,3007,4690,0,0,0,0,0,0,0,0,0,0,0,0,0,0,0,0,0,0,0,0,0,0,0,0,66481098752,12884893696,1602969600,0
99,1780596464676,56512.27177429199,4700,1,0.29374999999999996,6928.522903442383,4700,1,0.30000000000000004,6791.13313293457,4700,1,0.30000000000000004,11679.234924316406,4700,1,0.29374999999999996,45047.23400878906,4700,1,0.29374999999999996,37238.69903564453,4700,1,0.29374999999999996,46417.91688537598,4700,1,0.29374999999999996,28550.859802246094,4700,1,0.29374999999999996,7265.569580078125,4700,1,0.29374999999999996,7154.096466064453,4700,1,0.29374999999999996,6746.031677246094,4700,1,0.29374999999999996,6962.380340576172,4700,1,0.30000000000000004,2620.775833129883,3007,3007,3007,3007,3007,3007,3007,3007,3007,3007,3007,3007,4690,4691,3007,3007,3007,4690,3007,3007,3007,3007,3007,4690,0,0,0,0,0,0,0,0,0,0,0,0,0,0,0,0,0,0,4.761904716491699,0,0,0,0,0,66481098752,12884893696,1602969600,0
100,1780596464776,56512.27551269531,4700,1,0.29374999999999996,6928.527847290039,4700,1,0.30000000000000004,6791.140228271484,4700,1,0.30000000000000004,11679.238006591797,4700,1,0.29374999999999996,45047.23745727539,4700,1,0.29374999999999996,37238.70231628418,4700,1,0.29374999999999996,46417.93380737305,4700,1,0.29374999999999996,28550.862899780273,4700,1,0.29374999999999996,7265.572677612305,4700,1,0.29374999999999996,7154.098739624023,4700,1,0.29374999999999996,6746.034637451172,4700,1,0.29374999999999996,6962.385589599609,4700,1,0.29374999999999996,2623.4620666503906,3007,3007,3007,3007,3007,3007,3007,3007,3007,3007,3007,3007,4690,4691,3007,3007,3007,4690,3007,3007,3007,3007,3007,4690,0,0,0,0,0,0,0,0,0,0,0,0,0,0,0,0,0,0,4.761904716491699,0,0,0,0,0,66481098752,12884893696,1602969600,0
100,1780596464876,56512.27880859375,4700,1,0.29374999999999996,6928.530990600586,4700,1,0.30000000000000004,6791.142974853516,4700,1,0.30000000000000004,11679.241165161133,4700,1,0.29374999999999996,45047.24055480957,4700,1,0.29374999999999996,37238.70541381836,4700,1,0.29374999999999996,46417.95701599121,4700,1,0.29374999999999996,28550.865997314453,4700,1,0.29374999999999996,7265.575714111328,4700,1,0.30000000000000004,7154.100799560547,4700,1,0.30000000000000004,6746.036651611328,4700,1,0.30000000000000004,6962.392822265625,4700,1,0.30000000000000004,2625.6849365234375,3007,3007,3007,3007,3007,3007,3007,3007,3007,3007,3007,3007,4690,4691,3007,3007,3007,4690,3007,3007,3007,3007,3007,4690,0,0,0,0,0,0,0,0,0,0,0,0,0,0,0,4.761904716491699,0,0,0,0,0,0,0,0,66481098752,12884893696,1602969600,0
100,1780596464976,56512.28234863281,4700,1,0.30000000000000004,6928.53401184082,4700,1,0.30000000000000004,6791.145294189453,4700,1,0.30000000000000004,11679.244262695313,4700,1,0.30000000000000004,45047.24365234375,4700,1,0.30000000000000004,37238.708892822266,4700,1,0.30000000000000004,46417.9825592041,4700,1,0.30000000000000004,28550.869094848633,4700,1,0.30000000000000004,7265.5787353515625,4700,1,0.30000000000000004,7154.102798461914,4700,1,0.30000000000000004,6746.038223266602,4700,1,0.30000000000000004,6962.396179199219,4700,1,0.30000000000000004,2627.9313049316406,3007,3007,3007,3007,3007,3007,3007,3007,3007,3007,3007,3007,4690,4691,3007,3007,3007,4690,3007,3007,3007,3007,3007,4690,0,0,0,0,0,0,0,0,0,0,0,0,0,0,0,4.761904716491699,0,0,0,0,0,0,0,0,66481098752,12884893696,1602969600,0
99,1780596465077,56512.28578186035,4700,1,0.29374999999999996,6928.537307739258,4700,1,0.29374999999999996,6791.147552490234,4700,1,0.29374999999999996,11679.247360229492,4700,1,0.29374999999999996,45047.24674987793,4700,1,0.29374999999999996,37238.71229553223,4700,1,0.29374999999999996,46418.003158569336,4700,1,0.29374999999999996,28550.872268676758,4700,1,0.29374999999999996,7265.581787109375,4700,1,0.29374999999999996,7154.104843139648,4700,1,0.29374999999999996,6746.039794921875,4700,1,0.29374999999999996,6962.399597167969,4700,1,0.29374999999999996,2630.1384887695313,3007,3007,3007,3007,3007,3007,3007,3007,3007,3007,3007,3007,4690,4691,3007,3007,3007,4690,3007,3007,3007,3007,3007,4690,0,0,0,0,0,0,0,0,0,0,0,0,0,0,0,0,0,0,0,0,0,0,0,0,66481098752,12884893696,1602969600,0
99,1780596465177,56512.28921508789,4700,1,0.29374999999999996,6928.540481567383,4700,1,0.29374999999999996,6791.149856567383,4700,1,0.29374999999999996,11679.251052856445,4700,1,0.29374999999999996,45047.24984741211,4700,1,0.29374999999999996,37238.71560668945,4700,1,0.29374999999999996,46418.0186920166,4700,1,0.29374999999999996,28550.875366210938,4700,1,0.29374999999999996,7265.584823608398,4700,1,0.29374999999999996,7154.107086181641,4700,1,0.29374999999999996,6746.041366577148,4700,1,0.29374999999999996,6962.402816772461,4700,1,0.29374999999999996,2632.485855102539,3007,3007,3007,3007,3007,3007,3007,3007,3007,3007,3007,3007,4690,4691,3007,3007,3007,4690,3007,3007,3007,3007,3007,4690,0,0,0,0,0,0,0,0,0,0,0,0,0,0,0,0,0,0,0,0,0,0,0,0,66481098752,12884893696,1602969600,0
99,1780596465277,56512.29277038574,4700,1,0.30000000000000004,6928.543670654297,4700,1,0.30000000000000004,6791.155670166016,4700,1,0.30000000000000004,11679.254150390625,4700,1,0.30000000000000004,45047.253494262695,4700,1,0.30000000000000004,37238.71928405762,4700,1,0.30000000000000004,46418.03416442871,4700,1,0.30000000000000004,28550.87857055664,4700,1,0.30000000000000004,7265.587921142578,4700,1,0.30000000000000004,7154.108932495117,4700,1,0.30000000000000004,6746.045425415039,4700,1,0.30000000000000004,6962.405960083008,4700,1,0.30000000000000004,2634.956039428711,3007,3007,3007,3007,3007,3007,3007,3007,3007,3007,3007,3007,4690,4691,3007,3007,3007,4690,3007,3007,3007,3007,3007,4690,0,0,0,0,0,0,0,0,0,0,0,0,0,0,4.761904716491699,0,0,0,0,0,0,0,0,0,66481098752,12884893696,1602969600,0
99,1780596465378,56512.29606628418,4700,1,0.29374999999999996,6928.547164916992,4700,1,0.29374999999999996,6791.15754699707,4700,1,0.29374999999999996,11679.257247924805,4700,1,0.29374999999999996,45047.256591796875,4700,1,0.29374999999999996,37238.7223815918,4700,1,0.29374999999999996,46418.04789733887,4700,1,0.29374999999999996,28550.88166809082,4700,1,0.29374999999999996,7265.590881347656,4700,1,0.29374999999999996,7154.110565185547,4700,1,0.29374999999999996,6746.047073364258,4700,1,0.29374999999999996,6962.408874511719,4700,1,0.29374999999999996,2637.3471069335938,3007,3007,3007,3007,3007,3007,3007,3007,3007,3007,3007,3007,4690,4691,3007,3007,3007,4690,3007,3007,3007,3007,3007,4690,0,0,0,0,0,0,0,0,0,0,0,0,0,0,4.761904716491699,0,0,0,0,0,0,0,0,0,66481098752,12884893696,1602969600,0
99,1780596465478,56512.29962158203,4700,1,0.29374999999999996,6928.550231933594,4700,1,0.29374999999999996,6791.159622192383,4700,1,0.29374999999999996,11679.260711669922,4700,1,0.29374999999999996,45047.26007080078,4700,1,0.29374999999999996,37238.7257232666,4700,1,0.29374999999999996,46418.0691986084,4700,1,0.29374999999999996,28550.88507080078,4700,1,0.29374999999999996,7265.594223022461,4700,1,0.29374999999999996,7154.112701416016,4700,1,0.29374999999999996,6746.048690795898,4700,1,0.29374999999999996,6962.411956787109,4700,1,0.29374999999999996,2639.471481323242,3007,3007,3007,3007,3007,3007,3007,3007,3007,3007,3007,3007,4690,4691,3007,3007,3007,4690,3007,3007,3007,3007,3007,4690,0,0,0,0,0,0,0,0,0,0,0,0,0,0,0,0,0,0,0,0,0,0,0,0,66481098752,12884893696,1602969600,0
99,1780596465578,56512.3030090332,4700,1,0.30000000000000004,6928.553802490234,4700,1,0.30000000000000004,6791.16259765625,4700,1,0.30000000000000004,11679.26399230957,4700,1,0.30000000000000004,45047.26330566406,4700,1,0.30000000000000004,37238.72946166992,4700,1,0.30000000000000004,46418.087814331055,4700,1,0.30000000000000004,28550.888763427734,4700,1,0.30000000000000004,7265.597549438477,4700,1,0.30000000000000004,7154.11491394043,4700,1,0.30000000000000004,6746.050262451172,4700,1,0.30000000000000004,6962.414901733398,4700,1,0.30000000000000004,2641.8731842041016,3007,3007,3007,3007,3007,3007,3007,3007,3007,3007,3007,3007,4690,4691,3007,3007,3007,4690,3007,3007,3007,3007,3007,4690,0,0,0,0,0,0,0,0,0,0,0,0,0,0,0,0,0,0,0,0,0,0,0,0,66481098752,12884893696,1602969600,0
99,1780596465678,56512.30619812012,4700,1,0.29374999999999996,6928.556976318359,4700,1,0.29374999999999996,6791.180480957031,4700,1,0.29374999999999996,11679.267105102539,4700,1,0.29374999999999996,45047.266510009766,4700,1,0.29374999999999996,37238.73420715332,4700,1,0.29374999999999996,46418.10543823242,4700,1,0.29374999999999996,28550.89192199707,4700,1,0.29374999999999996,7265.600601196289,4700,1,0.29374999999999996,7154.116653442383,4700,1,0.29374999999999996,6746.051834106445,4700,1,0.29374999999999996,6962.417755126953,4700,1,0.29374999999999996,2644.5424041748047,3007,3007,3007,3007,3007,3007,3007,3007,3007,3007,3007,3007,4690,4691,3007,3007,3007,4690,3007,3007,3007,3007,3007,4690,0,0,0,0,0,0,0,0,0,0,0,0,0,0,0,0,0,0,0,0,0,0,0,0,66481098752,12884893696,1602969600,0
99,1780596465778,56512.316146850586,4700,1,0.30000000000000004,6928.560089111328,4700,1,0.30000000000000004,6791.185760498047,4700,1,0.30000000000000004,11679.270202636719,4700,1,0.30000000000000004,45047.26969909668,4700,1,0.30000000000000004,37238.739166259766,4700,1,0.30000000000000004,46418.11349487305,4700,1,0.30000000000000004,28550.89532470703,4700,1,0.30000000000000004,7265.603713989258,4700,1,0.30000000000000004,7154.118698120117,4700,1,0.30000000000000004,6746.061248779297,4700,1,0.30000000000000004,6962.420806884766,4700,1,0.30000000000000004,2646.972381591797,3007,3007,3007,3007,3007,3007,3007,3007,3007,3007,3007,3007,4690,4691,3007,3007,3007,4690,3007,3007,3007,3007,3007,4690,0,0,0,0,0,0,0,0,0,0,0,0,0,0,0,0,0,0,0,0,0,0,0,0,66481098752,12884893696,1602969600,0
99,1780596465879,56512.32228088379,4700,1,0.29374999999999996,6928.56315612793,4700,1,0.29374999999999996,6791.188232421875,4700,1,0.30000000000000004,11679.273391723633,4700,1,0.29374999999999996,45047.272888183594,4700,1,0.29374999999999996,37238.76022338867,4700,1,0.29374999999999996,46418.117446899414,4700,1,0.29374999999999996,28550.898468017578,4700,1,0.29374999999999996,7265.606872558594,4700,1,0.29374999999999996,7154.120513916016,4700,1,0.29374999999999996,6746.06282043457,4700,1,0.29374999999999996,6962.423873901367,4700,1,0.29374999999999996,2649.1929626464844,3007,3007,3007,3007,3007,3007,3007,3007,3007,3007,3007,3007,4690,4691,3007,3007,3007,4690,3007,3007,3007,3007,3007,4690,0,0,0,0,0,0,0,0,0,0,0,0,0,0,0,0,0,0,0,0,0,0,0,0,66481098752,12884893696,1602969600,0
100,1780596465979,56512.32392883301,4700,1,0.29374999999999996,6928.56623840332,4700,1,0.29374999999999996,6791.190536499023,4700,1,0.30000000000000004,11679.274841308594,4700,1,0.29374999999999996,45047.274337768555,4700,1,0.29374999999999996,37238.76336669922,4700,1,0.29374999999999996,46418.13153076172,4700,1,0.29374999999999996,28550.90170288086,4700,1,0.29374999999999996,7265.609909057617,4700,1,0.29374999999999996,7154.12255859375,4700,1,0.29374999999999996,6746.064453125,4700,1,0.29374999999999996,6962.426971435547,4700,1,0.29374999999999996,2651.4634552001953,3007,3007,3007,3007,3007,3007,3007,3007,3007,3007,3007,3007,4690,4691,3007,3007,3007,4690,3007,3007,3007,3007,3007,4690,0,0,0,0,0,0,0,0,0,0,0,0,0,0,0,0,0,0,0,0,0,0,0,0,66481098752,12884893696,1602932736,0
100,1780596466079,56512.328872680664,4700,1,0.29374999999999996,6928.569259643555,4700,1,0.30000000000000004,6791.192489624023,4700,1,0.30000000000000004,11679.280044555664,4700,1,0.29374999999999996,45047.27917480469,4700,1,0.29374999999999996,37238.7664642334,4700,1,0.29374999999999996,46418.148040771484,4700,1,0.29374999999999996,28550.904861450195,4700,1,0.29374999999999996,7265.612945556641,4700,1,0.30000000000000004,7154.124465942383,4700,1,0.30000000000000004,6746.066024780273,4700,1,0.30000000000000004,6962.43000793457,4700,1,0.30000000000000004,2653.6969299316406,3007,3007,3007,3007,3007,3007,3007,3007,3007,3007,3007,3007,4690,4691,3007,3007,3007,4690,3007,3007,3007,3007,3007,4690,0,0,0,0,0,0,0,0,0,0,0,0,0,0,0,0,0,0,0,0,0,0,0,0,66481098752,12884893696,1602932736,0
100,1780596466180,56512.33204650879,4700,1,0.30000000000000004,6928.57243347168,4700,1,0.30000000000000004,6791.195022583008,4700,1,0.30000000000000004,11679.28352355957,4700,1,0.30000000000000004,45047.28227233887,4700,1,0.30000000000000004,37238.769958496094,4700,1,0.30000000000000004,46418.16938781738,4700,1,0.30000000000000004,28550.907958984375,4700,1,0.30000000000000004,7265.615936279297,4700,1,0.30000000000000004,7154.126373291016,4700,1,0.30000000000000004,6746.067901611328,4700,1,0.30000000000000004,6962.433288574219,4700,1,0.30000000000000004,2655.9449005126953,3007,3007,3007,3007,3007,3007,3007,3007,3007,3007,3007,3007,4690,4691,3007,3007,3007,4690,3007,3007,3007,3007,3007,4690,0,0,0,0,0,0,0,0,0,0,0,0,0,0,0,0,0,0,0,0,0,0,0,0,66481098752,12884893696,1602932736,0
99,1780596466280,56512.3356628418,4700,1,0.30000000000000004,6928.575698852539,4700,1,0.30000000000000004,6791.198486328125,4700,1,0.30000000000000004,11679.286666870117,4700,1,0.30000000000000004,45047.28536987305,4700,1,0.30000000000000004,37238.77310180664,4700,1,0.30000000000000004,46418.18632507324,4700,1,0.30000000000000004,28550.91131591797,4700,1,0.30000000000000004,7265.61930847168,4700,1,0.30000000000000004,7154.128814697266,4700,1,0.30000000000000004,6746.073715209961,4700,1,0.30000000000000004,6962.436386108398,4700,1,0.30000000000000004,2658.394256591797,3007,3007,3007,3007,3007,3007,3007,3007,3007,3007,3007,3007,4690,4691,3007,3007,3007,4690,3007,3007,3007,3007,3007,4690,0,0,0,0,0,0,0,0,0,0,0,0,0,0,0,0,0,0,0,0,0,4.761904716491699,0,0,66481098752,12884893696,1602932736,0
99,1780596466380,56512.34080505371,4700,1,0.30000000000000004,6928.585952758789,4700,1,0.30000000000000004,6791.207901000977,4700,1,0.30000000000000004,11679.296569824219,4700,1,0.30000000000000004,45047.294204711914,4700,1,0.30000000000000004,37238.78594970703,4700,1,0.30000000000000004,46418.21310424805,4700,1,0.30000000000000004,28550.92123413086,4700,1,0.30000000000000004,7265.624420166016,4700,1,0.30000000000000004,7154.138168334961,4700,1,0.30000000000000004,6746.082443237305,4700,1,0.30000000000000004,6962.446151733398,4700,1,0.30000000000000004,2660.9737243652344,3007,3007,3007,3007,3007,3007,3007,3007,3007,3007,3007,3007,4690,4691,3007,3007,3007,4690,3007,3007,3007,3007,3007,4690,0,0,0,0,0,0,0,0,0,0,0,0,0,0,0,0,0,0,0,0,0,4.761904716491699,0,0,66481098752,12884893696,1598357504,0
99,1780596466481,56512.347595214844,4700,1,0.30000000000000004,6928.588912963867,4700,1,0.30000000000000004,6791.209716796875,4700,1,0.30000000000000004,11679.299667358398,4700,1,0.30000000000000004,45047.297302246094,4700,1,0.30000000000000004,37238.798904418945,4700,1,0.30000000000000004,46418.22882080078,4700,1,0.30000000000000004,28550.92433166504,4700,1,0.30000000000000004,7265.627395629883,4700,1,0.30000000000000004,7154.139755249023,4700,1,0.30000000000000004,6746.084014892578,4700,1,0.30000000000000004,6962.449127197266,4700,1,0.30000000000000004,2663.278366088867,3007,3007,3007,3007,3007,3007,3007,3007,3007,3007,3007,3007,4690,4691,3007,3007,3007,4690,3007,3007,3007,3007,3007,4690,0,0,0,0,0,0,0,0,0,0,0,0,0,0,0,0,0,0,0,0,0,0,0,0,66481098752,12884893696,1598365696,0
99,1780596466581,56512.35110473633,4700,1,0.29374999999999996,6928.591888427734,4700,1,0.29374999999999996,6791.211822509766,4700,1,0.29374999999999996,11679.302810668945,4700,1,0.29374999999999996,45047.30044555664,4700,1,0.29374999999999996,37238.80204772949,4700,1,0.29374999999999996,46418.24464416504,4700,1,0.29374999999999996,28550.927764892578,4700,1,0.29374999999999996,7265.630401611328,4700,1,0.29374999999999996,7154.141738891602,4700,1,0.29374999999999996,6746.086029052734,4700,1,0.29374999999999996,6962.452407836914,4700,1,0.29374999999999996,2665.698043823242,3007,3007,3007,3007,3007,3007,3007,3007,3007,3007,3007,3007,4690,4691,3007,3007,3007,4690,3007,3007,3007,3007,3007,4690,0,0,0,0,0,0,0,0,0,0,0,0,0,0,0,0,0,0,0,0,0,0,0,0,66481098752,12884893696,1598365696,0
99,1780596466681,56512.35433959961,4700,1,0.30000000000000004,6928.594787597656,4700,1,0.30000000000000004,6791.216445922852,4700,1,0.30000000000000004,11679.305908203125,4700,1,0.30000000000000004,45047.30354309082,4700,1,0.30000000000000004,37238.80514526367,4700,1,0.30000000000000004,46418.25996398926,4700,1,0.30000000000000004,28550.930862426758,4700,1,0.30000000000000004,7265.633331298828,4700,1,0.30000000000000004,7154.143463134766,4700,1,0.30000000000000004,6746.087692260742,4700,1,0.30000000000000004,6962.456359863281,4700,1,0.30000000000000004,2668.1476440429688,3007,3007,3007,3007,3007,3007,3007,3007,3007,3007,3007,3007,4690,4691,3007,3007,3007,4690,3007,3007,3007,3007,3007,4690,0,0,0,4.761904716491699,0,0,0,0,0,0,0,0,0,0,0,0,0,0,0,0,0,0,0,0,66481098752,12884893696,1598001152,0
99,1780596466781,56512.35829162598,4700,1,0.30000000000000004,6928.59831237793,4700,1,0.30000000000000004,6791.219039916992,4700,1,0.30000000000000004,11679.309204101563,4700,1,0.30000000000000004,45047.306640625,4700,1,0.30000000000000004,37238.8084564209,4700,1,0.30000000000000004,46418.277755737305,4700,1,0.30000000000000004,28550.933959960938,4700,1,0.30000000000000004,7265.636474609375,4700,1,0.30000000000000004,7154.1453857421875,4700,1,0.30000000000000004,6746.091018676758,4700,1,0.30000000000000004,6962.46061706543,4700,1,0.30000000000000004,2670.6199493408203,3007,3007,3007,3007,3007,3007,3007,3007,3007,3007,3007,3007,4690,4691,3007,3007,3007,4690,3007,3007,3007,3007,3007,4690,0,0,0,4.761904716491699,0,0,0,0,0,0,0,0,0,0,0,0,0,0,0,0,0,0,0,0,66481098752,12884893696,1598001152,0
99,1780596466882,56512.3614654541,4700,1,0.29374999999999996,6928.601577758789,4700,1,0.29374999999999996,6791.2208251953125,4700,1,0.29374999999999996,11679.312362670898,4700,1,0.29374999999999996,45047.30973815918,4700,1,0.29374999999999996,37238.81155395508,4700,1,0.29374999999999996,46418.30517578125,4700,1,0.29374999999999996,28550.937118530273,4700,1,0.29374999999999996,7265.639541625977,4700,1,0.29374999999999996,7154.147003173828,4700,1,0.29374999999999996,6746.092681884766,4700,1,0.29374999999999996,6962.464080810547,4700,1,0.29374999999999996,2672.8764038085938,3007,3007,3007,3007,3007,3007,3007,3007,3007,3007,3007,3007,4690,4691,3007,3007,3007,4690,3007,3007,3007,3007,3007,4690,0,0,0,0,0,0,0,0,0,0,0,0,0,0,0,0,0,0,5,0,0,0,0,4.761904716491699,66481098752,12884893696,1598083072,0
99,1780596466982,56512.36470031738,4700,1,0.30000000000000004,6928.604537963867,4700,1,0.30000000000000004,6791.222915649414,4700,1,0.30000000000000004,11679.315460205078,4700,1,0.30000000000000004,45047.31283569336,4700,1,0.30000000000000004,37238.81524658203,4700,1,0.30000000000000004,46418.32775878906,4700,1,0.30000000000000004,28550.940704345703,4700,1,0.30000000000000004,7265.642578125,4700,1,0.30000000000000004,7154.148574829102,4700,1,0.30000000000000004,6746.094268798828,4700,1,0.30000000000000004,6962.467056274414,4700,1,0.30000000000000004,2675.142074584961,3007,3007,3007,3007,3007,3007,3007,3007,3007,3007,3007,3007,4690,4691,3007,3007,3007,4690,3007,3007,3007,3007,3007,4690,0,0,0,0,0,0,0,0,0,0,0,0,0,0,0,0,0,0,5,0,0,0,0,4.761904716491699,66481098752,12884893696,1598083072,0
100,1780596467082,56512.367935180664,4700,1,0.30000000000000004,6928.607482910156,4700,1,0.30000000000000004,6791.2381591796875,4700,1,0.30000000000000004,11679.318557739258,4700,1,0.30000000000000004,45047.31593322754,4700,1,0.30000000000000004,37238.819244384766,4700,1,0.30000000000000004,46418.348205566406,4700,1,0.30000000000000004,28550.944595336914,4700,1,0.30000000000000004,7265.645568847656,4700,1,0.30000000000000004,7154.150161743164,4700,1,0.30000000000000004,6746.095840454102,4700,1,0.30000000000000004,6962.470031738281,4700,1,0.30000000000000004,2677.393569946289,3007,3007,3007,3007,3007,3007,3007,3007,3007,3007,3007,3007,4690,4691,3007,3007,3007,4690,3007,3007,3007,3007,3007,4690,0,0,0,0,0,0,0,0,0,0,0,0,0,0,0,0,0,0,4.761904716491699,0,0,0,0,0,66481098752,12884893696,1598083072,0
100,1780596467182,56512.36882019043,4700,1,0.29374999999999996,6928.610488891602,4700,1,0.29374999999999996,6791.240570068359,4700,1,0.30000000000000004,11679.319244384766,4700,1,0.29374999999999996,45047.31655883789,4700,1,0.29374999999999996,37238.82237243652,4700,1,0.29374999999999996,46418.36729431152,4700,1,0.29374999999999996,28550.947692871094,4700,1,0.29374999999999996,7265.648635864258,4700,1,0.29374999999999996,7154.151947021484,4700,1,0.29374999999999996,6746.097412109375,4700,1,0.29374999999999996,6962.473037719727,4700,1,0.29374999999999996,2679.6612701416016,3007,3007,3007,3007,3007,3007,3007,3007,3007,3007,3007,3007,4690,4691,3007,3007,3007,4690,3007,3007,3007,3007,3007,4690,0,0,0,0,0,0,0,0,0,0,0,0,0,0,0,0,0,0,4.761904716491699,0,0,0,0,0,66481098752,12884893696,1598083072,0
100,1780596467283,56512.37651062012,4700,1,0.29374999999999996,6928.613754272461,4700,1,0.30000000000000004,6791.243423461914,4700,1,0.30000000000000004,11679.325271606445,4700,1,0.29374999999999996,45047.32215881348,4700,1,0.29374999999999996,37238.826400756836,4700,1,0.29374999999999996,46418.3805847168,4700,1,0.29374999999999996,28550.95132446289,4700,1,0.29374999999999996,7265.652084350586,4700,1,0.30000000000000004,7154.15412902832,4700,1,0.30000000000000004,6746.108612060547,4700,1,0.30000000000000004,6962.475982666016,4700,1,0.30000000000000004,2682.1807250976563,3007,3007,3007,3007,3007,3007,3007,3007,3007,3007,3007,3007,4690,4691,3007,3007,3007,4690,3007,3007,3007,3007,3007,4690,0,0,0,0,0,0,0,0,0,0,0,0,0,0,0,0,0,0,0,0,0,0,0,0,66481098752,12884893696,1598083072,0
99,1780596467383,56512.37973022461,4700,1,0.29374999999999996,6928.616760253906,4700,1,0.29374999999999996,6791.245178222656,4700,1,0.29374999999999996,11679.32878112793,4700,1,0.29374999999999996,45047.32548522949,4700,1,0.29374999999999996,37238.82995605469,4700,1,0.29374999999999996,46418.39797973633,4700,1,0.29374999999999996,28550.95442199707,4700,1,0.29374999999999996,7265.65510559082,4700,1,0.29374999999999996,7154.155746459961,4700,1,0.29374999999999996,6746.11018371582,4700,1,0.29374999999999996,6962.478988647461,4700,1,0.29374999999999996,2684.414276123047,3007,3007,3007,3007,3007,3007,3007,3007,3007,3007,3007,3007,4690,4691,3007,3007,3007,4690,3007,3007,3007,3007,3007,4690,0,0,0,0,0,0,0,0,0,0,0,0,0,0,0,0,0,0,0,0,0,0,0,0,66481098752,12884893696,1598083072,0
100,1780596467483,56512.38299560547,4700,1,0.29374999999999996,6928.619720458984,4700,1,0.30000000000000004,6791.24690246582,4700,1,0.30000000000000004,11679.331924438477,4700,1,0.29374999999999996,45047.32858276367,4700,1,0.30000000000000004,37238.83305358887,4700,1,0.30000000000000004,46418.41639709473,4700,1,0.30000000000000004,28550.95751953125,4700,1,0.30000000000000004,7265.6580810546875,4700,1,0.30000000000000004,7154.157333374023,4700,1,0.30000000000000004,6746.112258911133,4700,1,0.30000000000000004,6962.481948852539,4700,1,0.30000000000000004,2686.644805908203,3007,3007,3007,3007,3007,3007,3007,3007,3007,3007,3007,3007,4690,4691,3007,3007,3007,4690,3007,3007,3007,3007,3007,4690,0,0,0,0,0,0,0,0,0,0,0,0,0,0,0,0,0,0,0,0,0,0,0,0,66481098752,12884893696,1598083072,0
100,1780596467584,56512.386169433594,4700,1,0.30000000000000004,6928.622802734375,4700,1,0.30000000000000004,6791.248764038086,4700,1,0.30000000000000004,11679.335021972656,4700,1,0.30000000000000004,45047.33168029785,4700,1,0.30000000000000004,37238.836196899414,4700,1,0.30000000000000004,46418.43099975586,4700,1,0.30000000000000004,28550.960662841797,4700,1,0.30000000000000004,7265.6611328125,4700,1,0.30000000000000004,7154.158966064453,4700,1,0.30000000000000004,6746.116760253906,4700,1,0.30000000000000004,6962.4849853515625,4700,1,0.30000000000000004,2688.8740844726563,3007,3007,3007,3007,3007,3007,3007,3007,3007,3007,3007,3007,4690,4691,3007,3007,3007,4690,3007,3007,3007,3007,3007,4690,0,0,0,0,0,0,0,0,0,0,0,0,0,0,0,0,0,0,0,0,0,0,0,0,66481098752,12884893696,1598083072,0
99,1780596467684,56512.389404296875,4700,1,0.30000000000000004,6928.625625610352,4700,1,0.30000000000000004,6791.252365112305,4700,1,0.30000000000000004,11679.338119506836,4700,1,0.30000000000000004,45047.33477783203,4700,1,0.30000000000000004,37238.839294433594,4700,1,0.30000000000000004,46418.445541381836,4700,1,0.30000000000000004,28550.963760375977,4700,1,0.30000000000000004,7265.664093017578,4700,1,0.30000000000000004,7154.160568237305,4700,1,0.30000000000000004,6746.11833190918,4700,1,0.30000000000000004,6962.487899780273,4700,1,0.30000000000000004,2691.224884033203,3007,3007,3007,3007,3007,3007,3007,3007,3007,3007,3007,3007,4690,4691,3007,3007,3007,4690,3007,3007,3007,3007,3007,4690,0,0,0,0,0,0,0,0,0,0,0,0,0,0,0,0,0,0,0,0,0,0,0,0,66481098752,12884893696,1598083072,0
99,1780596467784,56512.511947631836,4700,1,0.30000000000000004,6928.672943115234,4700,1,0.30000000000000004,6791.285339355469,4700,1,0.30000000000000004,11679.364547729492,4700,1,0.30000000000000004,45047.352111816406,4700,1,0.30000000000000004,37238.880599975586,4700,1,0.30000000000000004,46418.502670288086,4700,1,0.30000000000000004,28551.010696411133,4700,1,0.30000000000000004,7265.6971435546875,4700,1,0.30000000000000004,7154.184600830078,4700,1,0.30000000000000004,6746.137771606445,4700,1,0.30000000000000004,6962.509567260742,4700,1,0.30000000000000004,2694.4366760253906,3007,3007,3007,3007,3007,3007,3007,3007,3007,3007,3007,3007,4690,4691,3007,3007,3007,4690,3007,3007,3007,3007,3007,4690,0,0,0,0,0,0,0,0,0,0,0,0,0,0,0,0,0,0,0,0,0,0,0,0,66481098752,12884893696,1607503872,0
99,1780596467884,56512.544174194336,4700,1,0.30000000000000004,6928.676895141602,4700,1,0.30000000000000004,6791.289321899414,4700,1,0.30000000000000004,11679.36962890625,4700,1,0.30000000000000004,45047.355529785156,4700,1,0.30000000000000004,37238.885177612305,4700,1,0.30000000000000004,46418.518783569336,4700,1,0.30000000000000004,28551.014755249023,4700,1,0.30000000000000004,7265.700485229492,4700,1,0.30000000000000004,7154.193344116211,4700,1,0.30000000000000004,6746.139358520508,4700,1,0.30000000000000004,6962.513580322266,4700,1,0.30000000000000004,2697.0770874023438,3007,3007,3007,3007,3007,3007,3007,3007,3007,3007,3007,3007,4690,4691,3007,3007,3007,4690,3007,3007,3007,3007,3007,4690,5.263157844543457,0,0,0,0,0,0,0,0,0,0,0,0,0,0,0,4.761904716491699,4.761904716491699,9.523809432983398,0,0,0,0,4.761904716491699,66481098752,12884893696,1607462912,0
99,1780596467985,56512.5479888916,4700,1,0.30000000000000004,6928.679901123047,4700,1,0.30000000000000004,6791.29167175293,4700,1,0.30000000000000004,11679.373016357422,4700,1,0.30000000000000004,45047.358627319336,4700,1,0.30000000000000004,37238.88864135742,4700,1,0.30000000000000004,46418.53121948242,4700,1,0.30000000000000004,28551.017852783203,4700,1,0.30000000000000004,7265.7034912109375,4700,1,0.30000000000000004,7154.195236206055,4700,1,0.30000000000000004,6746.14094543457,4700,1,0.30000000000000004,6962.516571044922,4700,1,0.30000000000000004,2699.303237915039,3007,3007,3007,3007,3007,3007,3007,3007,3007,3007,3007,3007,4690,4691,3007,3007,3007,4690,3007,3007,3007,3007,3007,4690,5.263157844543457,0,0,0,0,0,0,0,0,0,0,0,0,0,0,0,4.761904716491699,4.761904716491699,9.523809432983398,0,0,0,0,4.761904716491699,66481098752,12884893696,1607462912,0
99,1780596468085,56512.55116271973,4700,1,0.30000000000000004,6928.682861328125,4700,1,0.30000000000000004,6791.293991088867,4700,1,0.30000000000000004,11679.376113891602,4700,1,0.30000000000000004,45047.361724853516,4700,1,0.30000000000000004,37238.8917388916,4700,1,0.30000000000000004,46418.55308532715,4700,1,0.30000000000000004,28551.020950317383,4700,1,0.30000000000000004,7265.706481933594,4700,1,0.30000000000000004,7154.196914672852,4700,1,0.30000000000000004,6746.142517089844,4700,1,0.30000000000000004,6962.51953125,4700,1,0.30000000000000004,2701.567886352539,3007,3007,3007,3007,3007,3007,3007,3007,3007,3007,3007,3007,4690,4691,3007,3007,3007,4690,3007,3007,3007,3007,3007,4690,0,0,0,0,0,0,0,0,0,0,0,0,0,0,0,0,0,0,0,0,0,0,0,0,66481098752,12884893696,1607462912,0
99,1780596468185,56512.55435180664,4700,1,0.29374999999999996,6928.685882568359,4700,1,0.29374999999999996,6791.295959472656,4700,1,0.29374999999999996,11679.379211425781,4700,1,0.29374999999999996,45047.364822387695,4700,1,0.29374999999999996,37238.89483642578,4700,1,0.29374999999999996,46418.572174072266,4700,1,0.29374999999999996,28551.024047851563,4700,1,0.29374999999999996,7265.709518432617,4700,1,0.29374999999999996,7154.1986083984375,4700,1,0.29374999999999996,6746.144119262695,4700,1,0.29374999999999996,6962.522567749023,4700,1,0.29374999999999996,2703.7658081054688,3007,3007,3007,3007,3007,3007,3007,3007,3007,3007,3007,3007,4690,4691,3007,3007,3007,4690,3007,3007,3007,3007,3007,4690,0,0,0,0,0,0,0,0,0,0,0,0,0,0,0,0,0,0,0,0,0,0,0,0,66481098752,12884893696,1607462912,0
99,1780596468285,56512.62104797363,4700,1,0.30000000000000004,6928.719940185547,4700,1,0.30000000000000004,6791.360458374023,4700,1,0.30000000000000004,11679.401245117188,4700,1,0.30000000000000004,45047.41192626953,4700,1,0.30000000000000004,37238.948013305664,4700,1,0.30000000000000004,46418.64337158203,4700,1,0.30000000000000004,28551.066970825195,4700,1,0.30000000000000004,7265.782302856445,4700,1,0.30000000000000004,7154.232116699219,4700,1,0.30000000000000004,6746.183776855469,4700,1,0.30000000000000004,6962.5579833984375,4700,1,0.30000000000000004,2707.3890686035156,3007,3007,3007,3007,3007,3007,3007,3007,3007,3007,3007,3007,4690,4691,3007,3007,3007,4690,3007,3007,3007,3007,3007,4690,4.761904716491699,0,0,0,0,0,0,0,0,0,0,0,4.761904716491699,0,0,0,0,0,0,0,0,0,0,0,66481098752,12884893696,1615851520,0
99,1780596468385,56512.93322753906,4700,1,0.30000000000000004,6928.781875610352,4700,1,0.30000000000000004,6791.4326171875,4700,1,0.30000000000000004,11679.525207519531,4700,1,0.30000000000000004,45047.608657836914,4700,1,0.30000000000000004,37239.135162353516,4700,1,0.30000000000000004,46418.88780212402,4700,1,0.30000000000000004,28551.513290405273,4700,1,0.30000000000000004,7265.805221557617,4700,1,0.30000000000000004,7154.299774169922,4700,1,0.30000000000000004,6746.211334228516,4700,1,0.30000000000000004,6962.586120605469,4700,1,0.30000000000000004,2712.0379333496094,3007,3007,3007,3007,3007,3007,3007,3007,3007,3007,3007,3007,4690,4691,3007,3007,3007,4690,3007,3007,3007,3007,3007,4690,4.761904716491699,0,0,0,0,0,0,0,0,0,0,0,4.761904716491699,0,0,0,0,0,0,0,0,0,0,0,66481098752,12884893696,1622269952,0
99,1780596468485,56513.26300048828,4700,1,0.3062499999999999,6928.795745849609,4700,1,0.3062499999999999,6791.451278686523,4700,1,0.3062499999999999,11679.735366821289,4700,1,0.3062499999999999,45047.785247802734,4700,1,0.3062499999999999,37239.3701171875,4700,1,0.3062499999999999,46419.04933166504,4700,1,0.3062499999999999,28551.875778198242,4700,1,0.3062499999999999,7265.81379699707,4700,1,0.3062499999999999,7154.349502563477,4700,1,0.3062499999999999,6746.230072021484,4700,1,0.3062499999999999,6962.60107421875,4700,1,0.3062499999999999,2716.5516357421875,3007,3007,3007,3007,3007,3007,3007,3007,3007,3007,3007,3007,4690,4691,3007,3007,3007,4690,3007,3007,3007,3007,3007,4690,45,5,0,5,20,10,5.263157844543457,10.526315689086914,19.047618865966797,21.052631378173828,0,0,10,0,0,0,5,5.263157844543457,13.636363983154297,60.000003814697266,0,0,0,0,66481098752,12884893696,1632915456,0
99,1780596468585,56513.86181640625,4700,1,0.3062499999999999,6928.797927856445,4700,1,0.3062499999999999,6791.465972900391,4700,1,0.3062499999999999,11680.122436523438,4700,1,0.3062499999999999,45048.17395019531,4700,1,0.3062499999999999,37239.73077392578,4700,1,0.3062499999999999,46419.4102935791,4700,1,0.3062499999999999,28552.517669677734,4700,1,0.3062499999999999,7265.826232910156,4700,1,0.3062499999999999,7154.359710693359,4700,1,0.3062499999999999,6746.231872558594,4700,1,0.3062499999999999,6962.603927612305,4700,1,0.3062499999999999,2722.2636108398438,3007,3007,3007,3007,3007,3007,3007,3007,3007,3007,3007,3007,4690,4691,3007,3007,3007,4690,3007,3007,3007,3007,3007,4690,45,5,0,5,20,10,5.263157844543457,10.526315689086914,19.047618865966797,21.052631378173828,0,0,10,0,0,0,5,5.263157844543457,13.636363983154297,60.000003814697266,0,0,0,0,66481098752,12884893696,1637584896,0
99,1780596468686,56514.45147705078,4700,1,0.30000000000000004,6928.8009033203125,4700,1,0.3062499999999999,6791.481002807617,4700,1,0.3062499999999999,11680.464614868164,4700,1,0.30000000000000004,45048.53952026367,4700,1,0.30000000000000004,37240.113677978516,4700,1,0.30000000000000004,46419.773529052734,4700,1,0.30000000000000004,28553.186950683594,4700,1,0.30000000000000004,7265.829406738281,4700,1,0.30000000000000004,7154.465621948242,4700,1,0.30000000000000004,6746.233489990234,4700,1,0.3062499999999999,6962.607025146484,4700,1,0.3062499999999999,2728.0267486572266,3007,3007,3007,3007,3007,3007,3007,3007,3007,3007,3007,3007,4690,4691,3007,3007,3007,4690,3007,3007,3007,3007,3007,4690,45,5,0,5,20,10,5.263157844543457,10.526315689086914,19.047618865966797,21.052631378173828,0,0,10,0,0,0,5,5.263157844543457,13.636363983154297,60.000003814697266,0,0,0,0,66481098752,12884893696,1636134912,0
99,1780596468786,56515.04348754883,4700,1,0.3062499999999999,6928.803985595703,4700,1,0.3062499999999999,6791.482772827148,4700,1,0.3062499999999999,11680.813613891602,4700,1,0.3062499999999999,45048.94256591797,4700,1,0.3062499999999999,37240.458572387695,4700,1,0.3062499999999999,46420.117599487305,4700,1,0.3062499999999999,28553.865203857422,4700,1,0.3062499999999999,7265.832473754883,4700,1,0.3062499999999999,7154.666900634766,4700,1,0.3062499999999999,6746.235061645508,4700,1,0.3062499999999999,6962.610107421875,4700,1,0.3062499999999999,2733.7998809814453,3007,3007,3007,3007,3007,3007,3007,3007,3007,3007,3007,3007,4690,4691,3007,3007,3007,4690,3007,3007,3007,3007,3007,4690,84.61538696289063,21.428571701049805,0,0,24.137929916381836,10.344827651977539,14.285715103149414,22.580644607543945,21.428571701049805,42.85714340209961,0,0,21.428571701049805,0,0,0,0,14.285715103149414,10.714285850524902,100,0,3.3333334922790527,0,0,66481098752,12884893696,1633677312,0
99,1780596468886,56515.620864868164,4700,1,0.3062499999999999,6928.807067871094,4700,1,0.3062499999999999,6791.484786987305,4700,1,0.3062499999999999,11681.20881652832,4700,1,0.3062499999999999,45049.36227416992,4700,1,0.3062499999999999,37240.83793640137,4700,1,0.3062499999999999,46420.29086303711,4700,1,0.3062499999999999,28554.539321899414,4700,1,0.3062499999999999,7265.8355712890625,4700,1,0.3062499999999999,7154.834991455078,4700,1,0.3062499999999999,6746.236770629883,4700,1,0.3062499999999999,6962.6131591796875,4700,1,0.3062499999999999,2739.522476196289,3007,3007,3007,3007,3007,3007,3007,3007,3007,3007,3007,3007,4690,4691,3007,3007,3007,4690,3007,3007,3007,3007,3007,4690,84.61538696289063,21.428571701049805,0,0,24.137929916381836,10.344827651977539,14.285715103149414,22.580644607543945,21.428571701049805,42.85714340209961,0,0,21.428571701049805,0,0,0,0,14.285715103149414,10.714285850524902,100,0,3.3333334922790527,0,0,66481098752,12884893696,1637560320,0
99,1780596468986,56516.229095458984,4700,1,0.30000000000000004,6928.810150146484,4700,1,0.30000000000000004,6791.487030029297,4700,1,0.30000000000000004,11681.619689941406,4700,1,0.30000000000000004,45049.67663574219,4700,1,0.30000000000000004,37241.205993652344,4700,1,0.30000000000000004,46420.696685791016,4700,1,0.30000000000000004,28555.21159362793,4700,1,0.30000000000000004,7265.8387451171875,4700,1,0.30000000000000004,7154.842300415039,4700,1,0.30000000000000004,6746.238494873047,4700,1,0.30000000000000004,6962.616271972656,4700,1,0.30000000000000004,2745.22265625,3007,3007,3007,3007,3007,3007,3007,3007,3007,3007,3007,3007,4690,4691,3007,3007,3007,4690,3007,3007,3007,3007,3007,4690,88.23529815673828,20,0,0,25,22.22222328186035,21.052631378173828,11.111111640930176,10,44.4444465637207,0,0,20,0,0,0,0,20,15.789472579956055,100,0,0,0,0,66481098752,12884893696,1633845248,0
99,1780596469086,56516.81901550293,4700,1,0.3062499999999999,6928.813201904297,4700,1,0.3062499999999999,6791.493148803711,4700,1,0.3062499999999999,11682.013717651367,4700,1,0.3062499999999999,45050.01957702637,4700,1,0.3062499999999999,37241.54069519043,4700,1,0.3062499999999999,46421.16781616211,4700,1,0.3062499999999999,28555.892059326172,4700,1,0.3062499999999999,7265.841827392578,4700,1,0.3062499999999999,7154.844100952148,4700,1,0.3062499999999999,6746.240081787109,4700,1,0.3062499999999999,6962.619323730469,4700,1,0.3062499999999999,2750.8851165771484,3007,3007,3007,3007,3007,3007,3007,3007,3007,3007,3007,3007,4690,4691,3007,3007,3007,4690,3007,3007,3007,3007,3007,4690,88.23529815673828,20,0,0,25,22.22222328186035,21.052631378173828,11.111111640930176,10,44.4444465637207,0,0,20,0,0,0,0,20,15.789472579956055,100,0,0,0,0,66481098752,12884893696,1621643264,0
99,1780596469186,56517.41180419922,4700,1,0.3062499999999999,6928.8162841796875,4700,1,0.3062499999999999,6791.495681762695,4700,1,0.3062499999999999,11682.399505615234,4700,1,0.3062499999999999,45050.40419006348,4700,1,0.3062499999999999,37241.988220214844,4700,1,0.3062499999999999,46421.549255371094,4700,1,0.3062499999999999,28556.550842285156,4700,1,0.3062499999999999,7265.845108032227,4700,1,0.3062499999999999,7154.84602355957,4700,1,0.3062499999999999,6746.241775512695,4700,1,0.3062499999999999,6962.622406005859,4700,1,0.3062499999999999,2756.6280364990234,3007,3007,3007,3007,3007,3007,3007,3007,3007,3007,3007,3007,4690,4691,3007,3007,3007,4690,3007,3007,3007,3007,3007,4690,85.71428680419922,22.72727394104004,0,0,15.789472579956055,17.647058486938477,26.3157901763916,20,23.52941131591797,52.38095474243164,0,0,5.263157844543457,0,0,0,0,21.052631378173828,16.666667938232422,100,0,0,0,0,66481098752,12884893696,1622687744,0
99,1780596469286,56518.01582336426,4700,1,0.3062499999999999,6928.819366455078,4700,1,0.3062499999999999,6791.507110595703,4700,1,0.3062499999999999,11682.758102416992,4700,1,0.3062499999999999,45050.78373718262,4700,1,0.3062499999999999,37242.37046813965,4700,1,0.3062499999999999,46421.92988586426,4700,1,0.3062499999999999,28557.240295410156,4700,1,0.3062499999999999,7265.848220825195,4700,1,0.3062499999999999,7154.848159790039,4700,1,0.3062499999999999,6746.24365234375,4700,1,0.3062499999999999,6962.62548828125,4700,1,0.3062499999999999,2762.288375854492,3007,3007,3007,3007,3007,3007,3007,3007,3007,3007,3007,3007,4690,4691,3007,3007,3007,4690,3007,3007,3007,3007,3007,4690,85.71428680419922,22.72727394104004,0,0,15.789472579956055,17.647058486938477,26.3157901763916,20,23.52941131591797,52.38095474243164,0,0,5.263157844543457,0,0,0,0,21.052631378173828,16.666667938232422,100,0,0,0,0,66481098752,12884893696,1615937536,0
99,1780596469386,56518.608978271484,4700,1,0.30000000000000004,6928.822509765625,4700,1,0.3062499999999999,6791.510162353516,4700,1,0.3062499999999999,11682.995162963867,4700,1,0.30000000000000004,45051.22267150879,4700,1,0.3062499999999999,37242.71923828125,4700,1,0.3062499999999999,46422.35771179199,4700,1,0.3062499999999999,28557.91194152832,4700,1,0.3062499999999999,7265.851470947266,4700,1,0.3062499999999999,7154.850387573242,4700,1,0.3062499999999999,6746.245666503906,4700,1,0.3062499999999999,6962.628570556641,4700,1,0.3062499999999999,2767.9912719726563,3007,3007,3007,3007,3007,3007,3007,3007,3007,3007,3007,3007,4690,4691,3007,3007,3007,4690,3007,3007,3007,3007,3007,4690,88.23529815673828,0,0,0,26.3157901763916,15.000000953674316,35,12.5,26.3157901763916,41.17647171020508,0,0,5.555555820465088,0,0,0,0,5.263157844543457,5.555555820465088,100,0,0,0,0,66481098752,12884893696,1615532032,0
99,1780596469486,56519.20903015137,4700,1,0.3062499999999999,6928.825622558594,4700,1,0.3062499999999999,6791.518264770508,4700,1,0.3062499999999999,11683.050384521484,4700,1,0.3062499999999999,45051.681411743164,4700,1,0.3062499999999999,37243.08316040039,4700,1,0.3062499999999999,46422.80725097656,4700,1,0.3062499999999999,28558.59210205078,4700,1,0.3062499999999999,7265.854553222656,4700,1,0.3062499999999999,7154.853088378906,4700,1,0.3062499999999999,6746.24787902832,4700,1,0.3062499999999999,6962.631729125977,4700,1,0.3062499999999999,2773.5947875976563,3007,3007,3007,3007,3007,3007,3007,3007,3007,3007,3007,3007,4690,4691,3007,3007,3007,4690,3007,3007,3007,3007,3007,4690,88.23529815673828,0,0,0,26.3157901763916,15.000000953674316,35,12.5,26.3157901763916,41.17647171020508,0,0,5.555555820465088,0,0,0,0,5.263157844543457,5.555555820465088,100,0,0,0,0,66481098752,12884893696,1617461248,0
99,1780596469586,56519.78840637207,4700,1,0.3062499999999999,6928.828704833984,4700,1,0.3062499999999999,6791.521347045898,4700,1,0.3062499999999999,11683.277877807617,4700,1,0.3062499999999999,45052.13119506836,4700,1,0.3062499999999999,37243.43446350098,4700,1,0.3062499999999999,46423.24528503418,4700,1,0.3062499999999999,28559.272186279297,4700,1,0.3062499999999999,7265.857681274414,4700,1,0.3062499999999999,7154.85578918457,4700,1,0.3062499999999999,6746.250244140625,4700,1,0.3062499999999999,6962.634811401367,4700,1,0.3062499999999999,2779.209014892578,3007,3007,3007,3007,3007,3007,3007,3007,3007,3007,3007,3007,4690,4691,3007,3007,3007,4690,3007,3007,3007,3007,3007,4690,85.71428680419922,0,0,0,11.111111640930176,13.636363983154297,26.3157901763916,13.636363983154297,35,44.4444465637207,0,0,31.57894515991211,0,0,0,0,27.77777862548828,21.052631378173828,100,0,0,0,0,66481098752,12884893696,1613082624,0
99,1780596469686,56520.4065246582,4700,1,0.30000000000000004,6928.831848144531,4700,1,0.30000000000000004,6791.529479980469,4700,1,0.30000000000000004,11683.528228759766,4700,1,0.30000000000000004,45052.49598693848,4700,1,0.30000000000000004,37243.87316894531,4700,1,0.30000000000000004,46423.67921447754,4700,1,0.30000000000000004,28559.951782226563,4700,1,0.30000000000000004,7265.860870361328,4700,1,0.30000000000000004,7154.858200073242,4700,1,0.30000000000000004,6746.252410888672,4700,1,0.30000000000000004,6962.637924194336,4700,1,0.30000000000000004,2784.8885192871094,3007,3007,3007,3007,3007,3007,3007,3007,3007,3007,3007,3007,4690,4691,3007,3007,3007,4690,3007,3007,3007,3007,3007,4690,85.71428680419922,0,0,0,11.111111640930176,13.636363983154297,26.3157901763916,13.636363983154297,35,44.4444465637207,0,0,31.57894515991211,0,0,0,0,27.77777862548828,21.052631378173828,100,0,0,0,0,66481098752,12884893696,1610575872,0
99,1780596469786,56520.97395324707,4700,1,0.3062499999999999,6928.834899902344,4700,1,0.3062499999999999,6791.532516479492,4700,1,0.3062499999999999,11683.839477539063,4700,1,0.3062499999999999,45052.86033630371,4700,1,0.3062499999999999,37244.31317138672,4700,1,0.3062499999999999,46424.1120300293,4700,1,0.3062499999999999,28560.634246826172,4700,1,0.3062499999999999,7265.8681640625,4700,1,0.3062499999999999,7154.860946655273,4700,1,0.3062499999999999,6746.254638671875,4700,1,0.3062499999999999,6962.641006469727,4700,1,0.3062499999999999,2790.5528564453125,3007,3007,3007,3007,3007,3007,3007,3007,3007,3007,3007,3007,4690,4691,3007,3007,3007,4690,3007,3007,3007,3007,3007,4690,89.47368621826172,14.285715103149414,0,0,28.571430206298828,0,0,12.5,31.57894515991211,50,0,0,31.57894515991211,0,0,0,0,17.647058486938477,21.052631378173828,100,0,0,0,0,66481098752,12884893696,1611251712,0
99,1780596469886,56521.57638549805,4700,1,0.3062499999999999,6928.837966918945,4700,1,0.3062499999999999,6791.53581237793,4700,1,0.3062499999999999,11684.210433959961,4700,1,0.3062499999999999,45053.1833190918,4700,1,0.3062499999999999,37244.74136352539,4700,1,0.3062499999999999,46424.518966674805,4700,1,0.3062499999999999,28561.322189331055,4700,1,0.3062499999999999,7265.871536254883,4700,1,0.3062499999999999,7154.86393737793,4700,1,0.3062499999999999,6746.257232666016,4700,1,0.3062499999999999,6962.644088745117,4700,1,0.3062499999999999,2796.277359008789,3007,3007,3007,3007,3007,3007,3007,3007,3007,3007,3007,3007,4690,4691,3007,3007,3007,4690,3007,3007,3007,3007,3007,4690,89.47368621826172,14.285715103149414,0,0,28.571430206298828,0,0,12.5,31.57894515991211,50,0,0,31.57894515991211,0,0,0,0,17.647058486938477,21.052631378173828,100,0,0,0,0,66481098752,12884893696,1615228928,0
99,1780596469986,56522.18165588379,4700,1,0.3062499999999999,6928.841049194336,4700,1,0.3062499999999999,6791.53889465332,4700,1,0.3062499999999999,11684.55158996582,4700,1,0.3062499999999999,45053.614822387695,4700,1,0.3062499999999999,37245.14710998535,4700,1,0.3062499999999999,46424.792541503906,4700,1,0.3062499999999999,28562.014739990234,4700,1,0.3062499999999999,7265.874618530273,4700,1,0.3062499999999999,7154.866836547852,4700,1,0.3062499999999999,6746.259796142578,4700,1,0.3062499999999999,6962.647171020508,4700,1,0.3062499999999999,2801.848434448242,3007,3007,3007,3007,3007,3007,3007,3007,3007,3007,3007,3007,4690,4691,3007,3007,3007,4690,3007,3007,3007,3007,3007,4690,84.21052551269531,11.111111640930176,0,0,22.22222328186035,15.789472579956055,0,16.666667938232422,15.789472579956055,50,0,0,30.000001907348633,0,0,0,0,21.052631378173828,10.526315689086914,100,0,0,0,0,66481098752,12884893696,1607819264,0
99,1780596470086,56522.82048034668,4700,1,0.3062499999999999,6928.844131469727,4700,1,0.3062499999999999,6791.541976928711,4700,1,0.3062499999999999,11684.793258666992,4700,1,0.3062499999999999,45054.09313964844,4700,1,0.3062499999999999,37245.58833312988,4700,1,0.3062499999999999,46425.07554626465,4700,1,0.3062499999999999,28562.672882080078,4700,1,0.3062499999999999,7265.882461547852,4700,1,0.3062499999999999,7154.869918823242,4700,1,0.3062499999999999,6746.262405395508,4700,1,0.3062499999999999,6962.650253295898,4700,1,0.3062499999999999,2807.507797241211,3007,3007,3007,3007,3007,3007,3007,3007,3007,3007,3007,3007,4690,4691,3007,3007,3007,4690,3007,3007,3007,3007,3007,4690,84.21052551269531,11.111111640930176,0,0,22.22222328186035,15.789472579956055,0,16.666667938232422,15.789472579956055,50,0,0,30.000001907348633,0,0,0,0,21.052631378173828,10.526315689086914,100,0,0,0,0,66481098752,12884893696,1604091904,0
99,1780596470186,56523.428649902344,4700,1,0.3062499999999999,6928.847213745117,4700,1,0.3062499999999999,6791.545120239258,4700,1,0.3062499999999999,11685.06266784668,4700,1,0.3062499999999999,45054.53903198242,4700,1,0.3062499999999999,37246.08135986328,4700,1,0.3062499999999999,46425.33103942871,4700,1,0.3062499999999999,28563.35952758789,4700,1,0.3062499999999999,7265.885681152344,4700,1,0.3062499999999999,7154.872711181641,4700,1,0.3062499999999999,6746.264633178711,4700,1,0.3062499999999999,6962.653335571289,4700,1,0.3062499999999999,2813.233856201172,3007,3007,3007,3007,3007,3007,3007,3007,3007,3007,3007,3007,4690,4691,3007,3007,3007,4690,3007,3007,3007,3007,3007,4690,89.47368621826172,0,0,0,35,11.111111640930176,35,23.52941131591797,0,38.88888931274414,0,0,22.22222328186035,0,0,0,0,26.3157901763916,11.111111640930176,100,0,0,0,0,66481098752,12884893696,1596059648,0
99,1780596470286,56523.99026489258,4700,1,0.30000000000000004,6928.850296020508,4700,1,0.30000000000000004,6791.548416137695,4700,1,0.30000000000000004,11685.321197509766,4700,1,0.30000000000000004,45055.0002746582,4700,1,0.30000000000000004,37246.501693725586,4700,1,0.30000000000000004,46425.71731567383,4700,1,0.30000000000000004,28564.02928161621,4700,1,0.30000000000000004,7265.888824462891,4700,1,0.30000000000000004,7154.875579833984,4700,1,0.30000000000000004,6746.267074584961,4700,1,0.30000000000000004,6962.65641784668,4700,1,0.30000000000000004,2818.8829193115234,3007,3007,3007,3007,3007,3007,3007,3007,3007,3007,3007,3007,4690,4691,3007,3007,3007,4690,3007,3007,3007,3007,3007,4690,89.47368621826172,0,0,0,35,11.111111640930176,35,23.52941131591797,0,38.88888931274414,0,0,22.22222328186035,0,0,0,0,26.3157901763916,11.111111640930176,100,0,0,0,0,66481098752,12884893696,1599442944,0
99,1780596470386,56524.59503173828,4700,1,0.30000000000000004,6928.853378295898,4700,1,0.30000000000000004,6791.551559448242,4700,1,0.30000000000000004,11685.588607788086,4700,1,0.30000000000000004,45055.44493103027,4700,1,0.30000000000000004,37246.91923522949,4700,1,0.30000000000000004,46426.06837463379,4700,1,0.30000000000000004,28564.721969604492,4700,1,0.30000000000000004,7265.892059326172,4700,1,0.30000000000000004,7154.878402709961,4700,1,0.30000000000000004,6746.269424438477,4700,1,0.30000000000000004,6962.65950012207,4700,1,0.30000000000000004,2824.555221557617,3007,3007,3007,3007,3007,3007,3007,3007,3007,3007,3007,3007,4690,4691,3007,3007,3007,4690,3007,3007,3007,3007,3007,4690,82.35294342041016,0,0,0,11.764705657958984,10,28.571430206298828,22.22222328186035,0,50,0,0,31.57894515991211,0,0,0,0,23.809524536132813,31.57894515991211,100,0,0,0,0,66481098752,12884893696,1596051456,0
99,1780596470487,56525.21823120117,4700,1,0.3062499999999999,6928.856460571289,4700,1,0.3062499999999999,6791.554641723633,4700,1,0.3062499999999999,11685.867004394531,4700,1,0.3062499999999999,45055.88087463379,4700,1,0.3062499999999999,37247.32273864746,4700,1,0.3062499999999999,46426.4391784668,4700,1,0.3062499999999999,28565.40592956543,4700,1,0.3062499999999999,7265.8956298828125,4700,1,0.3062499999999999,7154.881454467773,4700,1,0.3062499999999999,6746.272048950195,4700,1,0.3062499999999999,6962.662551879883,4700,1,0.3062499999999999,2830.26953125,3007,3007,3007,3007,3007,3007,3007,3007,3007,3007,3007,3007,4690,4691,3007,3007,3007,4690,3007,3007,3007,3007,3007,4690,82.35294342041016,0,0,0,11.764705657958984,10,28.571430206298828,22.22222328186035,0,50,0,0,31.57894515991211,0,0,0,0,23.809524536132813,31.57894515991211,100,0,0,0,0,66481098752,12884893696,1596461056,0
99,1780596470587,56525.831481933594,4700,1,0.3062499999999999,6928.859634399414,4700,1,0.3062499999999999,6791.557754516602,4700,1,0.3062499999999999,11686.18002319336,4700,1,0.3062499999999999,45056.3268737793,4700,1,0.3062499999999999,37247.70249938965,4700,1,0.3062499999999999,46426.78337097168,4700,1,0.3062499999999999,28566.082778930664,4700,1,0.3062499999999999,7265.899017333984,4700,1,0.3062499999999999,7154.88444519043,4700,1,0.3062499999999999,6746.274475097656,4700,1,0.3062499999999999,6962.665740966797,4700,1,0.3062499999999999,2835.9351196289063,3007,3007,3007,3007,3007,3007,3007,3007,3007,3007,3007,3007,4690,4691,3007,3007,3007,4690,3007,3007,3007,3007,3007,4690,90,5,0,0,33.333335876464844,15.000000953674316,38.095237731933594,15.789472579956055,0,44.4444465637207,0,0,25,0,0,0,0,30.000001907348633,31.57894515991211,100,0,0,0,0,66481098752,12884893696,1598836736,0
99,1780596470687,56526.382232666016,4700,1,0.3062499999999999,6928.862762451172,4700,1,0.3062499999999999,6791.568649291992,4700,1,0.3062499999999999,11686.475509643555,4700,1,0.3062499999999999,45056.74348449707,4700,1,0.3062499999999999,37248.16847229004,4700,1,0.3062499999999999,46427.150955200195,4700,1,0.3062499999999999,28566.772079467773,4700,1,0.3062499999999999,7265.902313232422,4700,1,0.3062499999999999,7154.887405395508,4700,1,0.3062499999999999,6746.276992797852,4700,1,0.3062499999999999,6962.668869018555,4700,1,0.3062499999999999,2841.652053833008,3007,3007,3007,3007,3007,3007,3007,3007,3007,3007,3007,3007,4690,4691,3007,3007,3007,4690,3007,3007,3007,3007,3007,4690,90,5,0,0,33.333335876464844,15.000000953674316,38.095237731933594,15.789472579956055,0,44.4444465637207,0,0,25,0,0,0,0,30.000001907348633,31.57894515991211,100,0,0,0,0,66481098752,12884893696,1597685760,0
99,1780596470787,56526.983489990234,4700,1,0.3062499999999999,6928.8658447265625,4700,1,0.3062499999999999,6791.571731567383,4700,1,0.3062499999999999,11686.800521850586,4700,1,0.3062499999999999,45057.005950927734,4700,1,0.3062499999999999,37248.59378051758,4700,1,0.3062499999999999,46427.64540100098,4700,1,0.3062499999999999,28567.461944580078,4700,1,0.3062499999999999,7265.9053955078125,4700,1,0.3062499999999999,7154.89045715332,4700,1,0.3062499999999999,6746.279708862305,4700,1,0.3062499999999999,6962.671951293945,4700,1,0.3062499999999999,2847.3094940185547,3007,3007,3007,3007,3007,3007,3007,3007,3007,3007,3007,3007,4690,4691,3007,3007,3007,4690,3007,3007,3007,3007,3007,4690,83.33332824707031,10,0,0,5.555555820465088,16.666667938232422,11.111111640930176,26.3157901763916,30.000001907348633,47.05882263183594,0,0,10,0,0,0,0,25,25,100,0,0,0,0,66481098752,12884893696,1595932672,0
99,1780596470887,56527.54170227051,4700,1,0.30000000000000004,6928.868927001953,4700,1,0.3062499999999999,6791.57487487793,4700,1,0.3062499999999999,11687.176818847656,4700,1,0.30000000000000004,45057.29797363281,4700,1,0.30000000000000004,37249.005279541016,4700,1,0.30000000000000004,46428.111724853516,4700,1,0.30000000000000004,28568.15023803711,4700,1,0.30000000000000004,7265.908508300781,4700,1,0.3062499999999999,7154.893493652344,4700,1,0.3062499999999999,6746.282562255859,4700,1,0.3062499999999999,6962.675064086914,4700,1,0.3062499999999999,2853.003448486328,3007,3007,3007,3007,3007,3007,3007,3007,3007,3007,3007,3007,4690,4691,3007,3007,3007,4690,3007,3007,3007,3007,3007,4690,83.33332824707031,10,0,0,5.555555820465088,16.666667938232422,11.111111640930176,26.3157901763916,30.000001907348633,47.05882263183594,0,0,10,0,0,0,0,25,25,100,0,0,0,0,66481098752,12884893696,1592836096,0
99,1780596470987,56528.140396118164,4700,1,0.30000000000000004,6928.872009277344,4700,1,0.30000000000000004,6791.57795715332,4700,1,0.30000000000000004,11687.429885864258,4700,1,0.30000000000000004,45057.74154663086,4700,1,0.30000000000000004,37249.30409240723,4700,1,0.30000000000000004,46428.54992675781,4700,1,0.30000000000000004,28568.837326049805,4700,1,0.30000000000000004,7265.911590576172,4700,1,0.30000000000000004,7154.896453857422,4700,1,0.30000000000000004,6746.285217285156,4700,1,0.30000000000000004,6962.678146362305,4700,1,0.30000000000000004,2858.6585388183594,3007,3007,3007,3007,3007,3007,3007,3007,3007,3007,3007,3007,4690,4691,3007,3007,3007,4690,3007,3007,3007,3007,3007,4690,84.21052551269531,11.111111640930176,0,0,15.789472579956055,10.526315689086914,20,31.57894515991211,11.764705657958984,41.17647171020508,0,0,16.666667938232422,0,0,0,0,0,36.842105865478516,100,0,0,0,0,66481098752,12884893696,1600757760,0
99,1780596471087,56528.7596282959,4700,1,0.3062499999999999,6928.875091552734,4700,1,0.3062499999999999,6791.581100463867,4700,1,0.3062499999999999,11687.782104492188,4700,1,0.3062499999999999,45058.222564697266,4700,1,0.3062499999999999,37249.63145446777,4700,1,0.3062499999999999,46428.87251281738,4700,1,0.3062499999999999,28569.50685119629,4700,1,0.3062499999999999,7265.91471862793,4700,1,0.3062499999999999,7154.899475097656,4700,1,0.3062499999999999,6746.287750244141,4700,1,0.3062499999999999,6962.681198120117,4700,1,0.3062499999999999,2864.401092529297,3007,3007,3007,3007,3007,3007,3007,3007,3007,3007,3007,3007,4690,4691,3007,3007,3007,4690,3007,3007,3007,3007,3007,4690,84.21052551269531,11.111111640930176,0,0,15.789472579956055,10.526315689086914,20,31.57894515991211,11.764705657958984,41.17647171020508,0,0,16.666667938232422,0,0,0,0,0,36.842105865478516,100,0,0,0,0,66481098752,12884893696,1596448768,0
99,1780596471187,56529.329528808594,4700,1,0.30000000000000004,6928.878173828125,4700,1,0.30000000000000004,6791.584243774414,4700,1,0.30000000000000004,11688.192245483398,4700,1,0.30000000000000004,45058.647552490234,4700,1,0.30000000000000004,37249.892166137695,4700,1,0.30000000000000004,46429.295669555664,4700,1,0.30000000000000004,28570.198181152344,4700,1,0.30000000000000004,7265.91780090332,4700,1,0.30000000000000004,7154.902526855469,4700,1,0.30000000000000004,6746.290557861328,4700,1,0.30000000000000004,6962.684280395508,4700,1,0.30000000000000004,2870.1011505126953,3007,3007,3007,3007,3007,3007,3007,3007,3007,3007,3007,3007,4690,4691,3007,3007,3007,4690,3007,3007,3007,3007,3007,4690,88.23529815673828,0,0,0,25,26.3157901763916,27.77777862548828,21.052631378173828,15.789472579956055,50,0,0,21.052631378173828,0,0,0,0,4.761904716491699,20,100,0,0,0,0,66481098752,12884893696,1593962496,0
99,1780596471287,56529.97178649902,4700,1,0.3062499999999999,6928.8812255859375,4700,1,0.3062499999999999,6791.587417602539,4700,1,0.3062499999999999,11688.421630859375,4700,1,0.3062499999999999,45058.99499511719,4700,1,0.3062499999999999,37250.29179382324,4700,1,0.3062499999999999,46429.77102661133,4700,1,0.3062499999999999,28570.88523864746,4700,1,0.3062499999999999,7265.920883178711,4700,1,0.3062499999999999,7154.90559387207,4700,1,0.3062499999999999,6746.293518066406,4700,1,0.3062499999999999,6962.687362670898,4700,1,0.3062499999999999,2875.6838989257813,3007,3007,3007,3007,3007,3007,3007,3007,3007,3007,3007,3007,4690,4691,3007,3007,3007,4690,3007,3007,3007,3007,3007,4690,88.23529815673828,0,0,0,25,26.3157901763916,27.77777862548828,21.052631378173828,15.789472579956055,50,0,0,21.052631378173828,0,0,0,0,4.761904716491699,20,100,0,0,0,0,66481098752,12884893696,1600888832,0
99,1780596471387,56530.559310913086,4700,1,0.3062499999999999,6928.884323120117,4700,1,0.3062499999999999,6791.590591430664,4700,1,0.3062499999999999,11688.674911499023,4700,1,0.3062499999999999,45059.434143066406,4700,1,0.3062499999999999,37250.62971496582,4700,1,0.3062499999999999,46430.1901550293,4700,1,0.3062499999999999,28571.573791503906,4700,1,0.3062499999999999,7265.92399597168,4700,1,0.3062499999999999,7154.908721923828,4700,1,0.3062499999999999,6746.296417236328,4700,1,0.3062499999999999,6962.690490722656,4700,1,0.3062499999999999,2881.401809692383,3007,3007,3007,3007,3007,3007,3007,3007,3007,3007,3007,3007,4690,4691,3007,3007,3007,4690,3007,3007,3007,3007,3007,4690,84.21052551269531,5,0,0,26.3157901763916,14.285715103149414,21.052631378173828,15.789472579956055,33.333335876464844,47.36842346191406,0,0,15.789472579956055,0,0,0,0,16.666667938232422,16.666667938232422,100,0,0,0,0,66481098752,12884893696,1599451136,0
99,1780596471487,56531.13444519043,4700,1,0.3062499999999999,6928.887405395508,4700,1,0.3062499999999999,6791.593704223633,4700,1,0.3062499999999999,11689.087951660156,4700,1,0.3062499999999999,45059.90798950195,4700,1,0.3062499999999999,37250.976501464844,4700,1,0.3062499999999999,46430.5369720459,4700,1,0.3062499999999999,28572.25701904297,4700,1,0.3062499999999999,7265.927444458008,4700,1,0.3062499999999999,7154.911865234375,4700,1,0.3062499999999999,6746.299224853516,4700,1,0.3062499999999999,6962.693572998047,4700,1,0.3062499999999999,2887.150360107422,3007,3007,3007,3007,3007,3007,3007,3007,3007,3007,3007,3007,4690,4691,3007,3007,3007,4690,3007,3007,3007,3007,3007,4690,84.21052551269531,5,0,0,26.3157901763916,14.285715103149414,21.052631378173828,15.789472579956055,33.333335876464844,47.36842346191406,0,0,15.789472579956055,0,0,0,0,16.666667938232422,16.666667938232422,100,0,0,0,0,66481098752,12884893696,1597337600,0
99,1780596471587,56531.765213012695,4700,1,0.30000000000000004,6928.890487670898,4700,1,0.3062499999999999,6791.596786499023,4700,1,0.3062499999999999,11689.368682861328,4700,1,0.30000000000000004,45060.383529663086,4700,1,0.3062499999999999,37251.37887573242,4700,1,0.3062499999999999,46430.92770385742,4700,1,0.3062499999999999,28572.88233947754,4700,1,0.3062499999999999,7265.930938720703,4700,1,0.3062499999999999,7154.914932250977,4700,1,0.3062499999999999,6746.302108764648,4700,1,0.3062499999999999,6962.6966552734375,4700,1,0.3062499999999999,2892.963363647461,3007,3007,3007,3007,3007,3007,3007,3007,3007,3007,3007,3007,4690,4691,3007,3007,3007,4690,3007,3007,3007,3007,3007,4690,89.47368621826172,15.000000953674316,0,0,22.22222328186035,11.111111640930176,31.57894515991211,9.523809432983398,5.263157844543457,40,0,0,36.3636360168457,0,0,0,0,27.77777862548828,22.22222328186035,100,0,0,0,0,66481098752,12884893696,1599733760,0
99,1780596471687,56532.30499267578,4700,1,0.3062499999999999,6928.893569946289,4700,1,0.3062499999999999,6791.607330322266,4700,1,0.3062499999999999,11689.521789550781,4700,1,0.3062499999999999,45060.82313537598,4700,1,0.3062499999999999,37251.82319641113,4700,1,0.3062499999999999,46431.36575317383,4700,1,0.3062499999999999,28573.556350708008,4700,1,0.3062499999999999,7265.943893432617,4700,1,0.3062499999999999,7154.918014526367,4700,1,0.3062499999999999,6746.305099487305,4700,1,0.3062499999999999,6962.699737548828,4700,1,0.3062499999999999,2898.7086486816406,3007,3007,3007,3007,3007,3007,3007,3007,3007,3007,3007,3007,4690,4691,3007,3007,3007,4690,3007,3007,3007,3007,3007,4690,89.47368621826172,15.000000953674316,0,0,22.22222328186035,11.111111640930176,31.57894515991211,9.523809432983398,5.263157844543457,40,0,0,36.3636360168457,0,0,0,0,27.77777862548828,22.22222328186035,100,0,0,0,0,66481098752,12884893696,1598951424,0
99,1780596471787,56532.92231750488,4700,1,0.3062499999999999,6928.900238037109,4700,1,0.3062499999999999,6791.61213684082,4700,1,0.3062499999999999,11689.805618286133,4700,1,0.3062499999999999,45061.25190734863,4700,1,0.3062499999999999,37252.18469238281,4700,1,0.3062499999999999,46431.80822753906,4700,1,0.3062499999999999,28574.23681640625,4700,1,0.3062499999999999,7265.948745727539,4700,1,0.3062499999999999,7154.929977416992,4700,1,0.3062499999999999,6746.309631347656,4700,1,0.3062499999999999,6962.704513549805,4700,1,0.3062499999999999,2904.4633026123047,3007,3007,3007,3007,3007,3007,3007,3007,3007,3007,3007,3007,4690,4691,3007,3007,3007,4690,3007,3007,3007,3007,3007,4690,90,10.526315689086914,0,0,20,0,21.052631378173828,5.555555820465088,22.22222328186035,41.17647171020508,0,0,30.000001907348633,0,0,0,0,26.3157901763916,25,100,0,0,0,0,66481098752,12884893696,1598398464,0
99,1780596471887,56533.53775024414,4700,1,0.30000000000000004,6928.9033203125,4700,1,0.30000000000000004,6791.615325927734,4700,1,0.30000000000000004,11690.137176513672,4700,1,0.30000000000000004,45061.69219970703,4700,1,0.30000000000000004,37252.54132080078,4700,1,0.30000000000000004,46432.179748535156,4700,1,0.30000000000000004,28574.916213989258,4700,1,0.30000000000000004,7265.95182800293,4700,1,0.30000000000000004,7154.933044433594,4700,1,0.30000000000000004,6746.312423706055,4700,1,0.30000000000000004,6962.707565307617,4700,1,0.30000000000000004,2910.1919555664063,3007,3007,3007,3007,3007,3007,3007,3007,3007,3007,3007,3007,4690,4691,3007,3007,3007,4690,3007,3007,3007,3007,3007,4690,90,10.526315689086914,0,0,20,0,21.052631378173828,5.555555820465088,22.22222328186035,41.17647171020508,0,0,30.000001907348633,0,0,0,0,26.3157901763916,25,100,0,0,0,0,66481098752,12884893696,1596686336,0
99,1780596471987,56534.110610961914,4700,1,0.3062499999999999,6928.906402587891,4700,1,0.3062499999999999,6791.618377685547,4700,1,0.3062499999999999,11690.461074829102,4700,1,0.3062499999999999,45062.1315612793,4700,1,0.3062499999999999,37252.87956237793,4700,1,0.3062499999999999,46432.55372619629,4700,1,0.3062499999999999,28575.609268188477,4700,1,0.3062499999999999,7265.95491027832,4700,1,0.3062499999999999,7154.936096191406,4700,1,0.3062499999999999,6746.315338134766,4700,1,0.3062499999999999,6962.710647583008,4700,1,0.3062499999999999,2915.8643341064453,3007,3007,3007,3007,3007,3007,3007,3007,3007,3007,3007,3007,4690,4691,3007,3007,3007,4690,3007,3007,3007,3007,3007,4690,83.33332824707031,10,0,0,25,11.111111640930176,26.3157901763916,26.3157901763916,27.77777862548828,44.4444465637207,0,0,22.22222328186035,0,0,0,0,0,0,100,0,0,0,0,66481098752,12884893696,1605320704,0
99,1780596472087,56534.71064758301,4700,1,0.3062499999999999,6928.909484863281,4700,1,0.3062499999999999,6791.623138427734,4700,1,0.3062499999999999,11690.48600769043,4700,1,0.3062499999999999,45062.599533081055,4700,1,0.3062499999999999,37253.28256225586,4700,1,0.3062499999999999,46433.019271850586,4700,1,0.3062499999999999,28576.29833984375,4700,1,0.3062499999999999,7265.957992553711,4700,1,0.3062499999999999,7154.939163208008,4700,1,0.3062499999999999,6746.318008422852,4700,1,0.3062499999999999,6962.713729858398,4700,1,0.3062499999999999,2921.5773315429688,3007,3007,3007,3007,3007,3007,3007,3007,3007,3007,3007,3007,4690,4691,3007,3007,3007,4690,3007,3007,3007,3007,3007,4690,83.33332824707031,10,0,0,25,11.111111640930176,26.3157901763916,26.3157901763916,27.77777862548828,44.4444465637207,0,0,22.22222328186035,0,0,0,0,0,0,100,0,0,0,0,66481098752,12884893696,1601413120,0
99,1780596472187,56535.32164001465,4700,1,0.3062499999999999,6928.912567138672,4700,1,0.3062499999999999,6791.6263427734375,4700,1,0.3062499999999999,11690.640731811523,4700,1,0.3062499999999999,45063.04763793945,4700,1,0.3062499999999999,37253.74153137207,4700,1,0.3062499999999999,46433.41339111328,4700,1,0.3062499999999999,28576.975616455078,4700,1,0.3062499999999999,7265.961074829102,4700,1,0.3062499999999999,7154.942245483398,4700,1,0.3062499999999999,6746.321029663086,4700,1,0.3062499999999999,6962.716812133789,4700,1,0.3062499999999999,2927.332748413086,3007,3007,3007,3007,3007,3007,3007,3007,3007,3007,3007,3007,4690,4691,3007,3007,3007,4690,3007,3007,3007,3007,3007,4690,82.35294342041016,0,0,0,22.22222328186035,0,27.77777862548828,33.333335876464844,33.333335876464844,50,0,0,22.22222328186035,0,0,0,0,11.111111640930176,15.789472579956055,100,0,0,0,0,66481098752,12884893696,1599008768,0
99,1780596472287,56535.932357788086,4700,1,0.3062499999999999,6928.9156494140625,4700,1,0.3062499999999999,6791.629547119141,4700,1,0.3062499999999999,11690.715194702148,4700,1,0.3062499999999999,45063.37547302246,4700,1,0.3062499999999999,37254.22230529785,4700,1,0.3062499999999999,46433.89001464844,4700,1,0.3062499999999999,28577.648559570313,4700,1,0.3062499999999999,7265.964157104492,4700,1,0.3062499999999999,7154.945327758789,4700,1,0.3062499999999999,6746.324020385742,4700,1,0.3062499999999999,6962.71989440918,4700,1,0.3062499999999999,2932.9331817626953,3007,3007,3007,3007,3007,3007,3007,3007,3007,3007,3007,3007,4690,4691,3007,3007,3007,4690,3007,3007,3007,3007,3007,4690,82.35294342041016,0,0,0,22.22222328186035,0,27.77777862548828,33.333335876464844,33.333335876464844,50,0,0,22.22222328186035,0,0,0,0,11.111111640930176,15.789472579956055,100,0,0,0,0,66481098752,12884893696,1606733824,0
99,1780596472388,56536.54725646973,4700,1,0.30000000000000004,6928.918731689453,4700,1,0.3062499999999999,6791.632736206055,4700,1,0.3062499999999999,11690.972076416016,4700,1,0.30000000000000004,45063.75715637207,4700,1,0.30000000000000004,37254.560607910156,4700,1,0.30000000000000004,46434.339782714844,4700,1,0.30000000000000004,28578.334838867188,4700,1,0.30000000000000004,7265.967239379883,4700,1,0.30000000000000004,7154.94841003418,4700,1,0.30000000000000004,6746.327056884766,4700,1,0.3062499999999999,6962.72297668457,4700,1,0.3062499999999999,2938.630172729492,3007,3007,3007,3007,3007,3007,3007,3007,3007,3007,3007,3007,4690,4691,3007,3007,3007,4690,3007,3007,3007,3007,3007,4690,88.8888931274414,0,0,0,17.647058486938477,5.263157844543457,31.57894515991211,25,30.000001907348633,41.17647171020508,0,0,5,0,0,0,0,26.3157901763916,33.333335876464844,100,0,0,0,0,66481098752,12884893696,1605103616,0
99,1780596472488,56537.136138916016,4700,1,0.3062499999999999,6928.921813964844,4700,1,0.3062499999999999,6791.635818481445,4700,1,0.3062499999999999,11691.050277709961,4700,1,0.3062499999999999,45064.13116455078,4700,1,0.3062499999999999,37255.00076293945,4700,1,0.3062499999999999,46434.793365478516,4700,1,0.3062499999999999,28579.01187133789,4700,1,0.3062499999999999,7265.970321655273,4700,1,0.3062499999999999,7154.95149230957,4700,1,0.3062499999999999,6746.330062866211,4700,1,0.3062499999999999,6962.726058959961,4700,1,0.3062499999999999,2944.2984008789063,3007,3007,3007,3007,3007,3007,3007,3007,3007,3007,3007,3007,4690,4691,3007,3007,3007,4690,3007,3007,3007,3007,3007,4690,88.8888931274414,0,0,0,17.647058486938477,5.263157844543457,31.57894515991211,25,30.000001907348633,41.17647171020508,0,0,5,0,0,0,0,26.3157901763916,33.333335876464844,100,0,0,0,0,66481098752,12884893696,1600536576,0
99,1780596472588,56537.72708129883,4700,1,0.30000000000000004,6928.924896240234,4700,1,0.30000000000000004,6791.639022827148,4700,1,0.30000000000000004,11691.398834228516,4700,1,0.30000000000000004,45064.56669616699,4700,1,0.30000000000000004,37255.25386047363,4700,1,0.30000000000000004,46435.19738769531,4700,1,0.30000000000000004,28579.700729370117,4700,1,0.30000000000000004,7265.973373413086,4700,1,0.30000000000000004,7154.954544067383,4700,1,0.30000000000000004,6746.333053588867,4700,1,0.30000000000000004,6962.729110717773,4700,1,0.30000000000000004,2949.9432525634766,3007,3007,3007,3007,3007,3007,3007,3007,3007,3007,3007,3007,4690,4691,3007,3007,3007,4690,3007,3007,3007,3007,3007,4690,88.8888931274414,0,0,0,21.052631378173828,16.666667938232422,30.000001907348633,21.052631378173828,30.000001907348633,40,0,0,20,0,0,0,0,10.526315689086914,21.052631378173828,100,0,0,0,0,66481098752,12884893696,1601454080,0
99,1780596472688,56538.31950378418,4700,1,0.3062499999999999,6928.927947998047,4700,1,0.3062499999999999,6791.649475097656,4700,1,0.3062499999999999,11691.499328613281,4700,1,0.3062499999999999,45065.04591369629,4700,1,0.3062499999999999,37255.59608459473,4700,1,0.3062499999999999,46435.69189453125,4700,1,0.3062499999999999,28580.37631225586,4700,1,0.3062499999999999,7265.976455688477,4700,1,0.3062499999999999,7154.957626342773,4700,1,0.3062499999999999,6746.336044311523,4700,1,0.3062499999999999,6962.732192993164,4700,1,0.3062499999999999,2955.551254272461,3007,3007,3007,3007,3007,3007,3007,3007,3007,3007,3007,3007,4690,4691,3007,3007,3007,4690,3007,3007,3007,3007,3007,4690,88.8888931274414,0,0,0,21.052631378173828,16.666667938232422,30.000001907348633,21.052631378173828,30.000001907348633,40,0,0,20,0,0,0,0,10.526315689086914,21.052631378173828,100,0,0,0,0,66481098752,12884893696,1609560064,0
99,1780596472788,56538.95315551758,4700,1,0.3062499999999999,6928.931121826172,4700,1,0.3062499999999999,6791.652557373047,4700,1,0.3062499999999999,11691.74674987793,4700,1,0.3062499999999999,45065.414489746094,4700,1,0.3062499999999999,37256.05824279785,4700,1,0.3062499999999999,46436.09574890137,4700,1,0.3062499999999999,28581.066314697266,4700,1,0.3062499999999999,7265.979629516602,4700,1,0.3062499999999999,7154.960800170898,4700,1,0.3062499999999999,6746.339172363281,4700,1,0.3062499999999999,6962.735366821289,4700,1,0.3062499999999999,2961.2532958984375,3007,3007,3007,3007,3007,3007,3007,3007,3007,3007,3007,3007,4690,4691,3007,3007,3007,4690,3007,3007,3007,3007,3007,4690,85,0,0,0,30.000001907348633,4.761904716491699,22.22222328186035,33.333335876464844,23.52941131591797,50,0,0,11.111111640930176,0,0,0,0,10.526315689086914,21.052631378173828,100,0,0,0,0,66481098752,12884893696,1605263360,0
99,1780596472888,56539.55503845215,4700,1,0.3062499999999999,6928.9342041015625,4700,1,0.3062499999999999,6791.655700683594,4700,1,0.3062499999999999,11691.779022216797,4700,1,0.3062499999999999,45065.77412414551,4700,1,0.3062499999999999,37256.51023864746,4700,1,0.3062499999999999,46436.56594848633,4700,1,0.3062499999999999,28581.754806518555,4700,1,0.3062499999999999,7265.982711791992,4700,1,0.3062499999999999,7154.963882446289,4700,1,0.3062499999999999,6746.342239379883,4700,1,0.3062499999999999,6962.73844909668,4700,1,0.3062499999999999,2966.961441040039,3007,3007,3007,3007,3007,3007,3007,3007,3007,3007,3007,3007,4690,4691,3007,3007,3007,4690,3007,3007,3007,3007,3007,4690,85,0,0,0,30.000001907348633,4.761904716491699,22.22222328186035,33.333335876464844,23.52941131591797,50,0,0,11.111111640930176,0,0,0,0,10.526315689086914,21.052631378173828,100,0,0,0,0,66481098752,12884893696,1604648960,0
99,1780596472988,56540.15040588379,4700,1,0.3062499999999999,6928.937286376953,4700,1,0.3062499999999999,6791.658843994141,4700,1,0.3062499999999999,11691.925964355469,4700,1,0.3062499999999999,45066.143157958984,4700,1,0.3062499999999999,37256.92022705078,4700,1,0.3062499999999999,46437.050369262695,4700,1,0.3062499999999999,28582.43421936035,4700,1,0.3062499999999999,7265.985794067383,4700,1,0.3062499999999999,7154.96696472168,4700,1,0.3062499999999999,6746.345306396484,4700,1,0.3062499999999999,6962.74153137207,4700,1,0.3062499999999999,2972.6111450195313,3007,3007,3007,3007,3007,3007,3007,3007,3007,3007,3007,3007,4690,4691,3007,3007,3007,4690,3007,3007,3007,3007,3007,4690,89.47368621826172,0,0,0,25,0,33.333335876464844,26.3157901763916,33.333335876464844,37.5,0,0,0,0,0,0,0,21.052631378173828,31.57894515991211,100,0,0,0,0,66481098752,12884893696,1609371648,0
99,1780596473088,56540.743240356445,4700,1,0.3062499999999999,6928.940368652344,4700,1,0.3062499999999999,6791.661926269531,4700,1,0.3062499999999999,11692.299545288086,4700,1,0.3062499999999999,45066.49349975586,4700,1,0.3062499999999999,37257.22312927246,4700,1,0.3062499999999999,46437.55993652344,4700,1,0.3062499999999999,28583.0984954834,4700,1,0.3062499999999999,7265.988876342773,4700,1,0.3062499999999999,7154.97004699707,4700,1,0.3062499999999999,6746.348388671875,4700,1,0.3062499999999999,6962.744613647461,4700,1,0.3062499999999999,2978.2889404296875,3007,3007,3007,3007,3007,3007,3007,3007,3007,3007,3007,3007,4690,4691,3007,3007,3007,4690,3007,3007,3007,3007,3007,4690,89.47368621826172,0,0,0,25,0,33.333335876464844,26.3157901763916,33.333335876464844,37.5,0,0,0,0,0,0,0,21.052631378173828,31.57894515991211,100,0,0,0,0,66481098752,12884893696,1604177920,0
99,1780596473188,56541.37219238281,4700,1,0.3062499999999999,6928.943450927734,4700,1,0.3062499999999999,6791.665069580078,4700,1,0.3062499999999999,11692.621688842773,4700,1,0.3062499999999999,45066.98762512207,4700,1,0.3062499999999999,37257.69926452637,4700,1,0.3062499999999999,46438.03157043457,4700,1,0.3062499999999999,28583.651489257813,4700,1,0.3062499999999999,7265.992141723633,4700,1,0.3062499999999999,7154.973129272461,4700,1,0.3062499999999999,6746.3514404296875,4700,1,0.3062499999999999,6962.747695922852,4700,1,0.3062499999999999,2984.217575073242,3007,3007,3007,3007,3007,3007,3007,3007,3007,3007,3007,3007,4690,4691,3007,3007,3007,4690,3007,3007,3007,3007,3007,4690,88.8888931274414,22.22222328186035,0,0,33.333335876464844,5.263157844543457,27.77777862548828,35,33.333335876464844,21.052631378173828,0,0,15.789472579956055,0,0,0,0,15.000000953674316,31.57894515991211,100,0,0,0,0,66481098752,12884893696,1603547136,0
99,1780596473288,56542.00958251953,4700,1,0.3062499999999999,6928.946502685547,4700,1,0.3062499999999999,6791.668243408203,4700,1,0.3062499999999999,11692.80354309082,4700,1,0.3062499999999999,45067.43606567383,4700,1,0.3062499999999999,37258.152893066406,4700,1,0.3062499999999999,46438.4716796875,4700,1,0.3062499999999999,28584.267944335938,4700,1,0.3062499999999999,7265.995254516602,4700,1,0.3062499999999999,7154.976181030273,4700,1,0.3062499999999999,6746.3544921875,4700,1,0.3062499999999999,6962.750747680664,4700,1,0.3062499999999999,2989.9423217773438,3007,3007,3007,3007,3007,3007,3007,3007,3007,3007,3007,3007,4690,4691,3007,3007,3007,4690,3007,3007,3007,3007,3007,4690,88.8888931274414,22.22222328186035,0,0,33.333335876464844,5.263157844543457,27.77777862548828,35,33.333335876464844,21.052631378173828,0,0,15.789472579956055,0,0,0,0,15.000000953674316,31.57894515991211,100,0,0,0,0,66481098752,12884893696,1606713344,0
99,1780596473388,56542.64358520508,4700,1,0.30000000000000004,6928.9495849609375,4700,1,0.30000000000000004,6791.671447753906,4700,1,0.30000000000000004,11692.843017578125,4700,1,0.30000000000000004,45067.86311340332,4700,1,0.30000000000000004,37258.49426269531,4700,1,0.30000000000000004,46438.95249938965,4700,1,0.30000000000000004,28584.953674316406,4700,1,0.30000000000000004,7265.998550415039,4700,1,0.30000000000000004,7154.979263305664,4700,1,0.30000000000000004,6746.357513427734,4700,1,0.30000000000000004,6962.753829956055,4700,1,0.30000000000000004,2995.633529663086,3007,3007,3007,3007,3007,3007,3007,3007,3007,3007,3007,3007,4690,4691,3007,3007,3007,4690,3007,3007,3007,3007,3007,4690,88.8888931274414,0,0,0,33.333335876464844,9.090909004211426,23.52941131591797,5.263157844543457,31.57894515991211,31.57894515991211,0,0,15.789472579956055,0,0,0,0,23.52941131591797,21.052631378173828,100,0,0,0,0,66481098752,12884893696,1606606848,0
99,1780596473488,56543.187744140625,4700,1,0.3062499999999999,6928.952667236328,4700,1,0.3062499999999999,6791.674545288086,4700,1,0.3062499999999999,11693.12826538086,4700,1,0.3062499999999999,45068.34049987793,4700,1,0.3062499999999999,37258.96499633789,4700,1,0.3062499999999999,46439.35205078125,4700,1,0.3062499999999999,28585.631759643555,4700,1,0.3062499999999999,7266.00163269043,4700,1,0.3062499999999999,7154.982345581055,4700,1,0.3062499999999999,6746.360580444336,4700,1,0.3062499999999999,6962.756912231445,4700,1,0.3062499999999999,3001.3585205078125,3007,3007,3007,3007,3007,3007,3007,3007,3007,3007,3007,3007,4690,4691,3007,3007,3007,4690,3007,3007,3007,3007,3007,4690,88.8888931274414,0,0,0,33.333335876464844,9.090909004211426,23.52941131591797,5.263157844543457,31.57894515991211,31.57894515991211,0,0,15.789472579956055,0,0,0,0,23.52941131591797,21.052631378173828,100,0,0,0,0,66481098752,12884893696,1605124096,0
99,1780596473588,56543.79669189453,4700,1,0.3062499999999999,6928.955749511719,4700,1,0.3062499999999999,6791.677627563477,4700,1,0.3062499999999999,11693.414794921875,4700,1,0.3062499999999999,45068.795959472656,4700,1,0.3062499999999999,37259.31840515137,4700,1,0.3062499999999999,46439.799880981445,4700,1,0.3062499999999999,28586.317184448242,4700,1,0.3062499999999999,7266.004806518555,4700,1,0.3062499999999999,7154.985427856445,4700,1,0.3062499999999999,6746.363632202148,4700,1,0.3062499999999999,6962.759994506836,4700,1,0.3062499999999999,3007.1619262695313,3007,3007,3007,3007,3007,3007,3007,3007,3007,3007,3007,3007,4690,4691,3007,3007,3007,4690,3007,3007,3007,3007,3007,4690,84.21052551269531,4.761904716491699,0,0,20,15.789472579956055,36.842105865478516,15.000000953674316,20,37.5,0,0,26.3157901763916,0,0,0,0,26.3157901763916,31.57894515991211,100,0,0,0,0,66481098752,12884893696,1600888832,0
99,1780596473688,56544.40510559082,4700,1,0.30000000000000004,6928.958831787109,4700,1,0.3062499999999999,6791.688552856445,4700,1,0.3062499999999999,11693.742813110352,4700,1,0.30000000000000004,45069.23017883301,4700,1,0.3062499999999999,37259.60411071777,4700,1,0.3062499999999999,46440.248291015625,4700,1,0.3062499999999999,28587.005920410156,4700,1,0.3062499999999999,7266.008285522461,4700,1,0.3062499999999999,7154.988571166992,4700,1,0.3062499999999999,6746.366729736328,4700,1,0.3062499999999999,6962.763137817383,4700,1,0.3062499999999999,3012.9044799804688,3007,3007,3007,3007,3007,3007,3007,3007,3007,3007,3007,3007,4690,4691,3007,3007,3007,4690,3007,3007,3007,3007,3007,4690,84.21052551269531,4.761904716491699,0,0,20,15.789472579956055,36.842105865478516,15.000000953674316,20,37.5,0,0,26.3157901763916,0,0,0,0,26.3157901763916,31.57894515991211,100,0,0,0,0,66481098752,12884893696,1601998848,0
99,1780596473788,56544.96223449707,4700,1,0.3062499999999999,6928.9619140625,4700,1,0.30000000000000004,6791.691696166992,4700,1,0.30000000000000004,11693.975494384766,4700,1,0.3062499999999999,45069.69332885742,4700,1,0.3062499999999999,37259.97854614258,4700,1,0.3062499999999999,46440.63148498535,4700,1,0.3062499999999999,28587.69773864746,4700,1,0.30000000000000004,7266.011367797852,4700,1,0.30000000000000004,7154.991653442383,4700,1,0.30000000000000004,6746.369766235352,4700,1,0.30000000000000004,6962.766220092773,4700,1,0.30000000000000004,3018.578628540039,3007,3007,3007,3007,3007,3007,3007,3007,3007,3007,3007,3007,4690,4691,3007,3007,3007,4690,3007,3007,3007,3007,3007,4690,89.47368621826172,0,0,0,11.111111640930176,10,26.3157901763916,19.047618865966797,27.77777862548828,50,0,0,22.22222328186035,0,0,0,0,5.882352828979492,15.000000953674316,100,0,0,0,0,66481098752,12884893696,1600626688,0
99,1780596473888,56545.548248291016,4700,1,0.30000000000000004,6928.964996337891,4700,1,0.30000000000000004,6791.694839477539,4700,1,0.30000000000000004,11694.233428955078,4700,1,0.30000000000000004,45070.1251373291,4700,1,0.30000000000000004,37260.39926147461,4700,1,0.30000000000000004,46441.00817871094,4700,1,0.30000000000000004,28588.377883911133,4700,1,0.30000000000000004,7266.014846801758,4700,1,0.30000000000000004,7154.994705200195,4700,1,0.30000000000000004,6746.372833251953,4700,1,0.30000000000000004,6962.769302368164,4700,1,0.30000000000000004,3024.300308227539,3007,3007,3007,3007,3007,3007,3007,3007,3007,3007,3007,3007,4690,4691,3007,3007,3007,4690,3007,3007,3007,3007,3007,4690,89.47368621826172,0,0,0,11.111111640930176,10,26.3157901763916,19.047618865966797,27.77777862548828,50,0,0,22.22222328186035,0,0,0,0,5.882352828979492,15.000000953674316,100,0,0,0,0,66481098752,12884893696,1601269760,0
99,1780596473988,56546.127212524414,4700,1,0.3062499999999999,6928.968078613281,4700,1,0.3062499999999999,6791.69792175293,4700,1,0.3062499999999999,11694.566925048828,4700,1,0.3062499999999999,45070.593017578125,4700,1,0.3062499999999999,37260.79116821289,4700,1,0.3062499999999999,46441.33753967285,4700,1,0.3062499999999999,28589.068923950195,4700,1,0.3062499999999999,7266.01806640625,4700,1,0.3062499999999999,7154.997787475586,4700,1,0.3062499999999999,6746.375823974609,4700,1,0.3062499999999999,6962.772354125977,4700,1,0.3062499999999999,3030.0337829589844,3007,3007,3007,3007,3007,3007,3007,3007,3007,3007,3007,3007,4690,4691,3007,3007,3007,4690,3007,3007,3007,3007,3007,4690,86.36363983154297,21.052631378173828,0,0,23.809524536132813,0,31.57894515991211,21.052631378173828,27.77777862548828,47.36842346191406,0,0,15.000000953674316,0,0,0,0,21.052631378173828,0,100,0,0,0,0,66481098752,12884893696,1599344640,0
99,1780596474088,56546.73377990723,4700,1,0.30000000000000004,6928.971130371094,4700,1,0.30000000000000004,6791.700973510742,4700,1,0.30000000000000004,11694.89714050293,4700,1,0.30000000000000004,45071.017517089844,4700,1,0.30000000000000004,37261.246643066406,4700,1,0.30000000000000004,46441.671798706055,4700,1,0.30000000000000004,28589.753051757813,4700,1,0.30000000000000004,7266.021713256836,4700,1,0.30000000000000004,7155.000869750977,4700,1,0.30000000000000004,6746.378890991211,4700,1,0.30000000000000004,6962.775436401367,4700,1,0.30000000000000004,3035.72607421875,3007,3007,3007,3007,3007,3007,3007,3007,3007,3007,3007,3007,4690,4691,3007,3007,3007,4690,3007,3007,3007,3007,3007,4690,86.36363983154297,21.052631378173828,0,0,23.809524536132813,0,31.57894515991211,21.052631378173828,27.77777862548828,47.36842346191406,0,0,15.000000953674316,0,0,0,0,21.052631378173828,0,100,0,0,0,0,66481098752,12884893696,1602207744,0
99,1780596474189,56547.29684448242,4700,1,0.30000000000000004,6928.974212646484,4700,1,0.30000000000000004,6791.704208374023,4700,1,0.30000000000000004,11695.121353149414,4700,1,0.30000000000000004,45071.4328918457,4700,1,0.30000000000000004,37261.711822509766,4700,1,0.30000000000000004,46442.06446838379,4700,1,0.30000000000000004,28590.447784423828,4700,1,0.30000000000000004,7266.024856567383,4700,1,0.30000000000000004,7155.003952026367,4700,1,0.30000000000000004,6746.381866455078,4700,1,0.30000000000000004,6962.778518676758,4700,1,0.30000000000000004,3041.3587493896484,3007,3007,3007,3007,3007,3007,3007,3007,3007,3007,3007,3007,4690,4691,3007,3007,3007,4690,3007,3007,3007,3007,3007,4690,82.35294342041016,20,0,0,25,9.523809432983398,27.77777862548828,18.75,27.77777862548828,47.05882263183594,0,0,5.555555820465088,0,0,0,0,33.333335876464844,9.523809432983398,100,0,0,0,0,66481098752,12884893696,1600356352,0
99,1780596474289,56547.890197753906,4700,1,0.3062499999999999,6928.977294921875,4700,1,0.3062499999999999,6791.707412719727,4700,1,0.3062499999999999,11695.223358154297,4700,1,0.3062499999999999,45071.87222290039,4700,1,0.3062499999999999,37262.16670227051,4700,1,0.3062499999999999,46442.454360961914,4700,1,0.3062499999999999,28591.141983032227,4700,1,0.3062499999999999,7266.028091430664,4700,1,0.3062499999999999,7155.007034301758,4700,1,0.3062499999999999,6746.384948730469,4700,1,0.3062499999999999,6962.781600952148,4700,1,0.3062499999999999,3046.9886322021484,3007,3007,3007,3007,3007,3007,3007,3007,3007,3007,3007,3007,4690,4691,3007,3007,3007,4690,3007,3007,3007,3007,3007,4690,82.35294342041016,20,0,0,25,9.523809432983398,27.77777862548828,18.75,27.77777862548828,47.05882263183594,0,0,5.555555820465088,0,0,0,0,33.333335876464844,9.523809432983398,100,0,0,0,0,66481098752,12884893696,1597460480,0
99,1780596474389,56548.43296813965,4700,1,0.3062499999999999,6928.980377197266,4700,1,0.3062499999999999,6791.710556030273,4700,1,0.3062499999999999,11695.546127319336,4700,1,0.3062499999999999,45072.26649475098,4700,1,0.3062499999999999,37262.546157836914,4700,1,0.3062499999999999,46442.904037475586,4700,1,0.3062499999999999,28591.831115722656,4700,1,0.3062499999999999,7266.031173706055,4700,1,0.3062499999999999,7155.010116577148,4700,1,0.3062499999999999,6746.388031005859,4700,1,0.3062499999999999,6962.784683227539,4700,1,0.3062499999999999,3052.7566528320313,3007,3007,3007,3007,3007,3007,3007,3007,3007,3007,3007,3007,4690,4691,3007,3007,3007,4690,3007,3007,3007,3007,3007,4690,83.33332824707031,10.526315689086914,0,0,10.526315689086914,5,17.647058486938477,27.77777862548828,35,50,0,0,15.789472579956055,0,0,0,0,10.526315689086914,15.000000953674316,100,0,0,0,0,66481098752,12884893696,1603485696,0
99,1780596474489,56549.04600524902,4700,1,0.30000000000000004,6928.983459472656,4700,1,0.3062499999999999,6791.713638305664,4700,1,0.3062499999999999,11695.83187866211,4700,1,0.30000000000000004,45072.72709655762,4700,1,0.30000000000000004,37262.90170288086,4700,1,0.30000000000000004,46443.244140625,4700,1,0.30000000000000004,28592.524047851563,4700,1,0.30000000000000004,7266.034286499023,4700,1,0.30000000000000004,7155.013198852539,4700,1,0.30000000000000004,6746.39111328125,4700,1,0.30000000000000004,6962.78776550293,4700,1,0.30000000000000004,3058.456802368164,3007,3007,3007,3007,3007,3007,3007,3007,3007,3007,3007,3007,4690,4691,3007,3007,3007,4690,3007,3007,3007,3007,3007,4690,83.33332824707031,10.526315689086914,0,0,10.526315689086914,5,17.647058486938477,27.77777862548828,35,50,0,0,15.789472579956055,0,0,0,0,10.526315689086914,15.000000953674316,100,0,0,0,0,66481098752,12884893696,1602093056,0
99,1780596474589,56549.59841918945,4700,1,0.3062499999999999,6928.986663818359,4700,1,0.3062499999999999,6791.716842651367,4700,1,0.3062499999999999,11696.198745727539,4700,1,0.3062499999999999,45073.125076293945,4700,1,0.3062499999999999,37263.39805603027,4700,1,0.3062499999999999,46443.56414794922,4700,1,0.3062499999999999,28593.186294555664,4700,1,0.3062499999999999,7266.037612915039,4700,1,0.3062499999999999,7155.016403198242,4700,1,0.3062499999999999,6746.394317626953,4700,1,0.3062499999999999,6962.790969848633,4700,1,0.3062499999999999,3064.262008666992,3007,3007,3007,3007,3007,3007,3007,3007,3007,3007,3007,3007,4690,4691,3007,3007,3007,4690,3007,3007,3007,3007,3007,4690,89.47368621826172,22.22222328186035,0,0,20,0,16.666667938232422,22.22222328186035,10.526315689086914,41.17647171020508,0,0,22.22222328186035,0,0,0,0,23.809524536132813,11.111111640930176,100,0,0,0,0,66481098752,12884893696,1598562304,0
99,1780596474689,56550.13772583008,4700,1,0.30000000000000004,6928.98974609375,4700,1,0.30000000000000004,6791.726776123047,4700,1,0.30000000000000004,11696.581848144531,4700,1,0.30000000000000004,45073.441635131836,4700,1,0.30000000000000004,37263.81791687012,4700,1,0.30000000000000004,46444.02247619629,4700,1,0.30000000000000004,28593.874389648438,4700,1,0.30000000000000004,7266.041061401367,4700,1,0.30000000000000004,7155.019515991211,4700,1,0.30000000000000004,6746.397415161133,4700,1,0.30000000000000004,6962.794082641602,4700,1,0.30000000000000004,3070.050094604492,3007,3007,3007,3007,3007,3007,3007,3007,3007,3007,3007,3007,4690,4691,3007,3007,3007,4690,3007,3007,3007,3007,3007,4690,89.47368621826172,22.22222328186035,0,0,20,0,16.666667938232422,22.22222328186035,10.526315689086914,41.17647171020508,0,0,22.22222328186035,0,0,0,0,23.809524536132813,11.111111640930176,100,0,0,0,0,66481098752,12884893696,1596325888,0
99,1780596474789,56550.66032409668,4700,1,0.3062499999999999,6928.992828369141,4700,1,0.3062499999999999,6791.7298583984375,4700,1,0.3062499999999999,11696.948135375977,4700,1,0.3062499999999999,45073.843185424805,4700,1,0.3062499999999999,37264.20999145508,4700,1,0.3062499999999999,46444.444412231445,4700,1,0.3062499999999999,28594.55728149414,4700,1,0.3062499999999999,7266.04411315918,4700,1,0.3062499999999999,7155.022567749023,4700,1,0.3062499999999999,6746.400466918945,4700,1,0.3062499999999999,6962.797134399414,4700,1,0.3062499999999999,3075.79541015625,3007,3007,3007,3007,3007,3007,3007,3007,3007,3007,3007,3007,4690,4691,3007,3007,3007,4690,3007,3007,3007,3007,3007,4690,78.94737243652344,16.666667938232422,0,0,5,11.111111640930176,6.25,25,35,41.17647171020508,0,0,5.555555820465088,0,0,0,0,11.764705657958984,25,100,0,0,0,0,66481098752,12884893696,1603104768,0
99,1780596474889,56551.2380065918,4700,1,0.3062499999999999,6928.995880126953,4700,1,0.3062499999999999,6791.733001708984,4700,1,0.3062499999999999,11697.28825378418,4700,1,0.3062499999999999,45074.166931152344,4700,1,0.3062499999999999,37264.64268493652,4700,1,0.3062499999999999,46444.90838623047,4700,1,0.3062499999999999,28595.249404907227,4700,1,0.3062499999999999,7266.047393798828,4700,1,0.3062499999999999,7155.025634765625,4700,1,0.3062499999999999,6746.403549194336,4700,1,0.3062499999999999,6962.800216674805,4700,1,0.3062499999999999,3081.4907989501953,3007,3007,3007,3007,3007,3007,3007,3007,3007,3007,3007,3007,4690,4691,3007,3007,3007,4690,3007,3007,3007,3007,3007,4690,78.94737243652344,16.666667938232422,0,0,5,11.111111640930176,6.25,25,35,41.17647171020508,0,0,5.555555820465088,0,0,0,0,11.764705657958984,25,100,0,0,0,0,66481098752,12884893696,1597980672,0
99,1780596474989,56551.76454162598,4700,1,0.3062499999999999,6928.998962402344,4700,1,0.3062499999999999,6791.736114501953,4700,1,0.3062499999999999,11697.56234741211,4700,1,0.3062499999999999,45074.5157623291,4700,1,0.3062499999999999,37265.08857727051,4700,1,0.3062499999999999,46445.37243652344,4700,1,0.3062499999999999,28595.942672729492,4700,1,0.3062499999999999,7266.050628662109,4700,1,0.3062499999999999,7155.028717041016,4700,1,0.3062499999999999,6746.406631469727,4700,1,0.3062499999999999,6962.803298950195,4700,1,0.3062499999999999,3087.1585388183594,3007,3007,3007,3007,3007,3007,3007,3007,3007,3007,3007,3007,4690,4691,3007,3007,3007,4690,3007,3007,3007,3007,3007,4690,78.94737243652344,16.666667938232422,0,0,5,11.111111640930176,6.25,25,35,41.17647171020508,0,0,5.555555820465088,0,0,0,0,11.764705657958984,25,100,0,0,0,0,66481098752,12884893696,1598676992,0
99,1780596475089,56552.321350097656,4700,1,0.3062499999999999,6929.002044677734,4700,1,0.3062499999999999,6791.739196777344,4700,1,0.3062499999999999,11697.938522338867,4700,1,0.3062499999999999,45074.9450378418,4700,1,0.3062499999999999,37265.480560302734,4700,1,0.3062499999999999,46445.722717285156,4700,1,0.3062499999999999,28596.629837036133,4700,1,0.3062499999999999,7266.053741455078,4700,1,0.3062499999999999,7155.031799316406,4700,1,0.3062499999999999,6746.409713745117,4700,1,0.3062499999999999,6962.806381225586,4700,1,0.3062499999999999,3092.8045043945313,3007,3007,3007,3007,3007,3007,3007,3007,3007,3007,3007,3007,4690,4691,3007,3007,3007,4690,3007,3007,3007,3007,3007,4690,85.18518829345703,17.241378784179688,0,0,0,10.714285850524902,20,25.925926208496094,11.538461685180664,48.14814758300781,0,0,20,0,0,0,0,13.793103218078613,30.000001907348633,100,0,0,0,0,66481098752,12884893696,1604251648,0
99,1780596475189,56552.93960571289,4700,1,0.30000000000000004,6929.005126953125,4700,1,0.3062499999999999,6791.742340087891,4700,1,0.3062499999999999,11698.344116210938,4700,1,0.30000000000000004,45075.406158447266,4700,1,0.30000000000000004,37265.889236450195,4700,1,0.30000000000000004,46445.97200012207,4700,1,0.30000000000000004,28597.314376831055,4700,1,0.30000000000000004,7266.057189941406,4700,1,0.30000000000000004,7155.034881591797,4700,1,0.30000000000000004,6746.412796020508,4700,1,0.3062499999999999,6962.809463500977,4700,1,0.3062499999999999,3098.468002319336,3007,3007,3007,3007,3007,3007,3007,3007,3007,3007,3007,3007,4690,4691,3007,3007,3007,4690,3007,3007,3007,3007,3007,4690,85.18518829345703,17.241378784179688,0,0,0,10.714285850524902,20,25.925926208496094,11.538461685180664,48.14814758300781,0,0,20,0,0,0,0,13.793103218078613,30.000001907348633,100,0,0,0,0,66481098752,12884893696,1602154496,0
99,1780596475289,56553.52853393555,4700,1,0.30000000000000004,6929.008209228516,4700,1,0.30000000000000004,6791.74560546875,4700,1,0.30000000000000004,11698.539901733398,4700,1,0.30000000000000004,45075.84339904785,4700,1,0.30000000000000004,37266.304290771484,4700,1,0.30000000000000004,46446.403228759766,4700,1,0.30000000000000004,28597.99998474121,4700,1,0.30000000000000004,7266.060241699219,4700,1,0.30000000000000004,7155.037933349609,4700,1,0.30000000000000004,6746.415878295898,4700,1,0.30000000000000004,6962.812545776367,4700,1,0.30000000000000004,3104.1178283691406,3007,3007,3007,3007,3007,3007,3007,3007,3007,3007,3007,3007,4690,4691,3007,3007,3007,4690,3007,3007,3007,3007,3007,4690,83.33332824707031,5.263157844543457,0,0,26.3157901763916,20,30.000001907348633,10.526315689086914,15.000000953674316,37.5,0,0,17.647058486938477,0,0,0,0,31.57894515991211,5.263157844543457,100,0,0,0,0,66481098752,12884893696,1599143936,0
99,1780596475389,56554.14743041992,4700,1,0.3062499999999999,6929.011291503906,4700,1,0.3062499999999999,6791.748748779297,4700,1,0.3062499999999999,11698.77523803711,4700,1,0.3062499999999999,45076.23782348633,4700,1,0.3062499999999999,37266.66319274902,4700,1,0.3062499999999999,46446.81509399414,4700,1,0.3062499999999999,28598.689971923828,4700,1,0.3062499999999999,7266.0633544921875,4700,1,0.3062499999999999,7155.041015625,4700,1,0.3062499999999999,6746.418930053711,4700,1,0.3062499999999999,6962.815628051758,4700,1,0.3062499999999999,3109.836898803711,3007,3007,3007,3007,3007,3007,3007,3007,3007,3007,3007,3007,4690,4691,3007,3007,3007,4690,3007,3007,3007,3007,3007,4690,83.33332824707031,5.263157844543457,0,0,26.3157901763916,20,30.000001907348633,10.526315689086914,15.000000953674316,37.5,0,0,17.647058486938477,0,0,0,0,31.57894515991211,5.263157844543457,100,0,0,0,0,66481098752,12884893696,1597571072,0
99,1780596475489,56554.736907958984,4700,1,0.30000000000000004,6929.014343261719,4700,1,0.30000000000000004,6791.751800537109,4700,1,0.30000000000000004,11699.052703857422,4700,1,0.30000000000000004,45076.66157531738,4700,1,0.30000000000000004,37267.05911254883,4700,1,0.30000000000000004,46447.21813964844,4700,1,0.30000000000000004,28599.36895751953,4700,1,0.30000000000000004,7266.066436767578,4700,1,0.30000000000000004,7155.044097900391,4700,1,0.30000000000000004,6746.422012329102,4700,1,0.30000000000000004,6962.81867980957,4700,1,0.30000000000000004,3115.54296875,3007,3007,3007,3007,3007,3007,3007,3007,3007,3007,3007,3007,4690,4691,3007,3007,3007,4690,3007,3007,3007,3007,3007,4690,87.5,0,0,0,21.052631378173828,5.882352828979492,27.77777862548828,5.263157844543457,31.57894515991211,52.6315803527832,0,0,19.047618865966797,0,0,0,0,22.22222328186035,5.555555820465088,100,0,0,0,0,66481098752,12884893696,1602519040,0
99,1780596475589,56555.306732177734,4700,1,0.30000000000000004,6929.017425537109,4700,1,0.30000000000000004,6791.7548828125,4700,1,0.30000000000000004,11699.15298461914,4700,1,0.30000000000000004,45077.12382507324,4700,1,0.30000000000000004,37267.5182800293,4700,1,0.30000000000000004,46447.58610534668,4700,1,0.30000000000000004,28600.059478759766,4700,1,0.30000000000000004,7266.069549560547,4700,1,0.30000000000000004,7155.047180175781,4700,1,0.30000000000000004,6746.425094604492,4700,1,0.30000000000000004,6962.821762084961,4700,1,0.30000000000000004,3121.1445922851563,3007,3007,3007,3007,3007,3007,3007,3007,3007,3007,3007,3007,4690,4691,3007,3007,3007,4690,3007,3007,3007,3007,3007,4690,87.5,0,0,0,21.052631378173828,5.882352828979492,27.77777862548828,5.263157844543457,31.57894515991211,52.6315803527832,0,0,19.047618865966797,0,0,0,0,22.22222328186035,5.555555820465088,100,0,0,0,0,66481098752,12884893696,1602994176,0
99,1780596475689,56555.8797454834,4700,1,0.3062499999999999,6929.0205078125,4700,1,0.3062499999999999,6791.758148193359,4700,1,0.3062499999999999,11699.463973999023,4700,1,0.3062499999999999,45077.49563598633,4700,1,0.3062499999999999,37267.93370056152,4700,1,0.3062499999999999,46447.95063781738,4700,1,0.3062499999999999,28600.751525878906,4700,1,0.3062499999999999,7266.072814941406,4700,1,0.3062499999999999,7155.050262451172,4700,1,0.3062499999999999,6746.428176879883,4700,1,0.3062499999999999,6962.824844360352,4700,1,0.3062499999999999,3126.870803833008,3007,3007,3007,3007,3007,3007,3007,3007,3007,3007,3007,3007,4690,4691,3007,3007,3007,4690,3007,3007,3007,3007,3007,4690,83.33332824707031,10,0,0,20,14.285715103149414,15.789472579956055,26.3157901763916,35,44.4444465637207,0,0,31.57894515991211,0,0,0,0,26.3157901763916,0,100,0,0,0,0,66481098752,12884893696,1600712704,0
99,1780596475789,56556.45690917969,4700,1,0.30000000000000004,6929.023590087891,4700,1,0.3062499999999999,6791.76123046875,4700,1,0.3062499999999999,11699.567825317383,4700,1,0.30000000000000004,45077.97819519043,4700,1,0.3062499999999999,37268.32295227051,4700,1,0.3062499999999999,46448.441635131836,4700,1,0.3062499999999999,28601.420867919922,4700,1,0.3062499999999999,7266.075958251953,4700,1,0.3062499999999999,7155.0533447265625,4700,1,0.3062499999999999,6746.431259155273,4700,1,0.3062499999999999,6962.827926635742,4700,1,0.3062499999999999,3132.5318145751953,3007,3007,3007,3007,3007,3007,3007,3007,3007,3007,3007,3007,4690,4691,3007,3007,3007,4690,3007,3007,3007,3007,3007,4690,83.33332824707031,10,0,0,20,14.285715103149414,15.789472579956055,26.3157901763916,35,44.4444465637207,0,0,31.57894515991211,0,0,0,0,26.3157901763916,0,100,0,0,0,0,66481098752,12884893696,1605877760,0
99,1780596475889,56557.03112792969,4700,1,0.3062499999999999,6929.026672363281,4700,1,0.3062499999999999,6791.764373779297,4700,1,0.3062499999999999,11699.756729125977,4700,1,0.3062499999999999,45078.4469909668,4700,1,0.3062499999999999,37268.72741699219,4700,1,0.3062499999999999,46448.8484954834,4700,1,0.3062499999999999,28602.107223510742,4700,1,0.3062499999999999,7266.079162597656,4700,1,0.3062499999999999,7155.056457519531,4700,1,0.3062499999999999,6746.434326171875,4700,1,0.3062499999999999,6962.831008911133,4700,1,0.3062499999999999,3138.2333984375,3007,3007,3007,3007,3007,3007,3007,3007,3007,3007,3007,3007,4690,4691,3007,3007,3007,4690,3007,3007,3007,3007,3007,4690,84.21052551269531,0,0,0,11.111111640930176,10,17.647058486938477,33.333335876464844,25,41.17647171020508,0,0,35,0,0,0,0,0,35,100,0,0,0,0,66481098752,12884893696,1602678784,0
99,1780596475989,56557.64047241211,4700,1,0.30000000000000004,6929.029754638672,4700,1,0.30000000000000004,6791.7674560546875,4700,1,0.30000000000000004,11699.940048217773,4700,1,0.30000000000000004,45078.799255371094,4700,1,0.30000000000000004,37269.173919677734,4700,1,0.30000000000000004,46449.291595458984,4700,1,0.30000000000000004,28602.79623413086,4700,1,0.30000000000000004,7266.082244873047,4700,1,0.30000000000000004,7155.059539794922,4700,1,0.30000000000000004,6746.437362670898,4700,1,0.30000000000000004,6962.834091186523,4700,1,0.30000000000000004,3143.9707641601563,3007,3007,3007,3007,3007,3007,3007,3007,3007,3007,3007,3007,4690,4691,3007,3007,3007,4690,3007,3007,3007,3007,3007,4690,84.21052551269531,0,0,0,11.111111640930176,10,17.647058486938477,33.333335876464844,25,41.17647171020508,0,0,35,0,0,0,0,0,35,100,0,0,0,0,66481098752,12884893696,1596747776,0
99,1780596476089,56558.19352722168,4700,1,0.3062499999999999,6929.0328369140625,4700,1,0.3062499999999999,6791.770599365234,4700,1,0.3062499999999999,11700.220916748047,4700,1,0.3062499999999999,45079.250259399414,4700,1,0.3062499999999999,37269.640396118164,4700,1,0.3062499999999999,46449.737213134766,4700,1,0.3062499999999999,28603.437576293945,4700,1,0.3062499999999999,7266.085510253906,4700,1,0.3062499999999999,7155.062591552734,4700,1,0.3062499999999999,6746.440399169922,4700,1,0.3062499999999999,6962.837142944336,4700,1,0.3062499999999999,3149.7820434570313,3007,3007,3007,3007,3007,3007,3007,3007,3007,3007,3007,3007,4690,4691,3007,3007,3007,4690,3007,3007,3007,3007,3007,4690,88.8888931274414,0,0,0,11.111111640930176,0,36.842105865478516,31.57894515991211,25,42.105262756347656,0,0,5.555555820465088,0,0,0,0,22.22222328186035,31.57894515991211,100,0,0,0,0,66481098752,12884893696,1598050304,0
99,1780596476190,56558.774841308594,4700,1,0.3062499999999999,6929.035888671875,4700,1,0.3062499999999999,6791.773727416992,4700,1,0.3062499999999999,11700.565673828125,4700,1,0.3062499999999999,45079.60852050781,4700,1,0.3062499999999999,37270.02424621582,4700,1,0.3062499999999999,46450.16427612305,4700,1,0.3062499999999999,28604.111450195313,4700,1,0.3062499999999999,7266.088653564453,4700,1,0.3062499999999999,7155.065673828125,4700,1,0.3062499999999999,6746.4434814453125,4700,1,0.3062499999999999,6962.840225219727,4700,1,0.3062499999999999,3155.4354553222656,3007,3007,3007,3007,3007,3007,3007,3007,3007,3007,3007,3007,4690,4691,3007,3007,3007,4690,3007,3007,3007,3007,3007,4690,88.8888931274414,0,0,0,11.111111640930176,0,36.842105865478516,31.57894515991211,25,42.105262756347656,0,0,5.555555820465088,0,0,0,0,22.22222328186035,31.57894515991211,100,0,0,0,0,66481098752,12884893696,1603215360,0
99,1780596476290,56559.39402770996,4700,1,0.3062499999999999,6929.038970947266,4700,1,0.3062499999999999,6791.776931762695,4700,1,0.3062499999999999,11700.93960571289,4700,1,0.3062499999999999,45079.873291015625,4700,1,0.3062499999999999,37270.45544433594,4700,1,0.3062499999999999,46450.50126647949,4700,1,0.3062499999999999,28604.7989654541,4700,1,0.3062499999999999,7266.091766357422,4700,1,0.3062499999999999,7155.068756103516,4700,1,0.3062499999999999,6746.446563720703,4700,1,0.3062499999999999,6962.843307495117,4700,1,0.3062499999999999,3161.1294708251953,3007,3007,3007,3007,3007,3007,3007,3007,3007,3007,3007,3007,4690,4691,3007,3007,3007,4690,3007,3007,3007,3007,3007,4690,84.21052551269531,5.263157844543457,0,0,25,26.3157901763916,11.111111640930176,35,27.77777862548828,42.105262756347656,0,0,9.523809432983398,0,0,0,0,5.263157844543457,5.555555820465088,100,0,0,0,0,66481098752,12884893696,1600958464,0
99,1780596476390,56560.003158569336,4700,1,0.3062499999999999,6929.042053222656,4700,1,0.3062499999999999,6791.780075073242,4700,1,0.3062499999999999,11701.340286254883,4700,1,0.3062499999999999,45080.334075927734,4700,1,0.3062499999999999,37270.89207458496,4700,1,0.3062499999999999,46450.93603515625,4700,1,0.3062499999999999,28605.40672302246,4700,1,0.3062499999999999,7266.095321655273,4700,1,0.3062499999999999,7155.071884155273,4700,1,0.3062499999999999,6746.449661254883,4700,1,0.3062499999999999,6962.846389770508,4700,1,0.3062499999999999,3167.051803588867,3007,3007,3007,3007,3007,3007,3007,3007,3007,3007,3007,3007,4690,4691,3007,3007,3007,4690,3007,3007,3007,3007,3007,4690,84.21052551269531,5.263157844543457,0,0,25,26.3157901763916,11.111111640930176,35,27.77777862548828,42.105262756347656,0,0,9.523809432983398,0,0,0,0,5.263157844543457,5.555555820465088,100,0,0,0,0,66481098752,12884893696,1597579264,0
99,1780596476490,56560.601318359375,4700,1,0.3062499999999999,6929.045135498047,4700,1,0.3062499999999999,6791.783218383789,4700,1,0.3062499999999999,11701.677841186523,4700,1,0.3062499999999999,45080.68493652344,4700,1,0.3062499999999999,37271.26268005371,4700,1,0.3062499999999999,46451.35682678223,4700,1,0.3062499999999999,28606.097854614258,4700,1,0.3062499999999999,7266.098403930664,4700,1,0.3062499999999999,7155.074966430664,4700,1,0.3062499999999999,6746.452743530273,4700,1,0.3062499999999999,6962.849472045898,4700,1,0.3062499999999999,3172.7681427001953,3007,3007,3007,3007,3007,3007,3007,3007,3007,3007,3007,3007,4690,4691,3007,3007,3007,4690,3007,3007,3007,3007,3007,4690,88.23529815673828,23.809524536132813,0,0,26.3157901763916,20,15.789472579956055,35,21.052631378173828,18.75,0,0,23.52941131591797,0,0,0,0,15.000000953674316,28.571430206298828,100,0,0,0,0,66481098752,12884893696,1605861376,0
99,1780596476590,56561.2082824707,4700,1,0.3062499999999999,6929.0482177734375,4700,1,0.30000000000000004,6791.78630065918,4700,1,0.30000000000000004,11702.030090332031,4700,1,0.3062499999999999,45081.0637512207,4700,1,0.3062499999999999,37271.66862487793,4700,1,0.3062499999999999,46451.83541870117,4700,1,0.3062499999999999,28606.73762512207,4700,1,0.3062499999999999,7266.101699829102,4700,1,0.30000000000000004,7155.078048706055,4700,1,0.30000000000000004,6746.455810546875,4700,1,0.30000000000000004,6962.852554321289,4700,1,0.30000000000000004,3178.536911010742,3007,3007,3007,3007,3007,3007,3007,3007,3007,3007,3007,3007,4690,4691,3007,3007,3007,4690,3007,3007,3007,3007,3007,4690,88.23529815673828,23.809524536132813,0,0,26.3157901763916,20,15.789472579956055,35,21.052631378173828,18.75,0,0,23.52941131591797,0,0,0,0,15.000000953674316,28.571430206298828,100,0,0,0,0,66481098752,12884893696,1604198400,0
99,1780596476690,56561.77651977539,4700,1,0.3062499999999999,6929.051300048828,4700,1,0.3062499999999999,6791.789505004883,4700,1,0.30000000000000004,11702.281646728516,4700,1,0.3062499999999999,45081.511291503906,4700,1,0.3062499999999999,37272.04426574707,4700,1,0.3062499999999999,46452.22221374512,4700,1,0.3062499999999999,28607.43212890625,4700,1,0.3062499999999999,7266.10481262207,4700,1,0.3062499999999999,7155.081130981445,4700,1,0.3062499999999999,6746.458877563477,4700,1,0.3062499999999999,6962.85563659668,4700,1,0.3062499999999999,3184.2437286376953,3007,3007,3007,3007,3007,3007,3007,3007,3007,3007,3007,3007,4690,4691,3007,3007,3007,4690,3007,3007,3007,3007,3007,4690,88.23529815673828,0,0,0,16.666667938232422,16.666667938232422,11.111111640930176,26.3157901763916,33.333335876464844,38.88888931274414,0,0,25,0,0,0,0,5.555555820465088,0,100,0,0,0,0,66481098752,12884893696,1599008768,0
99,1780596476790,56562.410247802734,4700,1,0.3062499999999999,6929.054382324219,4700,1,0.3062499999999999,6791.792587280273,4700,1,0.3062499999999999,11702.542373657227,4700,1,0.3062499999999999,45081.943756103516,4700,1,0.3062499999999999,37272.396560668945,4700,1,0.3062499999999999,46452.57685852051,4700,1,0.3062499999999999,28608.115295410156,4700,1,0.3062499999999999,7266.107925415039,4700,1,0.3062499999999999,7155.084182739258,4700,1,0.3062499999999999,6746.461959838867,4700,1,0.3062499999999999,6962.85871887207,4700,1,0.3062499999999999,3189.9400482177734,3007,3007,3007,3007,3007,3007,3007,3007,3007,3007,3007,3007,4690,4691,3007,3007,3007,4690,3007,3007,3007,3007,3007,4690,88.23529815673828,0,0,0,16.666667938232422,16.666667938232422,11.111111640930176,26.3157901763916,33.333335876464844,38.88888931274414,0,0,25,0,0,0,0,5.555555820465088,0,100,0,0,0,0,66481098752,12884893696,1603854336,0
99,1780596476890,56563.01695251465,4700,1,0.30000000000000004,6929.057434082031,4700,1,0.30000000000000004,6791.795761108398,4700,1,0.30000000000000004,11702.912322998047,4700,1,0.30000000000000004,45082.33280944824,4700,1,0.30000000000000004,37272.803161621094,4700,1,0.30000000000000004,46452.8816986084,4700,1,0.30000000000000004,28608.802139282227,4700,1,0.30000000000000004,7266.111129760742,4700,1,0.30000000000000004,7155.087265014648,4700,1,0.30000000000000004,6746.465057373047,4700,1,0.30000000000000004,6962.861801147461,4700,1,0.30000000000000004,3195.584716796875,3007,3007,3007,3007,3007,3007,3007,3007,3007,3007,3007,3007,4690,4691,3007,3007,3007,4690,3007,3007,3007,3007,3007,4690,83.33332824707031,21.052631378173828,0,0,22.22222328186035,5.263157844543457,25,17.647058486938477,28.571430206298828,50,0,0,16.666667938232422,0,0,0,0,14.285715103149414,5.263157844543457,100,0,0,0,0,66481098752,12884893696,1603129344,0
99,1780596476990,56563.59815979004,4700,1,0.3062499999999999,6929.060516357422,4700,1,0.3062499999999999,6791.798828125,4700,1,0.3062499999999999,11703.177062988281,4700,1,0.3062499999999999,45082.7858581543,4700,1,0.3062499999999999,37273.269958496094,4700,1,0.3062499999999999,46453.25457763672,4700,1,0.3062499999999999,28609.487823486328,4700,1,0.3062499999999999,7266.114700317383,4700,1,0.3062499999999999,7155.090347290039,4700,1,0.3062499999999999,6746.4681396484375,4700,1,0.3062499999999999,6962.864883422852,4700,1,0.3062499999999999,3201.3185119628906,3007,3007,3007,3007,3007,3007,3007,3007,3007,3007,3007,3007,4690,4691,3007,3007,3007,4690,3007,3007,3007,3007,3007,4690,83.33332824707031,21.052631378173828,0,0,22.22222328186035,5.263157844543457,25,17.647058486938477,28.571430206298828,50,0,0,16.666667938232422,0,0,0,0,14.285715103149414,5.263157844543457,100,0,0,0,0,66481098752,12884893696,1597472768,0
99,1780596477090,56564.134338378906,4700,1,0.3062499999999999,6929.0635986328125,4700,1,0.3062499999999999,6791.802001953125,4700,1,0.3062499999999999,11703.529373168945,4700,1,0.3062499999999999,45083.210845947266,4700,1,0.3062499999999999,37273.680435180664,4700,1,0.3062499999999999,46453.669998168945,4700,1,0.3062499999999999,28610.178771972656,4700,1,0.3062499999999999,7266.117813110352,4700,1,0.3062499999999999,7155.09342956543,4700,1,0.3062499999999999,6746.471221923828,4700,1,0.3062499999999999,6962.867965698242,4700,1,0.3062499999999999,3207.0755920410156,3007,3007,3007,3007,3007,3007,3007,3007,3007,3007,3007,3007,4690,4691,3007,3007,3007,4690,3007,3007,3007,3007,3007,4690,82.35294342041016,20,0,0,15.000000953674316,5,5.882352828979492,26.3157901763916,31.57894515991211,37.5,0,0,31.57894515991211,0,0,0,0,21.052631378173828,18.18181800842285,100,0,0,0,0,66481098752,12884893696,1597657088,0
99,1780596477190,56564.741638183594,4700,1,0.3062499999999999,6929.066680908203,4700,1,0.3062499999999999,6791.805145263672,4700,1,0.3062499999999999,11703.79133605957,4700,1,0.3062499999999999,45083.57391357422,4700,1,0.3062499999999999,37274.13438415527,4700,1,0.3062499999999999,46454.04180908203,4700,1,0.3062499999999999,28610.859451293945,4700,1,0.3062499999999999,7266.120895385742,4700,1,0.3062499999999999,7155.09651184082,4700,1,0.3062499999999999,6746.474304199219,4700,1,0.3062499999999999,6962.871047973633,4700,1,0.3062499999999999,3212.7872161865234,3007,3007,3007,3007,3007,3007,3007,3007,3007,3007,3007,3007,4690,4691,3007,3007,3007,4690,3007,3007,3007,3007,3007,4690,82.35294342041016,20,0,0,15.000000953674316,5,5.882352828979492,26.3157901763916,31.57894515991211,37.5,0,0,31.57894515991211,0,0,0,0,21.052631378173828,18.18181800842285,100,0,0,0,0,66481098752,12884893696,1606340608,0
99,1780596477290,56565.36610412598,4700,1,0.3062499999999999,6929.069763183594,4700,1,0.3062499999999999,6791.808364868164,4700,1,0.3062499999999999,11703.955093383789,4700,1,0.3062499999999999,45083.98728942871,4700,1,0.3062499999999999,37274.51559448242,4700,1,0.3062499999999999,46454.493576049805,4700,1,0.3062499999999999,28611.533111572266,4700,1,0.3062499999999999,7266.124008178711,4700,1,0.3062499999999999,7155.099624633789,4700,1,0.3062499999999999,6746.477386474609,4700,1,0.3062499999999999,6962.874130249023,4700,1,0.3062499999999999,3218.581344604492,3007,3007,3007,3007,3007,3007,3007,3007,3007,3007,3007,3007,4690,4691,3007,3007,3007,4690,3007,3007,3007,3007,3007,4690,88.8888931274414,10.526315689086914,0,0,26.3157901763916,4.761904716491699,20,20,29.411766052246094,44.4444465637207,0,0,21.052631378173828,0,0,0,0,38.095237731933594,5.555555820465088,100,0,0,0,0,66481098752,12884893696,1600643072,0
99,1780596477390,56565.98114013672,4700,1,0.3062499999999999,6929.0728759765625,4700,1,0.3062499999999999,6791.811508178711,4700,1,0.3062499999999999,11704.196075439453,4700,1,0.3062499999999999,45084.356872558594,4700,1,0.3062499999999999,37274.8328704834,4700,1,0.3062499999999999,46454.94876098633,4700,1,0.3062499999999999,28612.224411010742,4700,1,0.3062499999999999,7266.12712097168,4700,1,0.3062499999999999,7155.10270690918,4700,1,0.3062499999999999,6746.48046875,4700,1,0.3062499999999999,6962.877258300781,4700,1,0.3062499999999999,3224.2911224365234,3007,3007,3007,3007,3007,3007,3007,3007,3007,3007,3007,3007,4690,4691,3007,3007,3007,4690,3007,3007,3007,3007,3007,4690,88.8888931274414,10.526315689086914,0,0,26.3157901763916,4.761904716491699,20,20,29.411766052246094,44.4444465637207,0,0,21.052631378173828,0,0,0,0,38.095237731933594,5.555555820465088,100,0,0,0,0,66481098752,12884893696,1599488000,0
99,1780596477490,56566.58882141113,4700,1,0.3062499999999999,6929.075958251953,4700,1,0.3062499999999999,6791.814590454102,4700,1,0.3062499999999999,11704.50065612793,4700,1,0.3062499999999999,45084.799896240234,4700,1,0.3062499999999999,37275.20016479492,4700,1,0.3062499999999999,46455.37423706055,4700,1,0.3062499999999999,28612.89012145996,4700,1,0.3062499999999999,7266.130264282227,4700,1,0.3062499999999999,7155.10578918457,4700,1,0.3062499999999999,6746.483551025391,4700,1,0.3062499999999999,6962.880340576172,4700,1,0.3062499999999999,3230.072311401367,3007,3007,3007,3007,3007,3007,3007,3007,3007,3007,3007,3007,4690,4691,3007,3007,3007,4690,3007,3007,3007,3007,3007,4690,89.47368621826172,10,0,0,27.77777862548828,5.263157844543457,22.22222328186035,9.523809432983398,31.57894515991211,44.4444465637207,0,0,19.047618865966797,0,0,0,0,30.000001907348633,15.789472579956055,100,0,0,0,0,66481098752,12884893696,1602699264,0
99,1780596477590,56567.19218444824,4700,1,0.3062499999999999,6929.079010009766,4700,1,0.3062499999999999,6791.817642211914,4700,1,0.3062499999999999,11704.76040649414,4700,1,0.3062499999999999,45085.266525268555,4700,1,0.3062499999999999,37275.590881347656,4700,1,0.3062499999999999,46455.76742553711,4700,1,0.3062499999999999,28613.579986572266,4700,1,0.3062499999999999,7266.133880615234,4700,1,0.3062499999999999,7155.108840942383,4700,1,0.3062499999999999,6746.486602783203,4700,1,0.3062499999999999,6962.883392333984,4700,1,0.3062499999999999,3235.7245330810547,3007,3007,3007,3007,3007,3007,3007,3007,3007,3007,3007,3007,4690,4691,3007,3007,3007,4690,3007,3007,3007,3007,3007,4690,89.47368621826172,10,0,0,27.77777862548828,5.263157844543457,22.22222328186035,9.523809432983398,31.57894515991211,44.4444465637207,0,0,19.047618865966797,0,0,0,0,30.000001907348633,15.789472579956055,100,0,0,0,0,66481098752,12884893696,1600503808,0
99,1780596477690,56567.78257751465,4700,1,0.3062499999999999,6929.082092285156,4700,1,0.3062499999999999,6791.830551147461,4700,1,0.3062499999999999,11704.939056396484,4700,1,0.3062499999999999,45085.62014770508,4700,1,0.3062499999999999,37276.04496765137,4700,1,0.3062499999999999,46456.191467285156,4700,1,0.3062499999999999,28614.271575927734,4700,1,0.3062499999999999,7266.136962890625,4700,1,0.3062499999999999,7155.111923217773,4700,1,0.3062499999999999,6746.489669799805,4700,1,0.3062499999999999,6962.886489868164,4700,1,0.3062499999999999,3241.3966522216797,3007,3007,3007,3007,3007,3007,3007,3007,3007,3007,3007,3007,4690,4691,3007,3007,3007,4690,3007,3007,3007,3007,3007,4690,85,0,0,0,16.666667938232422,9.523809432983398,25,16.666667938232422,25,41.17647171020508,0,0,22.22222328186035,0,0,0,0,21.052631378173828,21.052631378173828,100,0,0,0,0,66481098752,12884893696,1598935040,0
99,1780596477790,56568.3532409668,4700,1,0.3062499999999999,6929.120895385742,4700,1,0.3062499999999999,6791.879501342773,4700,1,0.3062499999999999,11705.31430053711,4700,1,0.3062499999999999,45085.90245056152,4700,1,0.3062499999999999,37276.439041137695,4700,1,0.3062499999999999,46456.59013366699,4700,1,0.3062499999999999,28614.854537963867,4700,1,0.3062499999999999,7266.17529296875,4700,1,0.3062499999999999,7155.157806396484,4700,1,0.3062499999999999,6746.527877807617,4700,1,0.3062499999999999,6962.940078735352,4700,1,0.3062499999999999,3247.201858520508,3007,3007,3007,3007,3007,3007,3007,3007,3007,3007,3007,3007,4690,4691,3007,3007,3007,4690,3007,3007,3007,3007,3007,4690,85,0,0,0,16.666667938232422,9.523809432983398,25,16.666667938232422,25,41.17647171020508,0,0,22.22222328186035,0,0,0,0,21.052631378173828,21.052631378173828,100,0,0,0,0,66481098752,12884893696,1609011200,0
99,1780596477890,56568.964935302734,4700,1,0.3062499999999999,6929.125198364258,4700,1,0.3062499999999999,6791.883560180664,4700,1,0.3062499999999999,11705.664001464844,4700,1,0.3062499999999999,45086.43769836426,4700,1,0.3062499999999999,37276.81246948242,4700,1,0.3062499999999999,46457.10743713379,4700,1,0.3062499999999999,28615.38966369629,4700,1,0.3062499999999999,7266.17936706543,4700,1,0.3062499999999999,7155.161819458008,4700,1,0.3062499999999999,6746.53190612793,4700,1,0.3062499999999999,6962.944259643555,4700,1,0.3062499999999999,3252.933807373047,3007,3007,3007,3007,3007,3007,3007,3007,3007,3007,3007,3007,4690,4691,3007,3007,3007,4690,3007,3007,3007,3007,3007,4690,95,22.22222328186035,0,0,11.111111640930176,10.526315689086914,26.3157901763916,30.000001907348633,23.52941131591797,11.111111640930176,4.761904716491699,4.761904716491699,26.3157901763916,4.761904716491699,0,0,0,19.047618865966797,35,95,9.090909004211426,0,9.090909004211426,0,66481098752,12884893696,1613606912,0
99,1780596477991,56569.563735961914,4700,1,0.30000000000000004,6929.128280639648,4700,1,0.30000000000000004,6791.887710571289,4700,1,0.30000000000000004,11706.000747680664,4700,1,0.30000000000000004,45086.78550720215,4700,1,0.30000000000000004,37277.214782714844,4700,1,0.30000000000000004,46457.58038330078,4700,1,0.30000000000000004,28616.03727722168,4700,1,0.30000000000000004,7266.183166503906,4700,1,0.30000000000000004,7155.164901733398,4700,1,0.30000000000000004,6746.53498840332,4700,1,0.30000000000000004,6962.9478759765625,4700,1,0.30000000000000004,3258.6690826416016,3007,3007,3007,3007,3007,3007,3007,3007,3007,3007,3007,3007,4690,4691,3007,3007,3007,4690,3007,3007,3007,3007,3007,4690,95,22.22222328186035,0,0,11.111111640930176,10.526315689086914,26.3157901763916,30.000001907348633,23.52941131591797,11.111111640930176,4.761904716491699,4.761904716491699,26.3157901763916,4.761904716491699,0,0,0,19.047618865966797,35,95,9.090909004211426,0,9.090909004211426,0,66481098752,12884893696,1614163968,0
99,1780596478091,56570.19902038574,4700,1,0.3062499999999999,6929.131439208984,4700,1,0.3062499999999999,6791.894546508789,4700,1,0.3062499999999999,11706.20492553711,4700,1,0.3062499999999999,45087.094329833984,4700,1,0.3062499999999999,37277.57048034668,4700,1,0.3062499999999999,46458.01806640625,4700,1,0.3062499999999999,28616.72967529297,4700,1,0.3062499999999999,7266.186492919922,4700,1,0.3062499999999999,7155.167984008789,4700,1,0.3062499999999999,6746.538101196289,4700,1,0.3062499999999999,6962.950958251953,4700,1,0.3062499999999999,3264.2529296875,3007,3007,3007,3007,3007,3007,3007,3007,3007,3007,3007,3007,4690,4691,3007,3007,3007,4690,3007,3007,3007,3007,3007,4690,84.21052551269531,5.263157844543457,0,0,31.57894515991211,15.789472579956055,10,5,36.842105865478516,45,0,0,21.052631378173828,0,0,0,0,31.57894515991211,16.666667938232422,100,0,0,0,0,66481098752,12884893696,1611075584,0
99,1780596478191,56570.835052490234,4700,1,0.3062499999999999,6929.136306762695,4700,1,0.3062499999999999,6791.89762878418,4700,1,0.3062499999999999,11706.660537719727,4700,1,0.3062499999999999,45087.487228393555,4700,1,0.3062499999999999,37278.031967163086,4700,1,0.3062499999999999,46458.465393066406,4700,1,0.3062499999999999,28617.417251586914,4700,1,0.3062499999999999,7266.189971923828,4700,1,0.3062499999999999,7155.171035766602,4700,1,0.3062499999999999,6746.541152954102,4700,1,0.3062499999999999,6962.954040527344,4700,1,0.3062499999999999,3270.3307037353516,3007,3007,3007,3007,3007,3007,3007,3007,3007,3007,3007,3007,4690,4691,3007,3007,3007,4690,3007,3007,3007,3007,3007,4690,84.21052551269531,5.263157844543457,0,0,31.57894515991211,15.789472579956055,10,5,36.842105865478516,45,0,0,21.052631378173828,0,0,0,0,31.57894515991211,16.666667938232422,100,0,0,0,0,66481098752,12884893696,1613078528,0
99,1780596478291,56571.443130493164,4700,1,0.30000000000000004,6929.139465332031,4700,1,0.30000000000000004,6791.90837097168,4700,1,0.30000000000000004,11706.98959350586,4700,1,0.30000000000000004,45087.84378051758,4700,1,0.30000000000000004,37278.38026428223,4700,1,0.30000000000000004,46458.90379333496,4700,1,0.30000000000000004,28618.09344482422,4700,1,0.30000000000000004,7266.193206787109,4700,1,0.30000000000000004,7155.174133300781,4700,1,0.30000000000000004,6746.5443115234375,4700,1,0.30000000000000004,6962.9571533203125,4700,1,0.30000000000000004,3275.9925842285156,3007,3007,3007,3007,3007,3007,3007,3007,3007,3007,3007,3007,4690,4691,3007,3007,3007,4690,3007,3007,3007,3007,3007,4690,89.47368621826172,23.809524536132813,0,0,31.57894515991211,16.666667938232422,10.526315689086914,10,20,50,0,0,23.52941131591797,0,0,0,0,38.88888931274414,29.411766052246094,100,0,0,0,0,66481098752,12884893696,1609891840,0
99,1780596478391,56572.02978515625,4700,1,0.3062499999999999,6929.142623901367,4700,1,0.3062499999999999,6791.911483764648,4700,1,0.3062499999999999,11707.272201538086,4700,1,0.3062499999999999,45088.23358154297,4700,1,0.3062499999999999,37278.79951477051,4700,1,0.3062499999999999,46459.285079956055,4700,1,0.3062499999999999,28618.778366088867,4700,1,0.3062499999999999,7266.196441650391,4700,1,0.3062499999999999,7155.177215576172,4700,1,0.3062499999999999,6746.547393798828,4700,1,0.3062499999999999,6962.960266113281,4700,1,0.3062499999999999,3281.6699829101563,3007,3007,3007,3007,3007,3007,3007,3007,3007,3007,3007,3007,4690,4691,3007,3007,3007,4690,3007,3007,3007,3007,3007,4690,89.47368621826172,23.809524536132813,0,0,31.57894515991211,16.666667938232422,10.526315689086914,10,20,50,0,0,23.52941131591797,0,0,0,0,38.88888931274414,29.411766052246094,100,0,0,0,0,66481098752,12884893696,1607991296,0
99,1780596478491,56572.64399719238,4700,1,0.3062499999999999,6929.145797729492,4700,1,0.3062499999999999,6791.919921875,4700,1,0.3062499999999999,11707.620651245117,4700,1,0.3062499999999999,45088.59797668457,4700,1,0.3062499999999999,37279.21025085449,4700,1,0.3062499999999999,46459.62300109863,4700,1,0.3062499999999999,28619.45783996582,4700,1,0.3062499999999999,7266.199676513672,4700,1,0.3062499999999999,7155.1802978515625,4700,1,0.3062499999999999,6746.55046081543,4700,1,0.3062499999999999,6962.96337890625,4700,1,0.3062499999999999,3287.398483276367,3007,3007,3007,3007,3007,3007,3007,3007,3007,3007,3007,3007,4690,4691,3007,3007,3007,4690,3007,3007,3007,3007,3007,4690,81.25,10.526315689086914,0,0,33.333335876464844,20,21.052631378173828,11.111111640930176,10.526315689086914,35.29411697387695,0,0,10.526315689086914,0,0,0,0,27.77777862548828,15.789472579956055,100,0,0,0,0,66481098752,12884893696,1616875520,0
99,1780596478591,56573.26885986328,4700,1,0.3062499999999999,6929.148971557617,4700,1,0.3062499999999999,6791.923080444336,4700,1,0.3062499999999999,11707.924087524414,4700,1,0.3062499999999999,45089.08947753906,4700,1,0.3062499999999999,37279.66795349121,4700,1,0.3062499999999999,46459.98161315918,4700,1,0.3062499999999999,28620.06251525879,4700,1,0.3062499999999999,7266.203063964844,4700,1,0.3062499999999999,7155.1834716796875,4700,1,0.3062499999999999,6746.5535888671875,4700,1,0.3062499999999999,6962.966537475586,4700,1,0.3062499999999999,3293.1735229492188,3007,3007,3007,3007,3007,3007,3007,3007,3007,3007,3007,3007,4690,4691,3007,3007,3007,4690,3007,3007,3007,3007,3007,4690,81.25,10.526315689086914,0,0,33.333335876464844,20,21.052631378173828,11.111111640930176,10.526315689086914,35.29411697387695,0,0,10.526315689086914,0,0,0,0,27.77777862548828,15.789472579956055,100,0,0,0,0,66481098752,12884893696,1613377536,0
99,1780596478691,56573.86508178711,4700,1,0.3062499999999999,6929.154251098633,4700,1,0.3062499999999999,6791.926223754883,4700,1,0.3062499999999999,11708.17544555664,4700,1,0.3062499999999999,45089.56350708008,4700,1,0.3062499999999999,37280.11488342285,4700,1,0.3062499999999999,46460.155197143555,4700,1,0.3062499999999999,28620.754669189453,4700,1,0.3062499999999999,7266.206207275391,4700,1,0.3062499999999999,7155.186614990234,4700,1,0.3062499999999999,6746.556732177734,4700,1,0.3062499999999999,6962.969833374023,4700,1,0.3062499999999999,3298.777786254883,3007,3007,3007,3007,3007,3007,3007,3007,3007,3007,3007,3007,4690,4691,3007,3007,3007,4690,3007,3007,3007,3007,3007,4690,82.35294342041016,0,0,0,26.3157901763916,16.666667938232422,33.333335876464844,25,0,33.333335876464844,0,0,23.52941131591797,0,0,0,0,26.3157901763916,17.647058486938477,100,0,0,0,0,66481098752,12884893696,1611952128,0
99,1780596478791,56574.44471740723,4700,1,0.30000000000000004,6929.15739440918,4700,1,0.30000000000000004,6791.933013916016,4700,1,0.30000000000000004,11708.441497802734,4700,1,0.30000000000000004,45090.02381896973,4700,1,0.30000000000000004,37280.48777770996,4700,1,0.30000000000000004,46460.564041137695,4700,1,0.30000000000000004,28621.438995361328,4700,1,0.30000000000000004,7266.209289550781,4700,1,0.30000000000000004,7155.189727783203,4700,1,0.30000000000000004,6746.559814453125,4700,1,0.30000000000000004,6962.97297668457,4700,1,0.30000000000000004,3304.4422454833984,3007,3007,3007,3007,3007,3007,3007,3007,3007,3007,3007,3007,4690,4691,3007,3007,3007,4690,3007,3007,3007,3007,3007,4690,82.35294342041016,0,0,0,26.3157901763916,16.666667938232422,33.333335876464844,25,0,33.333335876464844,0,0,23.52941131591797,0,0,0,0,26.3157901763916,17.647058486938477,100,0,0,0,0,66481098752,12884893696,1608368128,0
99,1780596478891,56575.05212402344,4700,1,0.3062499999999999,6929.160537719727,4700,1,0.3062499999999999,6791.936172485352,4700,1,0.3062499999999999,11708.68667602539,4700,1,0.3062499999999999,45090.38525390625,4700,1,0.3062499999999999,37280.82588195801,4700,1,0.3062499999999999,46461.01432800293,4700,1,0.3062499999999999,28622.127716064453,4700,1,0.3062499999999999,7266.212371826172,4700,1,0.3062499999999999,7155.192840576172,4700,1,0.3062499999999999,6746.562881469727,4700,1,0.3062499999999999,6962.976089477539,4700,1,0.3062499999999999,3310.084701538086,3007,3007,3007,3007,3007,3007,3007,3007,3007,3007,3007,3007,4690,4691,3007,3007,3007,4690,3007,3007,3007,3007,3007,4690,83.33332824707031,9.523809432983398,0,0,22.22222328186035,10.526315689086914,35,31.57894515991211,20,44.4444465637207,0,0,15.000000953674316,0,0,0,0,0,26.3157901763916,100,0,0,0,0,66481098752,12884893696,1616826368,0
99,1780596478991,56575.65460205078,4700,1,0.3062499999999999,6929.163619995117,4700,1,0.3062499999999999,6791.939254760742,4700,1,0.3062499999999999,11709.054321289063,4700,1,0.3062499999999999,45090.72944641113,4700,1,0.3062499999999999,37281.14823913574,4700,1,0.3062499999999999,46461.48010253906,4700,1,0.3062499999999999,28622.807357788086,4700,1,0.3062499999999999,7266.215423583984,4700,1,0.3062499999999999,7155.195892333984,4700,1,0.3062499999999999,6746.565933227539,4700,1,0.3062499999999999,6962.97917175293,4700,1,0.3062499999999999,3315.7757263183594,3007,3007,3007,3007,3007,3007,3007,3007,3007,3007,3007,3007,4690,4691,3007,3007,3007,4690,3007,3007,3007,3007,3007,4690,83.33332824707031,9.523809432983398,0,0,22.22222328186035,10.526315689086914,35,31.57894515991211,20,44.4444465637207,0,0,15.000000953674316,0,0,0,0,0,26.3157901763916,100,0,0,0,0,66481098752,12884893696,1616846848,0
99,1780596479091,56576.226013183594,4700,1,0.30000000000000004,6929.16667175293,4700,1,0.30000000000000004,6791.942306518555,4700,1,0.30000000000000004,11709.322250366211,4700,1,0.30000000000000004,45091.1866607666,4700,1,0.30000000000000004,37281.56623840332,4700,1,0.30000000000000004,46461.89727783203,4700,1,0.30000000000000004,28623.497497558594,4700,1,0.30000000000000004,7266.218505859375,4700,1,0.30000000000000004,7155.198974609375,4700,1,0.30000000000000004,6746.56901550293,4700,1,0.30000000000000004,6962.982223510742,4700,1,0.30000000000000004,3321.424301147461,3007,3007,3007,3007,3007,3007,3007,3007,3007,3007,3007,3007,4690,4691,3007,3007,3007,4690,3007,3007,3007,3007,3007,4690,84.21052551269531,15.000000953674316,0,0,21.052631378173828,5.263157844543457,23.52941131591797,17.647058486938477,30.000001907348633,52.38095474243164,0,0,10.526315689086914,0,0,0,0,5.263157844543457,6.25,100,0,0,0,0,66481098752,12884893696,1612070912,0
99,1780596479191,56576.776947021484,4700,1,0.3062499999999999,6929.169937133789,4700,1,0.3062499999999999,6791.949645996094,4700,1,0.3062499999999999,11709.693801879883,4700,1,0.3062499999999999,45091.61723327637,4700,1,0.3062499999999999,37281.909591674805,4700,1,0.3062499999999999,46462.32832336426,4700,1,0.3062499999999999,28624.18960571289,4700,1,0.3062499999999999,7266.221618652344,4700,1,0.3062499999999999,7155.202056884766,4700,1,0.3062499999999999,6746.57209777832,4700,1,0.3062499999999999,6962.985336303711,4700,1,0.3062499999999999,3327.148422241211,3007,3007,3007,3007,3007,3007,3007,3007,3007,3007,3007,3007,4690,4691,3007,3007,3007,4690,3007,3007,3007,3007,3007,4690,84.21052551269531,15.000000953674316,0,0,21.052631378173828,5.263157844543457,23.52941131591797,17.647058486938477,30.000001907348633,52.38095474243164,0,0,10.526315689086914,0,0,0,0,5.263157844543457,6.25,100,0,0,0,0,66481098752,12884893696,1617858560,0
99,1780596479291,56577.281799316406,4700,1,0.3062499999999999,6929.173187255859,4700,1,0.3062499999999999,6791.954635620117,4700,1,0.3062499999999999,11709.917236328125,4700,1,0.3062499999999999,45092.07246398926,4700,1,0.3062499999999999,37282.294189453125,4700,1,0.3062499999999999,46462.77180480957,4700,1,0.3062499999999999,28624.883529663086,4700,1,0.3062499999999999,7266.224761962891,4700,1,0.3062499999999999,7155.205139160156,4700,1,0.3062499999999999,6746.575210571289,4700,1,0.3062499999999999,6962.988479614258,4700,1,0.3062499999999999,3332.7994995117188,3007,3007,3007,3007,3007,3007,3007,3007,3007,3007,3007,3007,4690,4691,3007,3007,3007,4690,3007,3007,3007,3007,3007,4690,76.47058868408203,10.526315689086914,0,0,9.523809432983398,15.000000953674316,15.789472579956055,31.81818199157715,26.3157901763916,47.05882263183594,0,0,36.3636360168457,0,0,0,0,15.000000953674316,22.22222328186035,100,0,0,0,0,66481098752,12884893696,1611579392,0
99,1780596479391,56577.88116455078,4700,1,0.30000000000000004,6929.176330566406,4700,1,0.3062499999999999,6791.957717895508,4700,1,0.3062499999999999,11710.213516235352,4700,1,0.30000000000000004,45092.43653869629,4700,1,0.30000000000000004,37282.622970581055,4700,1,0.3062499999999999,46463.22611999512,4700,1,0.3062499999999999,28625.574142456055,4700,1,0.3062499999999999,7266.227996826172,4700,1,0.3062499999999999,7155.208221435547,4700,1,0.3062499999999999,6746.57829284668,4700,1,0.3062499999999999,6962.991561889648,4700,1,0.3062499999999999,3338.4315795898438,3007,3007,3007,3007,3007,3007,3007,3007,3007,3007,3007,3007,4690,4691,3007,3007,3007,4690,3007,3007,3007,3007,3007,4690,76.47058868408203,10.526315689086914,0,0,9.523809432983398,15.000000953674316,15.789472579956055,31.81818199157715,26.3157901763916,47.05882263183594,0,0,36.3636360168457,0,0,0,0,15.000000953674316,22.22222328186035,100,0,0,0,0,66481098752,12884893696,1607290880,0
99,1780596479491,56578.49784851074,4700,1,0.3062499999999999,6929.179412841797,4700,1,0.3062499999999999,6791.960800170898,4700,1,0.3062499999999999,11710.533172607422,4700,1,0.3062499999999999,45092.859939575195,4700,1,0.3062499999999999,37282.92182922363,4700,1,0.3062499999999999,46463.69903564453,4700,1,0.3062499999999999,28626.2117767334,4700,1,0.3062499999999999,7266.231201171875,4700,1,0.3062499999999999,7155.2113037109375,4700,1,0.3062499999999999,6746.581359863281,4700,1,0.3062499999999999,6962.994644165039,4700,1,0.3062499999999999,3344.089080810547,3007,3007,3007,3007,3007,3007,3007,3007,3007,3007,3007,3007,4690,4691,3007,3007,3007,4690,3007,3007,3007,3007,3007,4690,88.23529815673828,15.789472579956055,0,0,22.22222328186035,10.526315689086914,16.666667938232422,10,30.000001907348633,35.29411697387695,0,0,25,0,0,0,0,20,21.052631378173828,100,0,0,0,0,66481098752,12884893696,1601417216,0
99,1780596479591,56579.01173400879,4700,1,0.30000000000000004,6929.182586669922,4700,1,0.30000000000000004,6791.972854614258,4700,1,0.30000000000000004,11710.819869995117,4700,1,0.30000000000000004,45093.26788330078,4700,1,0.30000000000000004,37283.30197143555,4700,1,0.30000000000000004,46464.14024353027,4700,1,0.30000000000000004,28626.88247680664,4700,1,0.30000000000000004,7266.234436035156,4700,1,0.30000000000000004,7155.214385986328,4700,1,0.30000000000000004,6746.58447265625,4700,1,0.30000000000000004,6962.99772644043,4700,1,0.30000000000000004,3349.8170471191406,3007,3007,3007,3007,3007,3007,3007,3007,3007,3007,3007,3007,4690,4691,3007,3007,3007,4690,3007,3007,3007,3007,3007,4690,88.23529815673828,15.789472579956055,0,0,22.22222328186035,10.526315689086914,16.666667938232422,10,30.000001907348633,35.29411697387695,0,0,25,0,0,0,0,20,21.052631378173828,100,0,0,0,0,66481098752,12884893696,1607516160,0
99,1780596479691,56579.5166015625,4700,1,0.30000000000000004,6929.193588256836,4700,1,0.30000000000000004,6791.975997924805,4700,1,0.30000000000000004,11711.182266235352,4700,1,0.30000000000000004,45093.70965576172,4700,1,0.30000000000000004,37283.65983581543,4700,1,0.30000000000000004,46464.52143859863,4700,1,0.30000000000000004,28627.572006225586,4700,1,0.30000000000000004,7266.244903564453,4700,1,0.30000000000000004,7155.217498779297,4700,1,0.30000000000000004,6746.587493896484,4700,1,0.30000000000000004,6963.000778198242,4700,1,0.30000000000000004,3355.528854370117,3007,3007,3007,3007,3007,3007,3007,3007,3007,3007,3007,3007,4690,4691,3007,3007,3007,4690,3007,3007,3007,3007,3007,4690,78.94737243652344,25,0,0,5,18.18181800842285,31.57894515991211,4.761904716491699,21.052631378173828,44.4444465637207,0,0,15.789472579956055,0,0,0,0,36.842105865478516,22.22222328186035,100,0,0,0,0,66481098752,12884893696,1606103040,0
99,1780596479791,56580.03367614746,4700,1,0.30000000000000004,6929.196640014648,4700,1,0.30000000000000004,6791.979049682617,4700,1,0.30000000000000004,11711.36001586914,4700,1,0.30000000000000004,45094.15425109863,4700,1,0.30000000000000004,37284.096588134766,4700,1,0.30000000000000004,46464.96321105957,4700,1,0.30000000000000004,28628.256607055664,4700,1,0.30000000000000004,7266.253967285156,4700,1,0.30000000000000004,7155.2205810546875,4700,1,0.30000000000000004,6746.590576171875,4700,1,0.30000000000000004,6963.003860473633,4700,1,0.30000000000000004,3361.154052734375,3007,3007,3007,3007,3007,3007,3007,3007,3007,3007,3007,3007,4690,4691,3007,3007,3007,4690,3007,3007,3007,3007,3007,4690,78.94737243652344,25,0,0,5,18.18181800842285,31.57894515991211,4.761904716491699,21.052631378173828,44.4444465637207,0,0,15.789472579956055,0,0,0,0,36.842105865478516,22.22222328186035,100,0,0,0,0,66481098752,12884893696,1603850240,0
99,1780596479892,56580.632385253906,4700,1,0.3062499999999999,6929.199783325195,4700,1,0.3062499999999999,6791.982131958008,4700,1,0.3062499999999999,11711.663360595703,4700,1,0.3062499999999999,45094.55554199219,4700,1,0.3062499999999999,37284.46755981445,4700,1,0.3062499999999999,46465.34049987793,4700,1,0.3062499999999999,28628.936157226563,4700,1,0.3062499999999999,7266.263641357422,4700,1,0.3062499999999999,7155.223663330078,4700,1,0.3062499999999999,6746.593612670898,4700,1,0.3062499999999999,6963.006942749023,4700,1,0.3062499999999999,3366.8780822753906,3007,3007,3007,3007,3007,3007,3007,3007,3007,3007,3007,3007,4690,4691,3007,3007,3007,4690,3007,3007,3007,3007,3007,4690,81.25,5.263157844543457,0,0,15.000000953674316,15.000000953674316,20,5.555555820465088,16.666667938232422,37.5,0,0,30.000001907348633,0,0,0,0,38.095237731933594,28.571430206298828,100,0,0,0,0,66481098752,12884893696,1611665408,0
99,1780596479992,56581.25114440918,4700,1,0.3062499999999999,6929.202941894531,4700,1,0.3062499999999999,6791.985290527344,4700,1,0.3062499999999999,11711.735076904297,4700,1,0.3062499999999999,45094.959243774414,4700,1,0.3062499999999999,37284.85069274902,4700,1,0.3062499999999999,46465.80114746094,4700,1,0.3062499999999999,28629.626663208008,4700,1,0.3062499999999999,7266.274627685547,4700,1,0.3062499999999999,7155.226745605469,4700,1,0.3062499999999999,6746.596694946289,4700,1,0.3062499999999999,6963.010025024414,4700,1,0.3062499999999999,3372.5431518554688,3007,3007,3007,3007,3007,3007,3007,3007,3007,3007,3007,3007,4690,4691,3007,3007,3007,4690,3007,3007,3007,3007,3007,4690,81.25,5.263157844543457,0,0,15.000000953674316,15.000000953674316,20,5.555555820465088,16.666667938232422,37.5,0,0,30.000001907348633,0,0,0,0,38.095237731933594,28.571430206298828,100,0,0,0,0,66481098752,12884893696,1606197248,0
99,1780596480092,56581.88182067871,4700,1,0.30000000000000004,6929.206024169922,4700,1,0.3062499999999999,6791.988372802734,4700,1,0.3062499999999999,11712.080612182617,4700,1,0.30000000000000004,45095.39643859863,4700,1,0.30000000000000004,37284.96350097656,4700,1,0.3062499999999999,46466.22445678711,4700,1,0.3062499999999999,28630.315521240234,4700,1,0.3062499999999999,7266.285903930664,4700,1,0.3062499999999999,7155.229827880859,4700,1,0.3062499999999999,6746.599761962891,4700,1,0.3062499999999999,6963.013107299805,4700,1,0.3062499999999999,3378.0599365234375,3007,3007,3007,3007,3007,3007,3007,3007,3007,3007,3007,3007,4690,4691,3007,3007,3007,4690,3007,3007,3007,3007,3007,4690,84.21052551269531,10.526315689086914,0,0,35,0,26.3157901763916,5,16.666667938232422,41.17647171020508,0,0,26.3157901763916,0,0,0,0,15.789472579956055,22.22222328186035,100,4.761904716491699,0,0,0,66481098752,12884893696,1605885952,0
99,1780596480192,56582.46109008789,4700,1,0.30000000000000004,6929.209167480469,4700,1,0.3062499999999999,6791.991455078125,4700,1,0.3062499999999999,11712.426849365234,4700,1,0.30000000000000004,45095.804138183594,4700,1,0.30000000000000004,37285.31854248047,4700,1,0.30000000000000004,46466.56707763672,4700,1,0.30000000000000004,28631.00941467285,4700,1,0.30000000000000004,7266.29443359375,4700,1,0.30000000000000004,7155.23291015625,4700,1,0.30000000000000004,6746.602844238281,4700,1,0.30000000000000004,6963.016250610352,4700,1,0.30000000000000004,3383.7381286621094,3007,3007,3007,3007,3007,3007,3007,3007,3007,3007,3007,3007,4690,4691,3007,3007,3007,4690,3007,3007,3007,3007,3007,4690,84.21052551269531,10.526315689086914,0,0,35,0,26.3157901763916,5,16.666667938232422,41.17647171020508,0,0,26.3157901763916,0,0,0,0,15.789472579956055,22.22222328186035,100,4.761904716491699,0,0,0,66481098752,12884893696,1603260416,0
99,1780596480292,56583.07534790039,4700,1,0.3062499999999999,6929.212387084961,4700,1,0.3062499999999999,6791.994659423828,4700,1,0.3062499999999999,11712.625762939453,4700,1,0.3062499999999999,45096.21267700195,4700,1,0.3062499999999999,37285.74024963379,4700,1,0.3062499999999999,46466.86428833008,4700,1,0.3062499999999999,28631.695510864258,4700,1,0.3062499999999999,7266.306655883789,4700,1,0.3062499999999999,7155.235992431641,4700,1,0.3062499999999999,6746.605987548828,4700,1,0.3062499999999999,6963.01936340332,4700,1,0.3062499999999999,3389.417709350586,3007,3007,3007,3007,3007,3007,3007,3007,3007,3007,3007,3007,4690,4691,3007,3007,3007,4690,3007,3007,3007,3007,3007,4690,83.33332824707031,5.263157844543457,0,0,26.3157901763916,10.526315689086914,15.789472579956055,27.77777862548828,0,52.6315803527832,0,0,21.052631378173828,0,0,0,0,5.263157844543457,26.3157901763916,100,0,0,0,0,66481098752,12884893696,1607933952,0
99,1780596480392,56583.58494567871,4700,1,0.3062499999999999,6929.215606689453,4700,1,0.3062499999999999,6791.997802734375,4700,1,0.3062499999999999,11712.963851928711,4700,1,0.3062499999999999,45096.65238952637,4700,1,0.3062499999999999,37286.11782836914,4700,1,0.3062499999999999,46467.23654174805,4700,1,0.3062499999999999,28632.38458251953,4700,1,0.3062499999999999,7266.313766479492,4700,1,0.3062499999999999,7155.239044189453,4700,1,0.3062499999999999,6746.609024047852,4700,1,0.3062499999999999,6963.022476196289,4700,1,0.3062499999999999,3395.0438537597656,3007,3007,3007,3007,3007,3007,3007,3007,3007,3007,3007,3007,4690,4691,3007,3007,3007,4690,3007,3007,3007,3007,3007,4690,83.33332824707031,5.263157844543457,0,0,26.3157901763916,10.526315689086914,15.789472579956055,27.77777862548828,0,52.6315803527832,0,0,21.052631378173828,0,0,0,0,5.263157844543457,26.3157901763916,100,0,0,0,0,66481098752,12884893696,1607258112,0
99,1780596480492,56584.11801147461,4700,1,0.30000000000000004,6929.218658447266,4700,1,0.30000000000000004,6792.0008544921875,4700,1,0.30000000000000004,11713.210876464844,4700,1,0.30000000000000004,45097.09216308594,4700,1,0.30000000000000004,37286.606994628906,4700,1,0.30000000000000004,46467.57664489746,4700,1,0.30000000000000004,28633.07859802246,4700,1,0.30000000000000004,7266.317077636719,4700,1,0.30000000000000004,7155.242126464844,4700,1,0.30000000000000004,6746.612106323242,4700,1,0.30000000000000004,6963.025527954102,4700,1,0.30000000000000004,3400.6439361572266,3007,3007,3007,3007,3007,3007,3007,3007,3007,3007,3007,3007,4690,4691,3007,3007,3007,4690,3007,3007,3007,3007,3007,4690,78.94737243652344,5,0,0,0,16.666667938232422,25,11.111111640930176,23.809524536132813,44.4444465637207,0,0,31.57894515991211,0,0,0,0,31.57894515991211,15.000000953674316,100,4.761904716491699,0,0,0,66481098752,12884893696,1606782976,0
99,1780596480592,56584.68663024902,4700,1,0.3062499999999999,6929.221740722656,4700,1,0.3062499999999999,6792.003936767578,4700,1,0.3062499999999999,11713.406341552734,4700,1,0.3062499999999999,45097.53088378906,4700,1,0.3062499999999999,37286.99644470215,4700,1,0.3062499999999999,46468.05596923828,4700,1,0.3062499999999999,28633.74952697754,4700,1,0.3062499999999999,7266.320327758789,4700,1,0.3062499999999999,7155.245208740234,4700,1,0.3062499999999999,6746.615188598633,4700,1,0.3062499999999999,6963.028610229492,4700,1,0.3062499999999999,3406.2970428466797,3007,3007,3007,3007,3007,3007,3007,3007,3007,3007,3007,3007,4690,4691,3007,3007,3007,4690,3007,3007,3007,3007,3007,4690,78.94737243652344,5,0,0,0,16.666667938232422,25,11.111111640930176,23.809524536132813,44.4444465637207,0,0,31.57894515991211,0,0,0,0,31.57894515991211,15.000000953674316,100,4.761904716491699,0,0,0,66481098752,12884893696,1610399744,0
99,1780596480692,56585.24215698242,4700,1,0.30000000000000004,6929.231887817383,4700,1,0.30000000000000004,6792.007049560547,4700,1,0.30000000000000004,11713.675994873047,4700,1,0.30000000000000004,45097.945724487305,4700,1,0.30000000000000004,37287.47459411621,4700,1,0.30000000000000004,46468.44807434082,4700,1,0.30000000000000004,28634.43344116211,4700,1,0.30000000000000004,7266.323471069336,4700,1,0.30000000000000004,7155.248291015625,4700,1,0.30000000000000004,6746.618270874023,4700,1,0.30000000000000004,6963.031692504883,4700,1,0.30000000000000004,3412.026336669922,3007,3007,3007,3007,3007,3007,3007,3007,3007,3007,3007,3007,4690,4691,3007,3007,3007,4690,3007,3007,3007,3007,3007,4690,82.35294342041016,15.000000953674316,0,0,0,0,29.411766052246094,26.3157901763916,25,50,0,0,10.526315689086914,0,0,0,0,22.22222328186035,20,100,0,0,0,0,66481098752,12884893696,1610489856,0
99,1780596480792,56585.84786987305,4700,1,0.3062499999999999,6929.235046386719,4700,1,0.3062499999999999,6792.010162353516,4700,1,0.3062499999999999,11713.882431030273,4700,1,0.3062499999999999,45098.368911743164,4700,1,0.3062499999999999,37287.864166259766,4700,1,0.3062499999999999,46468.906158447266,4700,1,0.3062499999999999,28635.10382080078,4700,1,0.3062499999999999,7266.326675415039,4700,1,0.3062499999999999,7155.251358032227,4700,1,0.3062499999999999,6746.623275756836,4700,1,0.3062499999999999,6963.034805297852,4700,1,0.3062499999999999,3417.655242919922,3007,3007,3007,3007,3007,3007,3007,3007,3007,3007,3007,3007,4690,4691,3007,3007,3007,4690,3007,3007,3007,3007,3007,4690,82.35294342041016,15.000000953674316,0,0,0,0,29.411766052246094,26.3157901763916,25,50,0,0,10.526315689086914,0,0,0,0,22.22222328186035,20,100,0,0,0,0,66481098752,12884893696,1608556544,0
99,1780596480892,56586.4532623291,4700,1,0.3062499999999999,6929.238189697266,4700,1,0.3062499999999999,6792.013244628906,4700,1,0.3062499999999999,11714.236038208008,4700,1,0.3062499999999999,45098.809326171875,4700,1,0.3062499999999999,37288.11682128906,4700,1,0.3062499999999999,46469.29554748535,4700,1,0.3062499999999999,28635.7703704834,4700,1,0.3062499999999999,7266.329788208008,4700,1,0.3062499999999999,7155.254440307617,4700,1,0.3062499999999999,6746.632339477539,4700,1,0.3062499999999999,6963.037887573242,4700,1,0.3062499999999999,3423.343978881836,3007,3007,3007,3007,3007,3007,3007,3007,3007,3007,3007,3007,4690,4691,3007,3007,3007,4690,3007,3007,3007,3007,3007,4690,82.35294342041016,15.000000953674316,0,0,0,0,29.411766052246094,26.3157901763916,25,50,0,0,10.526315689086914,0,0,0,0,22.22222328186035,20,100,0,0,0,0,66481098752,12884893696,1602457600,0
99,1780596480992,56587.07392883301,4700,1,0.3062499999999999,6929.241271972656,4700,1,0.3062499999999999,6792.016326904297,4700,1,0.3062499999999999,11714.526550292969,4700,1,0.3062499999999999,45099.17218017578,4700,1,0.3062499999999999,37288.52381896973,4700,1,0.3062499999999999,46469.64791870117,4700,1,0.3062499999999999,28636.458419799805,4700,1,0.3062499999999999,7266.332870483398,4700,1,0.3062499999999999,7155.257522583008,4700,1,0.3062499999999999,6746.639633178711,4700,1,0.3062499999999999,6963.040969848633,4700,1,0.3062499999999999,3429.026107788086,3007,3007,3007,3007,3007,3007,3007,3007,3007,3007,3007,3007,4690,4691,3007,3007,3007,4690,3007,3007,3007,3007,3007,4690,82.14286041259766,20.689655303955078,0,0,31.034481048583984,6.45161247253418,24.137929916381836,14.285715103149414,22.22222328186035,40.74074172973633,0,0,14.814814567565918,0,0,0,0,13.793103218078613,13.793103218078613,100,0,0,0,0,66481098752,12884893696,1610543104,0
99,1780596481092,56587.62796020508,4700,1,0.30000000000000004,6929.244354248047,4700,1,0.30000000000000004,6792.0194091796875,4700,1,0.30000000000000004,11714.854461669922,4700,1,0.30000000000000004,45099.59120178223,4700,1,0.30000000000000004,37288.86380004883,4700,1,0.30000000000000004,46470.033264160156,4700,1,0.30000000000000004,28637.141525268555,4700,1,0.30000000000000004,7266.335922241211,4700,1,0.30000000000000004,7155.26057434082,4700,1,0.30000000000000004,6746.64599609375,4700,1,0.30000000000000004,6963.044021606445,4700,1,0.30000000000000004,3434.7002716064453,3007,3007,3007,3007,3007,3007,3007,3007,3007,3007,3007,3007,4690,4691,3007,3007,3007,4690,3007,3007,3007,3007,3007,4690,82.14286041259766,20.689655303955078,0,0,31.034481048583984,6.45161247253418,24.137929916381836,14.285715103149414,22.22222328186035,40.74074172973633,0,0,14.814814567565918,0,0,0,0,13.793103218078613,13.793103218078613,100,0,0,0,0,66481098752,12884893696,1605066752,0
99,1780596481192,56588.19828796387,4700,1,0.30000000000000004,6929.247528076172,4700,1,0.30000000000000004,6792.022521972656,4700,1,0.30000000000000004,11715.04281616211,4700,1,0.30000000000000004,45100.045501708984,4700,1,0.30000000000000004,37289.32711791992,4700,1,0.30000000000000004,46470.38813781738,4700,1,0.30000000000000004,28637.835220336914,4700,1,0.30000000000000004,7266.339004516602,4700,1,0.30000000000000004,7155.263656616211,4700,1,0.30000000000000004,6746.651901245117,4700,1,0.30000000000000004,6963.047134399414,4700,1,0.30000000000000004,3440.275100708008,3007,3007,3007,3007,3007,3007,3007,3007,3007,3007,3007,3007,4690,4691,3007,3007,3007,4690,3007,3007,3007,3007,3007,4690,84.21052551269531,5.263157844543457,0,0,15.000000953674316,0,35,11.111111640930176,31.57894515991211,52.6315803527832,0,0,16.666667938232422,0,0,0,0,26.3157901763916,5,100,0,0,0,0,66481098752,12884893696,1604452352,0
99,1780596481292,56588.78569030762,4700,1,0.3062499999999999,6929.250869750977,4700,1,0.3062499999999999,6792.025726318359,4700,1,0.3062499999999999,11715.347305297852,4700,1,0.3062499999999999,45100.45356750488,4700,1,0.3062499999999999,37289.78192138672,4700,1,0.3062499999999999,46470.6139831543,4700,1,0.3062499999999999,28638.52264404297,4700,1,0.3062499999999999,7266.342086791992,4700,1,0.3062499999999999,7155.266738891602,4700,1,0.3062499999999999,6746.657424926758,4700,1,0.3062499999999999,6963.050323486328,4700,1,0.3062499999999999,3445.902542114258,3007,3007,3007,3007,3007,3007,3007,3007,3007,3007,3007,3007,4690,4691,3007,3007,3007,4690,3007,3007,3007,3007,3007,4690,84.21052551269531,5.263157844543457,0,0,15.000000953674316,0,35,11.111111640930176,31.57894515991211,52.6315803527832,0,0,16.666667938232422,0,0,0,0,26.3157901763916,5,100,0,0,0,0,66481098752,12884893696,1602310144,0
99,1780596481392,56589.39677429199,4700,1,0.3062499999999999,6929.254013061523,4700,1,0.3062499999999999,6792.02880859375,4700,1,0.3062499999999999,11715.638565063477,4700,1,0.3062499999999999,45100.87742614746,4700,1,0.3062499999999999,37290.17253112793,4700,1,0.3062499999999999,46470.94137573242,4700,1,0.3062499999999999,28639.214477539063,4700,1,0.3062499999999999,7266.345184326172,4700,1,0.3062499999999999,7155.269821166992,4700,1,0.3062499999999999,6746.671432495117,4700,1,0.3062499999999999,6963.053405761719,4700,1,0.3062499999999999,3451.5477294921875,3007,3007,3007,3007,3007,3007,3007,3007,3007,3007,3007,3007,4690,4691,3007,3007,3007,4690,3007,3007,3007,3007,3007,4690,85,25,0,0,30.000001907348633,5,25,35,22.22222328186035,44.4444465637207,0,0,30.000001907348633,0,0,0,0,10.526315689086914,0,100,0,0,0,0,66481098752,12884893696,1609105408,0
99,1780596481492,56589.98733520508,4700,1,0.3062499999999999,6929.257095336914,4700,1,0.3062499999999999,6792.031890869141,4700,1,0.3062499999999999,11715.982147216797,4700,1,0.3062499999999999,45101.27745056152,4700,1,0.3062499999999999,37290.591079711914,4700,1,0.3062499999999999,46471.292892456055,4700,1,0.3062499999999999,28639.88914489746,4700,1,0.3062499999999999,7266.3482666015625,4700,1,0.3062499999999999,7155.272903442383,4700,1,0.3062499999999999,6746.685119628906,4700,1,0.3062499999999999,6963.056488037109,4700,1,0.3062499999999999,3457.303192138672,3007,3007,3007,3007,3007,3007,3007,3007,3007,3007,3007,3007,4690,4691,3007,3007,3007,4690,3007,3007,3007,3007,3007,4690,85,25,0,0,30.000001907348633,5,25,35,22.22222328186035,44.4444465637207,0,0,30.000001907348633,0,0,0,0,10.526315689086914,0,100,0,0,0,0,66481098752,12884893696,1608318976,0
99,1780596481593,56590.585220336914,4700,1,0.30000000000000004,6929.26025390625,4700,1,0.3062499999999999,6792.0350341796875,4700,1,0.3062499999999999,11716.277450561523,4700,1,0.30000000000000004,45101.58428955078,4700,1,0.30000000000000004,37291.04364013672,4700,1,0.30000000000000004,46471.64122009277,4700,1,0.30000000000000004,28640.584915161133,4700,1,0.3062499999999999,7266.3514404296875,4700,1,0.3062499999999999,7155.275985717773,4700,1,0.3062499999999999,6746.697937011719,4700,1,0.3062499999999999,6963.0595703125,4700,1,0.3062499999999999,3462.964584350586,3007,3007,3007,3007,3007,3007,3007,3007,3007,3007,3007,3007,4690,4691,3007,3007,3007,4690,3007,3007,3007,3007,3007,4690,82.35294342041016,23.52941131591797,0,0,21.052631378173828,0,11.111111640930176,23.52941131591797,5.263157844543457,52.38095474243164,0,0,10.526315689086914,0,0,0,0,15.789472579956055,26.3157901763916,100,0,0,0,0,66481098752,12884893696,1602973696,0
99,1780596481693,56591.13479614258,4700,1,0.30000000000000004,6929.263458251953,4700,1,0.30000000000000004,6792.038116455078,4700,1,0.30000000000000004,11716.59536743164,4700,1,0.30000000000000004,45102.003997802734,4700,1,0.30000000000000004,37291.45523071289,4700,1,0.30000000000000004,46471.9992980957,4700,1,0.30000000000000004,28641.270553588867,4700,1,0.30000000000000004,7266.354843139648,4700,1,0.30000000000000004,7155.279067993164,4700,1,0.30000000000000004,6746.710479736328,4700,1,0.30000000000000004,6963.062652587891,4700,1,0.30000000000000004,3468.6534881591797,3007,3007,3007,3007,3007,3007,3007,3007,3007,3007,3007,3007,4690,4691,3007,3007,3007,4690,3007,3007,3007,3007,3007,4690,82.35294342041016,23.52941131591797,0,0,21.052631378173828,0,11.111111640930176,23.52941131591797,5.263157844543457,52.38095474243164,0,0,10.526315689086914,0,0,0,0,15.789472579956055,26.3157901763916,100,0,0,0,0,66481098752,12884893696,1610436608,0
99,1780596481793,56591.74249267578,4700,1,0.30000000000000004,6929.266647338867,4700,1,0.30000000000000004,6792.041305541992,4700,1,0.30000000000000004,11716.925811767578,4700,1,0.30000000000000004,45102.26612854004,4700,1,0.30000000000000004,37291.81301879883,4700,1,0.30000000000000004,46472.451080322266,4700,1,0.30000000000000004,28641.95863342285,4700,1,0.30000000000000004,7266.3580322265625,4700,1,0.30000000000000004,7155.282409667969,4700,1,0.30000000000000004,6746.717956542969,4700,1,0.30000000000000004,6963.065841674805,4700,1,0.30000000000000004,3474.311050415039,3007,3007,3007,3007,3007,3007,3007,3007,3007,3007,3007,3007,4690,4691,3007,3007,3007,4690,3007,3007,3007,3007,3007,4690,84.21052551269531,20,0,0,25,14.285715103149414,15.789472579956055,18.75,21.7391300201416,41.17647171020508,0,0,5.882352828979492,0,0,0,0,0,31.57894515991211,100,0,0,0,0,66481098752,12884893696,1602568192,0
99,1780596481893,56592.36212158203,4700,1,0.30000000000000004,6929.269760131836,4700,1,0.30000000000000004,6792.044357299805,4700,1,0.30000000000000004,11717.267272949219,4700,1,0.30000000000000004,45102.55123901367,4700,1,0.30000000000000004,37292.19546508789,4700,1,0.30000000000000004,46472.88789367676,4700,1,0.30000000000000004,28642.633361816406,4700,1,0.30000000000000004,7266.361145019531,4700,1,0.30000000000000004,7155.285491943359,4700,1,0.30000000000000004,6746.730224609375,4700,1,0.30000000000000004,6963.068893432617,4700,1,0.30000000000000004,3479.958282470703,3007,3007,3007,3007,3007,3007,3007,3007,3007,3007,3007,3007,4690,4691,3007,3007,3007,4690,3007,3007,3007,3007,3007,4690,84.21052551269531,20,0,0,25,14.285715103149414,15.789472579956055,18.75,21.7391300201416,41.17647171020508,0,0,5.882352828979492,0,0,0,0,0,31.57894515991211,100,0,0,0,0,66481098752,12884893696,1598586880,0
99,1780596481993,56592.99186706543,4700,1,0.3062499999999999,6929.272918701172,4700,1,0.3062499999999999,6792.047500610352,4700,1,0.3062499999999999,11717.473327636719,4700,1,0.3062499999999999,45103.03909301758,4700,1,0.3062499999999999,37292.3585357666,4700,1,0.3062499999999999,46473.34614562988,4700,1,0.3062499999999999,28643.314849853516,4700,1,0.3062499999999999,7266.364227294922,4700,1,0.3062499999999999,7155.288589477539,4700,1,0.3062499999999999,6746.735702514648,4700,1,0.3062499999999999,6963.071975708008,4700,1,0.3062499999999999,3485.5860595703125,3007,3007,3007,3007,3007,3007,3007,3007,3007,3007,3007,3007,4690,4691,3007,3007,3007,4690,3007,3007,3007,3007,3007,4690,84.21052551269531,10.526315689086914,0,0,35,5.263157844543457,26.3157901763916,25,16.666667938232422,41.17647171020508,0,0,21.052631378173828,0,0,0,0,9.523809432983398,23.52941131591797,100,0,0,0,0,66481098752,12884893696,1597698048,0
99,1780596482093,56593.54292297363,4700,1,0.3062499999999999,6929.276062011719,4700,1,0.3062499999999999,6792.050598144531,4700,1,0.3062499999999999,11717.91162109375,4700,1,0.3062499999999999,45103.402908325195,4700,1,0.3062499999999999,37292.731994628906,4700,1,0.3062499999999999,46473.75567626953,4700,1,0.3062499999999999,28643.972061157227,4700,1,0.3062499999999999,7266.3673095703125,4700,1,0.3062499999999999,7155.29167175293,4700,1,0.3062499999999999,6746.749908447266,4700,1,0.3062499999999999,6963.075057983398,4700,1,0.3062499999999999,3491.3370513916016,3007,3007,3007,3007,3007,3007,3007,3007,3007,3007,3007,3007,4690,4691,3007,3007,3007,4690,3007,3007,3007,3007,3007,4690,84.21052551269531,10.526315689086914,0,0,35,5.263157844543457,26.3157901763916,25,16.666667938232422,41.17647171020508,0,0,21.052631378173828,0,0,0,0,9.523809432983398,23.52941131591797,100,0,0,0,0,66481098752,12884893696,1603674112,0
99,1780596482193,56594.13594055176,4700,1,0.3062499999999999,6929.279205322266,4700,1,0.3062499999999999,6792.053680419922,4700,1,0.3062499999999999,11718.239074707031,4700,1,0.3062499999999999,45103.78369140625,4700,1,0.3062499999999999,37293.13650512695,4700,1,0.3062499999999999,46474.17643737793,4700,1,0.3062499999999999,28644.652725219727,4700,1,0.3062499999999999,7266.370391845703,4700,1,0.3062499999999999,7155.29475402832,4700,1,0.3062499999999999,6746.765075683594,4700,1,0.3062499999999999,6963.078231811523,4700,1,0.3062499999999999,3497.0977325439453,3007,3007,3007,3007,3007,3007,3007,3007,3007,3007,3007,3007,4690,4691,3007,3007,3007,4690,3007,3007,3007,3007,3007,4690,83.33332824707031,10.526315689086914,0,0,20,26.3157901763916,31.57894515991211,31.57894515991211,26.3157901763916,38.88888931274414,0,0,4.761904716491699,0,0,0,0,5,27.272727966308594,100,0,0,0,0,66481098752,12884893696,1599852544,0
99,1780596482293,56594.745346069336,4700,1,0.3062499999999999,6929.282516479492,4700,1,0.3062499999999999,6792.056915283203,4700,1,0.3062499999999999,11718.432571411133,4700,1,0.3062499999999999,45104.18667602539,4700,1,0.3062499999999999,37293.543380737305,4700,1,0.3062499999999999,46474.63035583496,4700,1,0.3062499999999999,28645.332794189453,4700,1,0.3062499999999999,7266.373626708984,4700,1,0.3062499999999999,7155.297836303711,4700,1,0.3062499999999999,6746.773788452148,4700,1,0.3062499999999999,6963.08137512207,4700,1,0.3062499999999999,3502.792495727539,3007,3007,3007,3007,3007,3007,3007,3007,3007,3007,3007,3007,4690,4691,3007,3007,3007,4690,3007,3007,3007,3007,3007,4690,83.33332824707031,10.526315689086914,0,0,20,26.3157901763916,31.57894515991211,31.57894515991211,26.3157901763916,38.88888931274414,0,0,4.761904716491699,0,0,0,0,5,27.272727966308594,100,0,0,0,0,66481098752,12884893696,1599180800,0
99,1780596482393,56595.35542297363,4700,1,0.3062499999999999,6929.285675048828,4700,1,0.3062499999999999,6792.060028076172,4700,1,0.3062499999999999,11718.726516723633,4700,1,0.3062499999999999,45104.552810668945,4700,1,0.3062499999999999,37293.914291381836,4700,1,0.3062499999999999,46475.047607421875,4700,1,0.3062499999999999,28646.016571044922,4700,1,0.3062499999999999,7266.376708984375,4700,1,0.3062499999999999,7155.300964355469,4700,1,0.3062499999999999,6746.785980224609,4700,1,0.3062499999999999,6963.084457397461,4700,1,0.3062499999999999,3508.4720306396484,3007,3007,3007,3007,3007,3007,3007,3007,3007,3007,3007,3007,4690,4691,3007,3007,3007,4690,3007,3007,3007,3007,3007,4690,88.23529815673828,10,0,0,31.57894515991211,0,29.411766052246094,22.22222328186035,25,47.36842346191406,0,0,0,0,0,0,0,5.555555820465088,22.22222328186035,100,0,0,0,0,66481098752,12884893696,1602371584,0
99,1780596482493,56595.98696899414,4700,1,0.3062499999999999,6929.288757324219,4700,1,0.3062499999999999,6792.0631103515625,4700,1,0.3062499999999999,11719.044128417969,4700,1,0.3062499999999999,45104.949768066406,4700,1,0.3062499999999999,37294.41160583496,4700,1,0.3062499999999999,46475.520584106445,4700,1,0.3062499999999999,28646.58071899414,4700,1,0.3062499999999999,7266.379821777344,4700,1,0.3062499999999999,7155.304046630859,4700,1,0.3062499999999999,6746.795166015625,4700,1,0.3062499999999999,6963.087539672852,4700,1,0.3062499999999999,3514.348892211914,3007,3007,3007,3007,3007,3007,3007,3007,3007,3007,3007,3007,4690,4691,3007,3007,3007,4690,3007,3007,3007,3007,3007,4690,88.23529815673828,10,0,0,31.57894515991211,0,29.411766052246094,22.22222328186035,25,47.36842346191406,0,0,0,0,0,0,0,5.555555820465088,22.22222328186035,100,0,0,0,0,66481098752,12884893696,1600503808,0
99,1780596482593,56596.63619995117,4700,1,0.3062499999999999,6929.292007446289,4700,1,0.3062499999999999,6792.066345214844,4700,1,0.3062499999999999,11719.395950317383,4700,1,0.3062499999999999,45105.4229888916,4700,1,0.3062499999999999,37294.823471069336,4700,1,0.3062499999999999,46476.00880432129,4700,1,0.3062499999999999,28647.119537353516,4700,1,0.3062499999999999,7266.383285522461,4700,1,0.3062499999999999,7155.307205200195,4700,1,0.3062499999999999,6746.798370361328,4700,1,0.3062499999999999,6963.090759277344,4700,1,0.3062499999999999,3520.3038177490234,3007,3007,3007,3007,3007,3007,3007,3007,3007,3007,3007,3007,4690,4691,3007,3007,3007,4690,3007,3007,3007,3007,3007,4690,90,21.052631378173828,0,0,33.333335876464844,18.18181800842285,36.842105865478516,40,27.77777862548828,5,0,0,10.526315689086914,0,0,0,0,25,31.57894515991211,100,0,0,0,0,66481098752,12884893696,1597362176,0
99,1780596482693,56597.275329589844,4700,1,0.30000000000000004,6929.295364379883,4700,1,0.30000000000000004,6792.0694580078125,4700,1,0.30000000000000004,11719.665176391602,4700,1,0.30000000000000004,45105.90269470215,4700,1,0.30000000000000004,37295.313873291016,4700,1,0.30000000000000004,46476.47961425781,4700,1,0.30000000000000004,28647.659942626953,4700,1,0.30000000000000004,7266.386444091797,4700,1,0.30000000000000004,7155.310256958008,4700,1,0.30000000000000004,6746.801452636719,4700,1,0.30000000000000004,6963.093811035156,4700,1,0.30000000000000004,3526.1492919921875,3007,3007,3007,3007,3007,3007,3007,3007,3007,3007,3007,3007,4690,4691,3007,3007,3007,4690,3007,3007,3007,3007,3007,4690,90,21.052631378173828,0,0,33.333335876464844,18.18181800842285,36.842105865478516,40,27.77777862548828,5,0,0,10.526315689086914,0,0,0,0,25,31.57894515991211,100,0,0,0,0,66481098752,12884893696,1603993600,0
99,1780596482793,56597.9217376709,4700,1,0.3062499999999999,6929.298568725586,4700,1,0.3062499999999999,6792.072540283203,4700,1,0.3062499999999999,11719.894500732422,4700,1,0.3062499999999999,45106.39245605469,4700,1,0.3062499999999999,37295.66523742676,4700,1,0.3062499999999999,46476.95066833496,4700,1,0.3062499999999999,28648.291778564453,4700,1,0.3062499999999999,7266.389862060547,4700,1,0.3062499999999999,7155.313400268555,4700,1,0.3062499999999999,6746.804473876953,4700,1,0.3062499999999999,6963.096954345703,4700,1,0.3062499999999999,3531.9464721679688,3007,3007,3007,3007,3007,3007,3007,3007,3007,3007,3007,3007,4690,4691,3007,3007,3007,4690,3007,3007,3007,3007,3007,4690,94.44444274902344,5,0,0,33.333335876464844,5.555555820465088,31.57894515991211,15.789472579956055,36.842105865478516,15.000000953674316,0,0,31.57894515991211,0,0,0,0,27.77777862548828,16.666667938232422,100,0,0,0,0,66481098752,12884893696,1601241088,0
99,1780596482893,56598.53926086426,4700,1,0.3062499999999999,6929.301712036133,4700,1,0.3062499999999999,6792.075622558594,4700,1,0.3062499999999999,11720.25082397461,4700,1,0.3062499999999999,45106.78482055664,4700,1,0.3062499999999999,37296.019287109375,4700,1,0.3062499999999999,46477.36700439453,4700,1,0.3062499999999999,28648.976150512695,4700,1,0.3062499999999999,7266.393142700195,4700,1,0.3062499999999999,7155.316482543945,4700,1,0.3062499999999999,6746.807586669922,4700,1,0.3062499999999999,6963.100067138672,4700,1,0.3062499999999999,3537.7342529296875,3007,3007,3007,3007,3007,3007,3007,3007,3007,3007,3007,3007,4690,4691,3007,3007,3007,4690,3007,3007,3007,3007,3007,4690,94.44444274902344,5,0,0,33.333335876464844,5.555555820465088,31.57894515991211,15.789472579956055,36.842105865478516,15.000000953674316,0,0,31.57894515991211,0,0,0,0,27.77777862548828,16.666667938232422,100,0,0,0,0,66481098752,12884893696,1599057920,0
99,1780596482993,56599.106369018555,4700,1,0.3062499999999999,6929.304794311523,4700,1,0.3062499999999999,6792.078704833984,4700,1,0.3062499999999999,11720.612701416016,4700,1,0.3062499999999999,45107.24458312988,4700,1,0.3062499999999999,37296.28958129883,4700,1,0.3062499999999999,46477.83711242676,4700,1,0.3062499999999999,28649.666244506836,4700,1,0.3062499999999999,7266.396270751953,4700,1,0.3062499999999999,7155.319564819336,4700,1,0.3062499999999999,6746.8106689453125,4700,1,0.3062499999999999,6963.1031494140625,4700,1,0.3062499999999999,3543.353469848633,3007,3007,3007,3007,3007,3007,3007,3007,3007,3007,3007,3007,4690,4691,3007,3007,3007,4690,3007,3007,3007,3007,3007,4690,81.25,10.526315689086914,0,0,26.3157901763916,16.666667938232422,21.052631378173828,5.263157844543457,35,41.17647171020508,0,0,16.666667938232422,0,0,0,0,10.526315689086914,21.052631378173828,100,0,0,0,0,66481098752,12884893696,1596854272,0
99,1780596483093,56599.73109436035,4700,1,0.3062499999999999,6929.307952880859,4700,1,0.3062499999999999,6792.081848144531,4700,1,0.3062499999999999,11720.95816040039,4700,1,0.3062499999999999,45107.5263671875,4700,1,0.3062499999999999,37296.62188720703,4700,1,0.3062499999999999,46478.27197265625,4700,1,0.3062499999999999,28650.351104736328,4700,1,0.3062499999999999,7266.399353027344,4700,1,0.3062499999999999,7155.322647094727,4700,1,0.3062499999999999,6746.813766479492,4700,1,0.3062499999999999,6963.106231689453,4700,1,0.3062499999999999,3549.012893676758,3007,3007,3007,3007,3007,3007,3007,3007,3007,3007,3007,3007,4690,4691,3007,3007,3007,4690,3007,3007,3007,3007,3007,4690,81.25,10.526315689086914,0,0,26.3157901763916,16.666667938232422,21.052631378173828,5.263157844543457,35,41.17647171020508,0,0,16.666667938232422,0,0,0,0,10.526315689086914,21.052631378173828,100,0,0,0,0,66481098752,12884893696,1602740224,0
99,1780596483193,56600.26628112793,4700,1,0.3062499999999999,6929.311096191406,4700,1,0.3062499999999999,6792.084930419922,4700,1,0.3062499999999999,11721.270904541016,4700,1,0.3062499999999999,45107.92803955078,4700,1,0.3062499999999999,37296.99073791504,4700,1,0.3062499999999999,46478.72006225586,4700,1,0.3062499999999999,28651.045349121094,4700,1,0.3062499999999999,7266.402496337891,4700,1,0.3062499999999999,7155.325729370117,4700,1,0.3062499999999999,6746.816833496094,4700,1,0.3062499999999999,6963.109313964844,4700,1,0.3062499999999999,3554.710464477539,3007,3007,3007,3007,3007,3007,3007,3007,3007,3007,3007,3007,4690,4691,3007,3007,3007,4690,3007,3007,3007,3007,3007,4690,84.21052551269531,16.666667938232422,0,0,25,5,5.882352828979492,20,21.052631378173828,47.05882263183594,0,0,20,0,0,0,0,10.526315689086914,30.000001907348633,100,0,0,0,0,66481098752,12884893696,1602641920,0
99,1780596483293,56600.88578796387,4700,1,0.3062499999999999,6929.314361572266,4700,1,0.3062499999999999,6792.088134765625,4700,1,0.3062499999999999,11721.559173583984,4700,1,0.3062499999999999,45108.390548706055,4700,1,0.3062499999999999,37297.32165527344,4700,1,0.3062499999999999,46479.13676452637,4700,1,0.3062499999999999,28651.725067138672,4700,1,0.3062499999999999,7266.405670166016,4700,1,0.3062499999999999,7155.32878112793,4700,1,0.3062499999999999,6746.819931030273,4700,1,0.3062499999999999,6963.112396240234,4700,1,0.3062499999999999,3560.428192138672,3007,3007,3007,3007,3007,3007,3007,3007,3007,3007,3007,3007,4690,4691,3007,3007,3007,4690,3007,3007,3007,3007,3007,4690,84.21052551269531,16.666667938232422,0,0,25,5,5.882352828979492,20,21.052631378173828,47.05882263183594,0,0,20,0,0,0,0,10.526315689086914,30.000001907348633,100,0,0,0,0,66481098752,12884893696,1602449408,0
99,1780596483394,56601.49591064453,4700,1,0.3062499999999999,6929.3175048828125,4700,1,0.3062499999999999,6792.0911865234375,4700,1,0.3062499999999999,11721.883041381836,4700,1,0.3062499999999999,45108.86682128906,4700,1,0.3062499999999999,37297.47918701172,4700,1,0.3062499999999999,46479.5256652832,4700,1,0.3062499999999999,28652.417922973633,4700,1,0.3062499999999999,7266.408782958984,4700,1,0.3062499999999999,7155.33186340332,4700,1,0.3062499999999999,6746.822998046875,4700,1,0.3062499999999999,6963.115539550781,4700,1,0.3062499999999999,3565.974319458008,3007,3007,3007,3007,3007,3007,3007,3007,3007,3007,3007,3007,4690,4691,3007,3007,3007,4690,3007,3007,3007,3007,3007,4690,82.35294342041016,15.000000953674316,0,0,36.3636360168457,5.263157844543457,27.77777862548828,15.789472579956055,22.22222328186035,50,0,0,26.3157901763916,0,0,0,0,0,20,100,0,0,0,0,66481098752,12884893696,1606475776,0
99,1780596483494,56602.09896850586,4700,1,0.3062499999999999,6929.320648193359,4700,1,0.3062499999999999,6792.094329833984,4700,1,0.3062499999999999,11722.291412353516,4700,1,0.3062499999999999,45109.22930908203,4700,1,0.3062499999999999,37297.74363708496,4700,1,0.3062499999999999,46479.874908447266,4700,1,0.3062499999999999,28653.10287475586,4700,1,0.3062499999999999,7266.411865234375,4700,1,0.3062499999999999,7155.334976196289,4700,1,0.3062499999999999,6746.826126098633,4700,1,0.3062499999999999,6963.11865234375,4700,1,0.3062499999999999,3571.6153259277344,3007,3007,3007,3007,3007,3007,3007,3007,3007,3007,3007,3007,4690,4691,3007,3007,3007,4690,3007,3007,3007,3007,3007,4690,82.35294342041016,15.000000953674316,0,0,36.3636360168457,5.263157844543457,27.77777862548828,15.789472579956055,22.22222328186035,50,0,0,26.3157901763916,0,0,0,0,0,20,100,0,0,0,0,66481098752,12884893696,1603645440,0
99,1780596483594,56602.71908569336,4700,1,0.30000000000000004,6929.32373046875,4700,1,0.30000000000000004,6792.097412109375,4700,1,0.30000000000000004,11722.600448608398,4700,1,0.30000000000000004,45109.61186218262,4700,1,0.30000000000000004,37298.17611694336,4700,1,0.30000000000000004,46480.26495361328,4700,1,0.30000000000000004,28653.792190551758,4700,1,0.30000000000000004,7266.4150390625,4700,1,0.30000000000000004,7155.33805847168,4700,1,0.30000000000000004,6746.829208374023,4700,1,0.30000000000000004,6963.121734619141,4700,1,0.30000000000000004,3577.3172607421875,3007,3007,3007,3007,3007,3007,3007,3007,3007,3007,3007,3007,4690,4691,3007,3007,3007,4690,3007,3007,3007,3007,3007,4690,83.33332824707031,5.882352828979492,0,0,31.57894515991211,15.789472579956055,15.000000953674316,20,26.3157901763916,50,0,0,26.3157901763916,0,0,0,0,11.111111640930176,5.263157844543457,100,0,0,0,0,66481098752,12884893696,1602269184,0
99,1780596483694,56603.32237243652,4700,1,0.3062499999999999,6929.327331542969,4700,1,0.30000000000000004,6792.100494384766,4700,1,0.30000000000000004,11722.795867919922,4700,1,0.3062499999999999,45109.98936462402,4700,1,0.3062499999999999,37298.52865600586,4700,1,0.30000000000000004,46480.73182678223,4700,1,0.30000000000000004,28654.479949951172,4700,1,0.30000000000000004,7266.418121337891,4700,1,0.30000000000000004,7155.34114074707,4700,1,0.30000000000000004,6746.832275390625,4700,1,0.30000000000000004,6963.124816894531,4700,1,0.30000000000000004,3582.9871215820313,3007,3007,3007,3007,3007,3007,3007,3007,3007,3007,3007,3007,4690,4691,3007,3007,3007,4690,3007,3007,3007,3007,3007,4690,83.33332824707031,5.882352828979492,0,0,31.57894515991211,15.789472579956055,15.000000953674316,20,26.3157901763916,50,0,0,26.3157901763916,0,0,0,0,11.111111640930176,5.263157844543457,100,0,0,0,0,66481098752,12884893696,1600880640,0
99,1780596483794,56603.94581604004,4700,1,0.3062499999999999,6929.330413818359,4700,1,0.3062499999999999,6792.103576660156,4700,1,0.3062499999999999,11722.970581054688,4700,1,0.3062499999999999,45110.385482788086,4700,1,0.3062499999999999,37298.88639831543,4700,1,0.3062499999999999,46481.19599914551,4700,1,0.3062499999999999,28655.164596557617,4700,1,0.3062499999999999,7266.4212646484375,4700,1,0.3062499999999999,7155.344253540039,4700,1,0.3062499999999999,6746.835357666016,4700,1,0.3062499999999999,6963.127899169922,4700,1,0.3062499999999999,3588.644744873047,3007,3007,3007,3007,3007,3007,3007,3007,3007,3007,3007,3007,4690,4691,3007,3007,3007,4690,3007,3007,3007,3007,3007,4690,84.21052551269531,4.761904716491699,0,0,27.77777862548828,0,16.666667938232422,14.285715103149414,22.22222328186035,44.4444465637207,0,0,25,0,0,0,0,15.789472579956055,26.3157901763916,100,0,0,0,0,66481098752,12884893696,1606774784,0
99,1780596483894,56604.470626831055,4700,1,0.3062499999999999,6929.33366394043,4700,1,0.3062499999999999,6792.106735229492,4700,1,0.3062499999999999,11723.289184570313,4700,1,0.3062499999999999,45110.85304260254,4700,1,0.3062499999999999,37299.297119140625,4700,1,0.3062499999999999,46481.55625915527,4700,1,0.3062499999999999,28655.85511779785,4700,1,0.3062499999999999,7266.424346923828,4700,1,0.3062499999999999,7155.34733581543,4700,1,0.3062499999999999,6746.838394165039,4700,1,0.3062499999999999,6963.131011962891,4700,1,0.3062499999999999,3594.3463439941406,3007,3007,3007,3007,3007,3007,3007,3007,3007,3007,3007,3007,4690,4691,3007,3007,3007,4690,3007,3007,3007,3007,3007,4690,84.21052551269531,4.761904716491699,0,0,27.77777862548828,0,16.666667938232422,14.285715103149414,22.22222328186035,44.4444465637207,0,0,25,0,0,0,0,15.789472579956055,26.3157901763916,100,0,0,0,0,66481098752,12884893696,1604702208,0
99,1780596483994,56605.07627868652,4700,1,0.3062499999999999,6929.33674621582,4700,1,0.3062499999999999,6792.109817504883,4700,1,0.3062499999999999,11723.567108154297,4700,1,0.3062499999999999,45111.20219421387,4700,1,0.3062499999999999,37299.67721557617,4700,1,0.3062499999999999,46481.980239868164,4700,1,0.3062499999999999,28656.547409057617,4700,1,0.3062499999999999,7266.427459716797,4700,1,0.3062499999999999,7155.35041809082,4700,1,0.3062499999999999,6746.841461181641,4700,1,0.3062499999999999,6963.134094238281,4700,1,0.3062499999999999,3600.085968017578,3007,3007,3007,3007,3007,3007,3007,3007,3007,3007,3007,3007,4690,4691,3007,3007,3007,4690,3007,3007,3007,3007,3007,4690,83.33332824707031,5,0,0,20,20,15.000000953674316,40,30.000001907348633,50,0,0,26.3157901763916,0,0,0,0,0,10.526315689086914,100,0,0,0,0,66481098752,12884893696,1604771840,0
99,1780596484094,56605.69445800781,4700,1,0.30000000000000004,6929.339797973633,4700,1,0.30000000000000004,6792.112869262695,4700,1,0.30000000000000004,11723.911590576172,4700,1,0.30000000000000004,45111.558822631836,4700,1,0.30000000000000004,37299.92202758789,4700,1,0.30000000000000004,46482.44705200195,4700,1,0.30000000000000004,28657.2332611084,4700,1,0.30000000000000004,7266.430633544922,4700,1,0.30000000000000004,7155.353469848633,4700,1,0.30000000000000004,6746.844467163086,4700,1,0.30000000000000004,6963.137145996094,4700,1,0.30000000000000004,3605.717086791992,3007,3007,3007,3007,3007,3007,3007,3007,3007,3007,3007,3007,4690,4691,3007,3007,3007,4690,3007,3007,3007,3007,3007,4690,83.33332824707031,5,0,0,20,20,15.000000953674316,40,30.000001907348633,50,0,0,26.3157901763916,0,0,0,0,0,10.526315689086914,100,0,0,0,0,66481098752,12884893696,1601114112,0
99,1780596484194,56606.324645996094,4700,1,0.30000000000000004,6929.34294128418,4700,1,0.30000000000000004,6792.115951538086,4700,1,0.30000000000000004,11724.163482666016,4700,1,0.30000000000000004,45111.8889465332,4700,1,0.30000000000000004,37300.261795043945,4700,1,0.30000000000000004,46482.917724609375,4700,1,0.30000000000000004,28657.915557861328,4700,1,0.30000000000000004,7266.433898925781,4700,1,0.30000000000000004,7155.356552124023,4700,1,0.30000000000000004,6746.847579956055,4700,1,0.30000000000000004,6963.140228271484,4700,1,0.30000000000000004,3611.393569946289,3007,3007,3007,3007,3007,3007,3007,3007,3007,3007,3007,3007,4690,4691,3007,3007,3007,4690,3007,3007,3007,3007,3007,4690,83.33332824707031,5,0,0,27.77777862548828,16.666667938232422,10,5,27.77777862548828,47.36842346191406,0,0,25,0,0,0,0,23.809524536132813,17.647058486938477,100,0,0,0,0,66481098752,12884893696,1605246976,0
99,1780596484294,56606.960845947266,4700,1,0.3062499999999999,6929.346267700195,4700,1,0.3062499999999999,6792.119232177734,4700,1,0.3062499999999999,11724.355346679688,4700,1,0.3062499999999999,45112.28665161133,4700,1,0.3062499999999999,37300.65757751465,4700,1,0.3062499999999999,46483.312561035156,4700,1,0.3062499999999999,28658.606826782227,4700,1,0.3062499999999999,7266.436981201172,4700,1,0.3062499999999999,7155.365692138672,4700,1,0.3062499999999999,6746.850723266602,4700,1,0.3062499999999999,6963.143402099609,4700,1,0.3062499999999999,3617.0397033691406,3007,3007,3007,3007,3007,3007,3007,3007,3007,3007,3007,3007,4690,4691,3007,3007,3007,4690,3007,3007,3007,3007,3007,4690,83.33332824707031,5,0,0,27.77777862548828,16.666667938232422,10,5,27.77777862548828,47.36842346191406,0,0,25,0,0,0,0,23.809524536132813,17.647058486938477,100,0,0,0,0,66481098752,12884893696,1604468736,0
99,1780596484394,56607.578033447266,4700,1,0.3062499999999999,6929.349411010742,4700,1,0.3062499999999999,6792.122344970703,4700,1,0.3062499999999999,11724.628768920898,4700,1,0.3062499999999999,45112.70887756348,4700,1,0.3062499999999999,37300.971130371094,4700,1,0.3062499999999999,46483.70095825195,4700,1,0.3062499999999999,28659.296310424805,4700,1,0.3062499999999999,7266.440093994141,4700,1,0.3062499999999999,7155.3687744140625,4700,1,0.3062499999999999,6746.853790283203,4700,1,0.3062499999999999,6963.146484375,4700,1,0.3062499999999999,3622.707778930664,3007,3007,3007,3007,3007,3007,3007,3007,3007,3007,3007,3007,4690,4691,3007,3007,3007,4690,3007,3007,3007,3007,3007,4690,84.21052551269531,0,0,0,38.095237731933594,5.555555820465088,28.571430206298828,5.263157844543457,29.411766052246094,50,0,0,17.647058486938477,0,0,0,0,17.647058486938477,5.263157844543457,100,0,0,0,0,66481098752,12884893696,1602736128,0
99,1780596484494,56608.1741027832,4700,1,0.30000000000000004,6929.352493286133,4700,1,0.3062499999999999,6792.125427246094,4700,1,0.3062499999999999,11724.966751098633,4700,1,0.30000000000000004,45113.170150756836,4700,1,0.30000000000000004,37301.24919128418,4700,1,0.30000000000000004,46484.13006591797,4700,1,0.30000000000000004,28659.986358642578,4700,1,0.30000000000000004,7266.443634033203,4700,1,0.3062499999999999,7155.371856689453,4700,1,0.3062499999999999,6746.856872558594,4700,1,0.3062499999999999,6963.149566650391,4700,1,0.3062499999999999,3628.4054412841797,3007,3007,3007,3007,3007,3007,3007,3007,3007,3007,3007,3007,4690,4691,3007,3007,3007,4690,3007,3007,3007,3007,3007,4690,84.21052551269531,0,0,0,38.095237731933594,5.555555820465088,28.571430206298828,5.263157844543457,29.411766052246094,50,0,0,17.647058486938477,0,0,0,0,17.647058486938477,5.263157844543457,100,0,0,0,0,66481098752,12884893696,1606258688,0
99,1780596484594,56608.736099243164,4700,1,0.30000000000000004,6929.355575561523,4700,1,0.3062499999999999,6792.128509521484,4700,1,0.3062499999999999,11725.29443359375,4700,1,0.30000000000000004,45113.638275146484,4700,1,0.30000000000000004,37301.58500671387,4700,1,0.30000000000000004,46484.56475830078,4700,1,0.30000000000000004,28660.676651000977,4700,1,0.30000000000000004,7266.446838378906,4700,1,0.3062499999999999,7155.374938964844,4700,1,0.3062499999999999,6746.859954833984,4700,1,0.3062499999999999,6963.152648925781,4700,1,0.3062499999999999,3634.0633850097656,3007,3007,3007,3007,3007,3007,3007,3007,3007,3007,3007,3007,4690,4691,3007,3007,3007,4690,3007,3007,3007,3007,3007,4690,83.33332824707031,21.052631378173828,0,0,21.052631378173828,5,23.52941131591797,5.263157844543457,17.647058486938477,47.36842346191406,0,0,22.22222328186035,0,0,0,0,5.263157844543457,25,100,0,0,0,0,66481098752,12884893696,1606037504,0
99,1780596484694,56609.30513000488,4700,1,0.3062499999999999,6929.358856201172,4700,1,0.3062499999999999,6792.131652832031,4700,1,0.3062499999999999,11725.607879638672,4700,1,0.3062499999999999,45114.098892211914,4700,1,0.3062499999999999,37301.941497802734,4700,1,0.3062499999999999,46484.97415161133,4700,1,0.3062499999999999,28661.320892333984,4700,1,0.3062499999999999,7266.449890136719,4700,1,0.3062499999999999,7155.378021240234,4700,1,0.3062499999999999,6746.863067626953,4700,1,0.3062499999999999,6963.155731201172,4700,1,0.3062499999999999,3639.855224609375,3007,3007,3007,3007,3007,3007,3007,3007,3007,3007,3007,3007,4690,4691,3007,3007,3007,4690,3007,3007,3007,3007,3007,4690,83.33332824707031,21.052631378173828,0,0,21.052631378173828,5,23.52941131591797,5.263157844543457,17.647058486938477,47.36842346191406,0,0,22.22222328186035,0,0,0,0,5.263157844543457,25,100,0,0,0,0,66481098752,12884893696,1606426624,0
99,1780596484794,56609.83735656738,4700,1,0.3062499999999999,6929.361907958984,4700,1,0.3062499999999999,6792.134872436523,4700,1,0.3062499999999999,11725.846893310547,4700,1,0.3062499999999999,45114.57777404785,4700,1,0.3062499999999999,37302.36763000488,4700,1,0.3062499999999999,46485.3592376709,4700,1,0.3062499999999999,28662.014083862305,4700,1,0.3062499999999999,7266.452972412109,4700,1,0.3062499999999999,7155.38117980957,4700,1,0.3062499999999999,6746.866119384766,4700,1,0.3062499999999999,6963.158782958984,4700,1,0.3062499999999999,3645.552749633789,3007,3007,3007,3007,3007,3007,3007,3007,3007,3007,3007,3007,4690,4691,3007,3007,3007,4690,3007,3007,3007,3007,3007,4690,82.35294342041016,16.666667938232422,0,0,15.000000953674316,5,27.77777862548828,23.52941131591797,22.22222328186035,41.17647171020508,0,0,26.3157901763916,0,0,0,0,0,10.526315689086914,100,0,0,0,0,66481098752,12884893696,1606656000,0
99,1780596484894,56610.4647064209,4700,1,0.30000000000000004,6929.365051269531,4700,1,0.30000000000000004,6792.14079284668,4700,1,0.30000000000000004,11726.041778564453,4700,1,0.30000000000000004,45114.997467041016,4700,1,0.30000000000000004,37302.79379272461,4700,1,0.30000000000000004,46485.7229309082,4700,1,0.30000000000000004,28662.689819335938,4700,1,0.30000000000000004,7266.456069946289,4700,1,0.30000000000000004,7155.387969970703,4700,1,0.30000000000000004,6746.869186401367,4700,1,0.30000000000000004,6963.161865234375,4700,1,0.30000000000000004,3651.1783599853516,3007,3007,3007,3007,3007,3007,3007,3007,3007,3007,3007,3007,4690,4691,3007,3007,3007,4690,3007,3007,3007,3007,3007,4690,82.35294342041016,16.666667938232422,0,0,15.000000953674316,5,27.77777862548828,23.52941131591797,22.22222328186035,41.17647171020508,0,0,26.3157901763916,0,0,0,0,0,10.526315689086914,100,0,0,0,0,66481098752,12884893696,1606242304,0
99,1780596484994,56611.03625488281,4700,1,0.3062499999999999,6929.368148803711,4700,1,0.3062499999999999,6792.14387512207,4700,1,0.3062499999999999,11726.42221069336,4700,1,0.3062499999999999,45115.37315368652,4700,1,0.3062499999999999,37303.15158081055,4700,1,0.3062499999999999,46486.07362365723,4700,1,0.3062499999999999,28663.381423950195,4700,1,0.3062499999999999,7266.45915222168,4700,1,0.3062499999999999,7155.391052246094,4700,1,0.3062499999999999,6746.872268676758,4700,1,0.3062499999999999,6963.164947509766,4700,1,0.3062499999999999,3656.911651611328,3007,3007,3007,3007,3007,3007,3007,3007,3007,3007,3007,3007,4690,4691,3007,3007,3007,4690,3007,3007,3007,3007,3007,4690,85.71428680419922,5.263157844543457,0,0,26.3157901763916,15.789472579956055,26.3157901763916,20,40.90909194946289,37.5,0,0,11.111111640930176,0,0,0,0,28.571430206298828,0,100,0,0,0,0,66481098752,12884893696,1604829184,0
99,1780596485094,56611.61408996582,4700,1,0.3062499999999999,6929.371353149414,4700,1,0.3062499999999999,6792.147003173828,4700,1,0.3062499999999999,11726.815216064453,4700,1,0.3062499999999999,45115.7693939209,4700,1,0.3062499999999999,37303.52200317383,4700,1,0.3062499999999999,46486.41775512695,4700,1,0.3062499999999999,28664.068466186523,4700,1,0.3062499999999999,7266.46223449707,4700,1,0.3062499999999999,7155.394134521484,4700,1,0.3062499999999999,6746.8753662109375,4700,1,0.3062499999999999,6963.168029785156,4700,1,0.3062499999999999,3662.6398315429688,3007,3007,3007,3007,3007,3007,3007,3007,3007,3007,3007,3007,4690,4691,3007,3007,3007,4690,3007,3007,3007,3007,3007,4690,85.71428680419922,5.263157844543457,0,0,26.3157901763916,15.789472579956055,26.3157901763916,20,40.90909194946289,37.5,0,0,11.111111640930176,0,0,0,0,28.571430206298828,0,100,0,0,0,0,66481098752,12884893696,1605861376,0
99,1780596485195,56612.22627258301,4700,1,0.30000000000000004,6929.374496459961,4700,1,0.3062499999999999,6792.1524658203125,4700,1,0.3062499999999999,11727.14501953125,4700,1,0.30000000000000004,45116.10073852539,4700,1,0.30000000000000004,37303.89874267578,4700,1,0.30000000000000004,46486.817459106445,4700,1,0.30000000000000004,28664.754760742188,4700,1,0.30000000000000004,7266.465316772461,4700,1,0.3062499999999999,7155.398742675781,4700,1,0.3062499999999999,6746.878448486328,4700,1,0.3062499999999999,6963.171203613281,4700,1,0.3062499999999999,3668.316635131836,3007,3007,3007,3007,3007,3007,3007,3007,3007,3007,3007,3007,4690,4691,3007,3007,3007,4690,3007,3007,3007,3007,3007,4690,83.33332824707031,20,0,0,21.052631378173828,15.789472579956055,30.000001907348633,0,25,50,0,0,10,0,0,0,0,23.52941131591797,15.000000953674316,100,0,0,0,0,66481098752,12884893696,1608642560,0
99,1780596485295,56612.779220581055,4700,1,0.30000000000000004,6929.377746582031,4700,1,0.30000000000000004,6792.155670166016,4700,1,0.30000000000000004,11727.507400512695,4700,1,0.30000000000000004,45116.457092285156,4700,1,0.30000000000000004,37304.33966064453,4700,1,0.30000000000000004,46487.27165222168,4700,1,0.30000000000000004,28665.427322387695,4700,1,0.30000000000000004,7266.468612670898,4700,1,0.30000000000000004,7155.401824951172,4700,1,0.30000000000000004,6746.881591796875,4700,1,0.30000000000000004,6963.17431640625,4700,1,0.30000000000000004,3674.084930419922,3007,3007,3007,3007,3007,3007,3007,3007,3007,3007,3007,3007,4690,4691,3007,3007,3007,4690,3007,3007,3007,3007,3007,4690,83.33332824707031,20,0,0,21.052631378173828,15.789472579956055,30.000001907348633,0,25,50,0,0,10,0,0,0,0,23.52941131591797,15.000000953674316,100,0,0,0,0,66481098752,12884893696,1606856704,0
99,1780596485395,56613.40180969238,4700,1,0.3062499999999999,6929.380905151367,4700,1,0.3062499999999999,6792.160202026367,4700,1,0.3062499999999999,11727.772903442383,4700,1,0.3062499999999999,45116.796813964844,4700,1,0.3062499999999999,37304.74946594238,4700,1,0.3062499999999999,46487.70864868164,4700,1,0.3062499999999999,28666.10986328125,4700,1,0.3062499999999999,7266.471954345703,4700,1,0.3062499999999999,7155.40559387207,4700,1,0.3062499999999999,6746.884674072266,4700,1,0.3062499999999999,6963.177398681641,4700,1,0.3062499999999999,3679.855926513672,3007,3007,3007,3007,3007,3007,3007,3007,3007,3007,3007,3007,4690,4691,3007,3007,3007,4690,3007,3007,3007,3007,3007,4690,83.33332824707031,15.000000953674316,0,0,26.3157901763916,10,0,22.22222328186035,6.6666669845581055,44.4444465637207,0,0,25,0,0,0,0,19.047618865966797,31.57894515991211,100,0,0,0,0,66481098752,12884893696,1606627328,0
99,1780596485495,56614.015533447266,4700,1,0.3062499999999999,6929.384078979492,4700,1,0.3062499999999999,6792.1634521484375,4700,1,0.3062499999999999,11728.061584472656,4700,1,0.3062499999999999,45117.16163635254,4700,1,0.3062499999999999,37305.18696594238,4700,1,0.3062499999999999,46488.06507873535,4700,1,0.3062499999999999,28666.796112060547,4700,1,0.3062499999999999,7266.475128173828,4700,1,0.3062499999999999,7155.408721923828,4700,1,0.3062499999999999,6746.887725830078,4700,1,0.3062499999999999,6963.180511474609,4700,1,0.3062499999999999,3685.5286712646484,3007,3007,3007,3007,3007,3007,3007,3007,3007,3007,3007,3007,4690,4691,3007,3007,3007,4690,3007,3007,3007,3007,3007,4690,83.33332824707031,15.000000953674316,0,0,26.3157901763916,10,0,22.22222328186035,6.6666669845581055,44.4444465637207,0,0,25,0,0,0,0,19.047618865966797,31.57894515991211,100,0,0,0,0,66481098752,12884893696,1605820416,0
99,1780596485595,56614.61445617676,4700,1,0.30000000000000004,6929.387130737305,4700,1,0.30000000000000004,6792.16650390625,4700,1,0.30000000000000004,11728.404327392578,4700,1,0.30000000000000004,45117.49702453613,4700,1,0.30000000000000004,37305.58921813965,4700,1,0.30000000000000004,46488.439849853516,4700,1,0.30000000000000004,28667.4835357666,4700,1,0.30000000000000004,7266.478210449219,4700,1,0.30000000000000004,7155.411804199219,4700,1,0.30000000000000004,6746.890808105469,4700,1,0.30000000000000004,6963.183563232422,4700,1,0.30000000000000004,3691.1632537841797,3007,3007,3007,3007,3007,3007,3007,3007,3007,3007,3007,3007,4690,4691,3007,3007,3007,4690,3007,3007,3007,3007,3007,4690,82.35294342041016,5,0,0,17.647058486938477,26.3157901763916,10.526315689086914,26.3157901763916,30.000001907348633,50,0,0,20,0,0,0,0,11.111111640930176,5.263157844543457,100,0,0,0,0,66481098752,12884893696,1612136448,0
99,1780596485695,56615.21104431152,4700,1,0.3062499999999999,6929.390396118164,4700,1,0.3062499999999999,6792.169586181641,4700,1,0.3062499999999999,11728.725021362305,4700,1,0.3062499999999999,45117.898864746094,4700,1,0.3062499999999999,37305.96522521973,4700,1,0.3062499999999999,46488.84100341797,4700,1,0.3062499999999999,28668.167678833008,4700,1,0.3062499999999999,7266.481292724609,4700,1,0.3062499999999999,7155.414886474609,4700,1,0.3062499999999999,6746.893890380859,4700,1,0.3062499999999999,6963.1866455078125,4700,1,0.3062499999999999,3696.786651611328,3007,3007,3007,3007,3007,3007,3007,3007,3007,3007,3007,3007,4690,4691,3007,3007,3007,4690,3007,3007,3007,3007,3007,4690,82.35294342041016,5,0,0,17.647058486938477,26.3157901763916,10.526315689086914,26.3157901763916,30.000001907348633,50,0,0,20,0,0,0,0,11.111111640930176,5.263157844543457,100,0,0,0,0,66481098752,12884893696,1606791168,0
99,1780596485795,56615.8376159668,4700,1,0.3062499999999999,6929.393508911133,4700,1,0.3062499999999999,6792.172698974609,4700,1,0.3062499999999999,11729.040237426758,4700,1,0.3062499999999999,45118.16905212402,4700,1,0.3062499999999999,37306.363693237305,4700,1,0.3062499999999999,46489.32879638672,4700,1,0.3062499999999999,28668.833984375,4700,1,0.3062499999999999,7266.484466552734,4700,1,0.3062499999999999,7155.41796875,4700,1,0.3062499999999999,6746.896957397461,4700,1,0.3062499999999999,6963.189727783203,4700,1,0.3062499999999999,3702.485122680664,3007,3007,3007,3007,3007,3007,3007,3007,3007,3007,3007,3007,4690,4691,3007,3007,3007,4690,3007,3007,3007,3007,3007,4690,83.33332824707031,10.526315689086914,0,0,26.3157901763916,15.789472579956055,5.263157844543457,31.57894515991211,26.3157901763916,42.105262756347656,0,0,26.3157901763916,0,0,0,0,0,25,100,0,0,0,0,66481098752,12884893696,1605218304,0
99,1780596485895,56616.472885131836,4700,1,0.3062499999999999,6929.396728515625,4700,1,0.3062499999999999,6792.175811767578,4700,1,0.3062499999999999,11729.170791625977,4700,1,0.3062499999999999,45118.610107421875,4700,1,0.3062499999999999,37306.765197753906,4700,1,0.3062499999999999,46489.66145324707,4700,1,0.3062499999999999,28669.526428222656,4700,1,0.3062499999999999,7266.487579345703,4700,1,0.3062499999999999,7155.421051025391,4700,1,0.3062499999999999,6746.900039672852,4700,1,0.3062499999999999,6963.192855834961,4700,1,0.3062499999999999,3708.2188720703125,3007,3007,3007,3007,3007,3007,3007,3007,3007,3007,3007,3007,4690,4691,3007,3007,3007,4690,3007,3007,3007,3007,3007,4690,83.33332824707031,10.526315689086914,0,0,26.3157901763916,15.789472579956055,5.263157844543457,31.57894515991211,26.3157901763916,42.105262756347656,0,0,26.3157901763916,0,0,0,0,0,25,100,0,0,0,0,66481098752,12884893696,1604288512,0
99,1780596485995,56617.101013183594,4700,1,0.3062499999999999,6929.399810791016,4700,1,0.3062499999999999,6792.178894042969,4700,1,0.3062499999999999,11729.336135864258,4700,1,0.3062499999999999,45119.0446472168,4700,1,0.3062499999999999,37307.11201477051,4700,1,0.3062499999999999,46490.04838562012,4700,1,0.3062499999999999,28670.21646118164,4700,1,0.3062499999999999,7266.490676879883,4700,1,0.3062499999999999,7155.424133300781,4700,1,0.3062499999999999,6746.903121948242,4700,1,0.3062499999999999,6963.195938110352,4700,1,0.3062499999999999,3713.876693725586,3007,3007,3007,3007,3007,3007,3007,3007,3007,3007,3007,3007,4690,4691,3007,3007,3007,4690,3007,3007,3007,3007,3007,4690,82.35294342041016,4.761904716491699,0,0,40,10,27.77777862548828,9.523809432983398,10,47.05882263183594,0,0,20,0,0,0,0,27.77777862548828,26.3157901763916,100,0,0,0,0,66481098752,12884893696,1601634304,0
99,1780596486095,56617.63479614258,4700,1,0.30000000000000004,6929.402893066406,4700,1,0.30000000000000004,6792.181976318359,4700,1,0.30000000000000004,11729.526885986328,4700,1,0.30000000000000004,45119.51924133301,4700,1,0.30000000000000004,37307.449157714844,4700,1,0.30000000000000004,46490.461349487305,4700,1,0.30000000000000004,28670.9013671875,4700,1,0.30000000000000004,7266.494064331055,4700,1,0.30000000000000004,7155.427215576172,4700,1,0.30000000000000004,6746.906204223633,4700,1,0.30000000000000004,6963.199020385742,4700,1,0.30000000000000004,3719.5402069091797,3007,3007,3007,3007,3007,3007,3007,3007,3007,3007,3007,3007,4690,4691,3007,3007,3007,4690,3007,3007,3007,3007,3007,4690,82.35294342041016,4.761904716491699,0,0,40,10,27.77777862548828,9.523809432983398,10,47.05882263183594,0,0,20,0,0,0,0,27.77777862548828,26.3157901763916,100,0,0,0,0,66481098752,12884893696,1605156864,0
99,1780596486195,56618.18440246582,4700,1,0.3062499999999999,6929.406112670898,4700,1,0.3062499999999999,6792.185928344727,4700,1,0.3062499999999999,11729.743682861328,4700,1,0.3062499999999999,45119.91050720215,4700,1,0.3062499999999999,37307.88179016113,4700,1,0.3062499999999999,46490.958984375,4700,1,0.3062499999999999,28671.58753967285,4700,1,0.3062499999999999,7266.497512817383,4700,1,0.3062499999999999,7155.431076049805,4700,1,0.3062499999999999,6746.90934753418,4700,1,0.3062499999999999,6963.202133178711,4700,1,0.3062499999999999,3725.221664428711,3007,3007,3007,3007,3007,3007,3007,3007,3007,3007,3007,3007,4690,4691,3007,3007,3007,4690,3007,3007,3007,3007,3007,4690,83.33332824707031,10,0,0,10,5.263157844543457,27.77777862548828,0,22.22222328186035,44.4444465637207,0,0,11.764705657958984,0,0,0,0,23.52941131591797,33.333335876464844,100,0,0,0,0,66481098752,12884893696,1603059712,0
99,1780596486295,56618.786056518555,4700,1,0.3062499999999999,6929.4093017578125,4700,1,0.3062499999999999,6792.189102172852,4700,1,0.3062499999999999,11729.95492553711,4700,1,0.3062499999999999,45120.255950927734,4700,1,0.3062499999999999,37308.355880737305,4700,1,0.3062499999999999,46491.42044067383,4700,1,0.3062499999999999,28672.27491760254,4700,1,0.3062499999999999,7266.5006103515625,4700,1,0.3062499999999999,7155.434158325195,4700,1,0.3062499999999999,6746.912460327148,4700,1,0.3062499999999999,6963.20524597168,4700,1,0.3062499999999999,3730.855758666992,3007,3007,3007,3007,3007,3007,3007,3007,3007,3007,3007,3007,4690,4691,3007,3007,3007,4690,3007,3007,3007,3007,3007,4690,83.33332824707031,10,0,0,10,5.263157844543457,27.77777862548828,0,22.22222328186035,44.4444465637207,0,0,11.764705657958984,0,0,0,0,23.52941131591797,33.333335876464844,100,0,0,0,0,66481098752,12884893696,1610649600,0
99,1780596486395,56619.37010192871,4700,1,0.3062499999999999,6929.412460327148,4700,1,0.3062499999999999,6792.192184448242,4700,1,0.3062499999999999,11730.300079345703,4700,1,0.3062499999999999,45120.48910522461,4700,1,0.3062499999999999,37308.80807495117,4700,1,0.3062499999999999,46491.84809875488,4700,1,0.3062499999999999,28672.970092773438,4700,1,0.3062499999999999,7266.503692626953,4700,1,0.3062499999999999,7155.437255859375,4700,1,0.3062499999999999,6746.915512084961,4700,1,0.3062499999999999,6963.20832824707,4700,1,0.3062499999999999,3736.4303588867188,3007,3007,3007,3007,3007,3007,3007,3007,3007,3007,3007,3007,4690,4691,3007,3007,3007,4690,3007,3007,3007,3007,3007,4690,81.25,15.789472579956055,0,0,11.111111640930176,0,21.052631378173828,30.000001907348633,11.111111640930176,47.05882263183594,0,0,14.285715103149414,0,0,0,0,22.22222328186035,33.333335876464844,100,0,0,0,0,66481098752,12884893696,1606643712,0
99,1780596486495,56619.98320007324,4700,1,0.3062499999999999,6929.415542602539,4700,1,0.3062499999999999,6792.195281982422,4700,1,0.3062499999999999,11730.605270385742,4700,1,0.3062499999999999,45120.9656829834,4700,1,0.3062499999999999,37309.196868896484,4700,1,0.3062499999999999,46492.19389343262,4700,1,0.3062499999999999,28673.65901184082,4700,1,0.3062499999999999,7266.507019042969,4700,1,0.3062499999999999,7155.440338134766,4700,1,0.3062499999999999,6746.918594360352,4700,1,0.3062499999999999,6963.211410522461,4700,1,0.3062499999999999,3742.137969970703,3007,3007,3007,3007,3007,3007,3007,3007,3007,3007,3007,3007,4690,4691,3007,3007,3007,4690,3007,3007,3007,3007,3007,4690,81.25,15.789472579956055,0,0,11.111111640930176,0,21.052631378173828,30.000001907348633,11.111111640930176,47.05882263183594,0,0,14.285715103149414,0,0,0,0,22.22222328186035,33.333335876464844,100,0,0,0,0,66481098752,12884893696,1607356416,0
99,1780596486595,56620.609375,4700,1,0.3062499999999999,6929.41877746582,4700,1,0.3062499999999999,6792.198501586914,4700,1,0.3062499999999999,11730.838958740234,4700,1,0.3062499999999999,45121.39340209961,4700,1,0.3062499999999999,37309.63066101074,4700,1,0.3062499999999999,46492.56532287598,4700,1,0.3062499999999999,28674.343948364258,4700,1,0.3062499999999999,7266.510314941406,4700,1,0.3062499999999999,7155.443511962891,4700,1,0.3062499999999999,6746.921783447266,4700,1,0.3062499999999999,6963.214599609375,4700,1,0.3062499999999999,3747.8252716064453,3007,3007,3007,3007,3007,3007,3007,3007,3007,3007,3007,3007,4690,4691,3007,3007,3007,4690,3007,3007,3007,3007,3007,4690,85,10,0,0,18.75,0,30.000001907348633,16.666667938232422,0,44.4444465637207,0,0,22.22222328186035,0,0,0,0,28.571430206298828,30.000001907348633,100,0,0,0,0,66481098752,12884893696,1602260992,0
99,1780596486695,56621.24314880371,4700,1,0.30000000000000004,6929.422027587891,4700,1,0.3062499999999999,6792.201675415039,4700,1,0.3062499999999999,11731.043212890625,4700,1,0.30000000000000004,45121.805404663086,4700,1,0.30000000000000004,37309.98425292969,4700,1,0.30000000000000004,46492.973052978516,4700,1,0.3062499999999999,28675.03498840332,4700,1,0.3062499999999999,7266.513397216797,4700,1,0.3062499999999999,7155.446594238281,4700,1,0.3062499999999999,6746.924850463867,4700,1,0.3062499999999999,6963.217681884766,4700,1,0.3062499999999999,3753.437271118164,3007,3007,3007,3007,3007,3007,3007,3007,3007,3007,3007,3007,4690,4691,3007,3007,3007,4690,3007,3007,3007,3007,3007,4690,85,10,0,0,18.75,0,30.000001907348633,16.666667938232422,0,44.4444465637207,0,0,22.22222328186035,0,0,0,0,28.571430206298828,30.000001907348633,100,0,0,0,0,66481098752,12884893696,1607327744,0
99,1780596486795,56621.8299407959,4700,1,0.30000000000000004,6929.425109863281,4700,1,0.3062499999999999,6792.204788208008,4700,1,0.3062499999999999,11731.237426757813,4700,1,0.30000000000000004,45122.29539489746,4700,1,0.30000000000000004,37310.37321472168,4700,1,0.30000000000000004,46493.39978027344,4700,1,0.30000000000000004,28675.71942138672,4700,1,0.30000000000000004,7266.516937255859,4700,1,0.30000000000000004,7155.449676513672,4700,1,0.30000000000000004,6746.92790222168,4700,1,0.3062499999999999,6963.220764160156,4700,1,0.3062499999999999,3759.1634674072266,3007,3007,3007,3007,3007,3007,3007,3007,3007,3007,3007,3007,4690,4691,3007,3007,3007,4690,3007,3007,3007,3007,3007,4690,82.35294342041016,0,0,0,31.57894515991211,15.000000953674316,33.333335876464844,22.22222328186035,31.81818199157715,50,0,0,20,0,0,0,0,5,22.22222328186035,100,0,0,0,0,66481098752,12884893696,1607286784,0
99,1780596486895,56622.38589477539,4700,1,0.3062499999999999,6929.428253173828,4700,1,0.3062499999999999,6792.207870483398,4700,1,0.3062499999999999,11731.568786621094,4700,1,0.3062499999999999,45122.73097229004,4700,1,0.3062499999999999,37310.641830444336,4700,1,0.3062499999999999,46493.88540649414,4700,1,0.3062499999999999,28676.40968322754,4700,1,0.3062499999999999,7266.52001953125,4700,1,0.3062499999999999,7155.452728271484,4700,1,0.3062499999999999,6746.930938720703,4700,1,0.3062499999999999,6963.223846435547,4700,1,0.3062499999999999,3764.824478149414,3007,3007,3007,3007,3007,3007,3007,3007,3007,3007,3007,3007,4690,4691,3007,3007,3007,4690,3007,3007,3007,3007,3007,4690,82.35294342041016,0,0,0,31.57894515991211,15.000000953674316,33.333335876464844,22.22222328186035,31.81818199157715,50,0,0,20,0,0,0,0,5,22.22222328186035,100,0,0,0,0,66481098752,12884893696,1605197824,0
99,1780596486996,56622.924560546875,4700,1,0.30000000000000004,6929.431411743164,4700,1,0.30000000000000004,6792.211013793945,4700,1,0.30000000000000004,11731.839492797852,4700,1,0.30000000000000004,45123.1844329834,4700,1,0.30000000000000004,37310.99479675293,4700,1,0.30000000000000004,46494.344985961914,4700,1,0.30000000000000004,28677.107345581055,4700,1,0.30000000000000004,7266.523284912109,4700,1,0.30000000000000004,7155.455810546875,4700,1,0.30000000000000004,6746.934036254883,4700,1,0.30000000000000004,6963.226898193359,4700,1,0.30000000000000004,3770.4810943603516,3007,3007,3007,3007,3007,3007,3007,3007,3007,3007,3007,3007,4690,4691,3007,3007,3007,4690,3007,3007,3007,3007,3007,4690,81.25,5,0,0,5.555555820465088,15.789472579956055,31.81818199157715,5.263157844543457,22.22222328186035,47.05882263183594,0,0,27.77777862548828,0,0,0,0,19.047618865966797,26.3157901763916,100,0,0,0,0,66481098752,12884893696,1603112960,0
99,1780596487096,56623.492111206055,4700,1,0.3062499999999999,6929.434921264648,4700,1,0.3062499999999999,6792.214065551758,4700,1,0.3062499999999999,11732.124481201172,4700,1,0.3062499999999999,45123.581314086914,4700,1,0.3062499999999999,37311.402084350586,4700,1,0.3062499999999999,46494.79002380371,4700,1,0.3062499999999999,28677.79948425293,4700,1,0.3062499999999999,7266.526382446289,4700,1,0.3062499999999999,7155.458938598633,4700,1,0.3062499999999999,6746.937103271484,4700,1,0.3062499999999999,6963.22998046875,4700,1,0.3062499999999999,3776.1144409179688,3007,3007,3007,3007,3007,3007,3007,3007,3007,3007,3007,3007,4690,4691,3007,3007,3007,4690,3007,3007,3007,3007,3007,4690,81.25,5,0,0,5.555555820465088,15.789472579956055,31.81818199157715,5.263157844543457,22.22222328186035,47.05882263183594,0,0,27.77777862548828,0,0,0,0,19.047618865966797,26.3157901763916,100,0,0,0,0,66481098752,12884893696,1610219520,0
99,1780596487196,56624.07717895508,4700,1,0.3062499999999999,6929.438079833984,4700,1,0.3062499999999999,6792.217147827148,4700,1,0.3062499999999999,11732.501647949219,4700,1,0.3062499999999999,45123.998458862305,4700,1,0.3062499999999999,37311.812271118164,4700,1,0.3062499999999999,46495.14239501953,4700,1,0.3062499999999999,28678.488067626953,4700,1,0.3062499999999999,7266.529739379883,4700,1,0.3062499999999999,7155.462051391602,4700,1,0.3062499999999999,6746.940185546875,4700,1,0.3062499999999999,6963.233139038086,4700,1,0.3062499999999999,3781.8770904541016,3007,3007,3007,3007,3007,3007,3007,3007,3007,3007,3007,3007,4690,4691,3007,3007,3007,4690,3007,3007,3007,3007,3007,4690,78.94737243652344,0,0,0,23.809524536132813,11.111111640930176,31.57894515991211,23.52941131591797,11.111111640930176,52.6315803527832,0,0,19.047618865966797,0,0,0,0,19.047618865966797,17.647058486938477,100,0,0,0,0,66481098752,12884893696,1607958528,0
99,1780596487296,56624.642837524414,4700,1,0.3062499999999999,6929.441253662109,4700,1,0.3062499999999999,6792.220352172852,4700,1,0.3062499999999999,11732.890167236328,4700,1,0.3062499999999999,45124.36277770996,4700,1,0.3062499999999999,37312.250732421875,4700,1,0.3062499999999999,46495.511489868164,4700,1,0.3062499999999999,28679.182250976563,4700,1,0.3062499999999999,7266.532821655273,4700,1,0.3062499999999999,7155.465133666992,4700,1,0.3062499999999999,6746.943313598633,4700,1,0.3062499999999999,6963.236251831055,4700,1,0.3062499999999999,3787.602081298828,3007,3007,3007,3007,3007,3007,3007,3007,3007,3007,3007,3007,4690,4691,3007,3007,3007,4690,3007,3007,3007,3007,3007,4690,78.94737243652344,0,0,0,23.809524536132813,11.111111640930176,31.57894515991211,23.52941131591797,11.111111640930176,52.6315803527832,0,0,19.047618865966797,0,0,0,0,19.047618865966797,17.647058486938477,100,0,0,0,0,66481098752,12884893696,1608617984,0
99,1780596487396,56625.266540527344,4700,1,0.3062499999999999,6929.444488525391,4700,1,0.3062499999999999,6792.223495483398,4700,1,0.3062499999999999,11733.27653503418,4700,1,0.3062499999999999,45124.813873291016,4700,1,0.3062499999999999,37312.63417053223,4700,1,0.3062499999999999,46495.69984436035,4700,1,0.3062499999999999,28679.872817993164,4700,1,0.3062499999999999,7266.536026000977,4700,1,0.3062499999999999,7155.468215942383,4700,1,0.3062499999999999,6746.946395874023,4700,1,0.3062499999999999,6963.239364624023,4700,1,0.3062499999999999,3793.250473022461,3007,3007,3007,3007,3007,3007,3007,3007,3007,3007,3007,3007,4690,4691,3007,3007,3007,4690,3007,3007,3007,3007,3007,4690,83.33332824707031,14.285715103149414,0,0,22.22222328186035,16.666667938232422,17.647058486938477,25,0,43.75,0,0,11.111111640930176,0,0,0,0,11.111111640930176,21.052631378173828,100,0,0,0,0,66481098752,12884893696,1613377536,0
99,1780596487496,56625.874572753906,4700,1,0.30000000000000004,6929.447570800781,4700,1,0.30000000000000004,6792.226577758789,4700,1,0.30000000000000004,11733.686538696289,4700,1,0.30000000000000004,45125.21675109863,4700,1,0.30000000000000004,37313.08303833008,4700,1,0.30000000000000004,46496.16329956055,4700,1,0.30000000000000004,28680.43051147461,4700,1,0.30000000000000004,7266.539474487305,4700,1,0.30000000000000004,7155.471298217773,4700,1,0.30000000000000004,6746.949478149414,4700,1,0.30000000000000004,6963.242446899414,4700,1,0.30000000000000004,3799.2107696533203,3007,3007,3007,3007,3007,3007,3007,3007,3007,3007,3007,3007,4690,4691,3007,3007,3007,4690,3007,3007,3007,3007,3007,4690,83.33332824707031,14.285715103149414,0,0,22.22222328186035,16.666667938232422,17.647058486938477,25,0,43.75,0,0,11.111111640930176,0,0,0,0,11.111111640930176,21.052631378173828,100,0,0,0,0,66481098752,12884893696,1608876032,0
99,1780596487596,56626.487045288086,4700,1,0.3062499999999999,6929.450653076172,4700,1,0.3062499999999999,6792.22966003418,4700,1,0.3062499999999999,11734.017593383789,4700,1,0.3062499999999999,45125.59616088867,4700,1,0.3062499999999999,37313.47067260742,4700,1,0.3062499999999999,46496.62272644043,4700,1,0.3062499999999999,28681.06201171875,4700,1,0.3062499999999999,7266.54264831543,4700,1,0.3062499999999999,7155.474380493164,4700,1,0.3062499999999999,6746.952560424805,4700,1,0.3062499999999999,6963.245529174805,4700,1,0.3062499999999999,3804.961135864258,3007,3007,3007,3007,3007,3007,3007,3007,3007,3007,3007,3007,4690,4691,3007,3007,3007,4690,3007,3007,3007,3007,3007,4690,89.47368621826172,15.789472579956055,0,0,22.22222328186035,26.3157901763916,26.3157901763916,17.647058486938477,30.000001907348633,19.047618865966797,0,0,15.789472579956055,0,0,0,0,25,23.52941131591797,100,0,0,0,0,66481098752,12884893696,1605025792,0
99,1780596487696,56627.116958618164,4700,1,0.3062499999999999,6929.454696655273,4700,1,0.3062499999999999,6792.232772827148,4700,1,0.3062499999999999,11734.414794921875,4700,1,0.3062499999999999,45126.0234375,4700,1,0.3062499999999999,37313.92138671875,4700,1,0.3062499999999999,46497.077209472656,4700,1,0.3062499999999999,28681.747512817383,4700,1,0.3062499999999999,7266.545913696289,4700,1,0.3062499999999999,7155.477432250977,4700,1,0.3062499999999999,6746.955612182617,4700,1,0.3062499999999999,6963.248580932617,4700,1,0.3062499999999999,3810.8954010009766,3007,3007,3007,3007,3007,3007,3007,3007,3007,3007,3007,3007,4690,4691,3007,3007,3007,4690,3007,3007,3007,3007,3007,4690,89.47368621826172,15.789472579956055,0,0,22.22222328186035,26.3157901763916,26.3157901763916,17.647058486938477,30.000001907348633,19.047618865966797,0,0,15.789472579956055,0,0,0,0,25,23.52941131591797,100,0,0,0,0,66481098752,12884893696,1603616768,0
99,1780596487796,56627.70520019531,4700,1,0.3062499999999999,6929.50407409668,4700,1,0.3062499999999999,6792.257797241211,4700,1,0.3062499999999999,11734.718719482422,4700,1,0.3062499999999999,45126.40672302246,4700,1,0.3062499999999999,37314.35470581055,4700,1,0.3062499999999999,46497.43223571777,4700,1,0.3062499999999999,28682.351593017578,4700,1,0.3062499999999999,7266.549530029297,4700,1,0.3062499999999999,7155.4849853515625,4700,1,0.3062499999999999,6746.969390869141,4700,1,0.3062499999999999,6963.26628112793,4700,1,0.3062499999999999,3816.568359375,3007,3007,3007,3007,3007,3007,3007,3007,3007,3007,3007,3007,4690,4691,3007,3007,3007,4690,3007,3007,3007,3007,3007,4690,93.75,5.882352828979492,0,0,26.3157901763916,5.555555820465088,15.000000953674316,27.77777862548828,29.411766052246094,31.25,0,0,25,0,0,4.761904716491699,0,26.3157901763916,15.000000953674316,95,0,0,0,0,66481098752,12884893696,1608146944,0
99,1780596487896,56628.286712646484,4700,1,0.3062499999999999,6929.524993896484,4700,1,0.3062499999999999,6792.278472900391,4700,1,0.3062499999999999,11735.06071472168,4700,1,0.3062499999999999,45126.78642272949,4700,1,0.3062499999999999,37314.713119506836,4700,1,0.3062499999999999,46497.85647583008,4700,1,0.3062499999999999,28683.01596069336,4700,1,0.3062499999999999,7266.555130004883,4700,1,0.3062499999999999,7155.489212036133,4700,1,0.3062499999999999,6746.974700927734,4700,1,0.3062499999999999,6963.284088134766,4700,1,0.3062499999999999,3822.1845092773438,3007,3007,3007,3007,3007,3007,3007,3007,3007,3007,3007,3007,4690,4691,3007,3007,3007,4690,3007,3007,3007,3007,3007,4690,93.75,5.882352828979492,0,0,26.3157901763916,5.555555820465088,15.000000953674316,27.77777862548828,29.411766052246094,31.25,0,0,25,0,0,4.761904716491699,0,26.3157901763916,15.000000953674316,95,0,0,0,0,66481098752,12884893696,1605988352,0
99,1780596487996,56628.9075012207,4700,1,0.3062499999999999,6929.528564453125,4700,1,0.3062499999999999,6792.281555175781,4700,1,0.3062499999999999,11735.398712158203,4700,1,0.3062499999999999,45127.200256347656,4700,1,0.3062499999999999,37314.9803314209,4700,1,0.3062499999999999,46498.27456665039,4700,1,0.3062499999999999,28683.703048706055,4700,1,0.3062499999999999,7266.558456420898,4700,1,0.3062499999999999,7155.492492675781,4700,1,0.3062499999999999,6746.978118896484,4700,1,0.3062499999999999,6963.287979125977,4700,1,0.3062499999999999,3827.9306640625,3007,3007,3007,3007,3007,3007,3007,3007,3007,3007,3007,3007,4690,4691,3007,3007,3007,4690,3007,3007,3007,3007,3007,4690,88.8888931274414,15.000000953674316,0,0,26.3157901763916,20,25,0,20,50,0,0,21.052631378173828,0,0,0,0,21.052631378173828,23.52941131591797,100,0,0,0,0,66481098752,12884893696,1611087872,0
99,1780596488096,56629.45674133301,4700,1,0.30000000000000004,6929.531646728516,4700,1,0.30000000000000004,6792.284637451172,4700,1,0.30000000000000004,11735.713455200195,4700,1,0.30000000000000004,45127.62925720215,4700,1,0.30000000000000004,37315.387298583984,4700,1,0.30000000000000004,46498.6453704834,4700,1,0.30000000000000004,28684.39225769043,4700,1,0.30000000000000004,7266.56201171875,4700,1,0.30000000000000004,7155.495574951172,4700,1,0.30000000000000004,6746.981201171875,4700,1,0.30000000000000004,6963.291061401367,4700,1,0.30000000000000004,3833.688766479492,3007,3007,3007,3007,3007,3007,3007,3007,3007,3007,3007,3007,4690,4691,3007,3007,3007,4690,3007,3007,3007,3007,3007,4690,88.8888931274414,15.000000953674316,0,0,26.3157901763916,20,25,0,20,50,0,0,21.052631378173828,0,0,0,0,21.052631378173828,23.52941131591797,100,0,0,0,0,66481098752,12884893696,1615470592,0
99,1780596488196,56630.08694458008,4700,1,0.30000000000000004,6929.534851074219,4700,1,0.3062499999999999,6792.289932250977,4700,1,0.3062499999999999,11735.87336730957,4700,1,0.30000000000000004,45128.10852050781,4700,1,0.30000000000000004,37315.75651550293,4700,1,0.30000000000000004,46499.030029296875,4700,1,0.30000000000000004,28685.07487487793,4700,1,0.30000000000000004,7266.565216064453,4700,1,0.30000000000000004,7155.498764038086,4700,1,0.30000000000000004,6746.984283447266,4700,1,0.30000000000000004,6963.294143676758,4700,1,0.3062499999999999,3839.3675689697266,3007,3007,3007,3007,3007,3007,3007,3007,3007,3007,3007,3007,4690,4691,3007,3007,3007,4690,3007,3007,3007,3007,3007,4690,88.8888931274414,9.523809432983398,0,0,6.25,15.000000953674316,17.647058486938477,11.111111640930176,10,41.17647171020508,0,0,35,0,0,0,0,21.052631378173828,22.22222328186035,100,0,0,0,0,66481098752,12884893696,1610235904,0
99,1780596488296,56630.673431396484,4700,1,0.3062499999999999,6929.537994384766,4700,1,0.3062499999999999,6792.295761108398,4700,1,0.3062499999999999,11736.156723022461,4700,1,0.3062499999999999,45128.571853637695,4700,1,0.3062499999999999,37316.12370300293,4700,1,0.3062499999999999,46499.443771362305,4700,1,0.3062499999999999,28685.755416870117,4700,1,0.3062499999999999,7266.568374633789,4700,1,0.3062499999999999,7155.501968383789,4700,1,0.3062499999999999,6746.987365722656,4700,1,0.3062499999999999,6963.297256469727,4700,1,0.3062499999999999,3845.130142211914,3007,3007,3007,3007,3007,3007,3007,3007,3007,3007,3007,3007,4690,4691,3007,3007,3007,4690,3007,3007,3007,3007,3007,4690,88.8888931274414,9.523809432983398,0,0,6.25,15.000000953674316,17.647058486938477,11.111111640930176,10,41.17647171020508,0,0,35,0,0,0,0,21.052631378173828,22.22222328186035,100,0,0,0,0,66481098752,12884893696,1609523200,0
99,1780596488396,56631.25686645508,4700,1,0.3062499999999999,6929.541152954102,4700,1,0.3062499999999999,6792.298843383789,4700,1,0.3062499999999999,11736.345947265625,4700,1,0.3062499999999999,45129.028381347656,4700,1,0.3062499999999999,37316.544692993164,4700,1,0.3062499999999999,46499.82911682129,4700,1,0.3062499999999999,28686.44886779785,4700,1,0.3062499999999999,7266.57145690918,4700,1,0.3062499999999999,7155.505096435547,4700,1,0.3062499999999999,6746.990463256836,4700,1,0.3062499999999999,6963.300338745117,4700,1,0.3062499999999999,3850.792251586914,3007,3007,3007,3007,3007,3007,3007,3007,3007,3007,3007,3007,4690,4691,3007,3007,3007,4690,3007,3007,3007,3007,3007,4690,83.33332824707031,0,0,0,21.052631378173828,0,27.77777862548828,14.285715103149414,5.263157844543457,50,0,0,26.3157901763916,0,0,0,0,27.77777862548828,31.57894515991211,100,0,0,0,0,66481098752,12884893696,1606643712,0
99,1780596488496,56631.81228637695,4700,1,0.30000000000000004,6929.544204711914,4700,1,0.30000000000000004,6792.301895141602,4700,1,0.30000000000000004,11736.459854125977,4700,1,0.30000000000000004,45129.474838256836,4700,1,0.30000000000000004,37316.90361022949,4700,1,0.30000000000000004,46500.27963256836,4700,1,0.30000000000000004,28687.14959716797,4700,1,0.30000000000000004,7266.57453918457,4700,1,0.30000000000000004,7155.5081787109375,4700,1,0.30000000000000004,6746.993515014648,4700,1,0.30000000000000004,6963.30339050293,4700,1,0.30000000000000004,3856.39892578125,3007,3007,3007,3007,3007,3007,3007,3007,3007,3007,3007,3007,4690,4691,3007,3007,3007,4690,3007,3007,3007,3007,3007,4690,83.33332824707031,0,0,0,21.052631378173828,0,27.77777862548828,14.285715103149414,5.263157844543457,50,0,0,26.3157901763916,0,0,0,0,27.77777862548828,31.57894515991211,100,0,0,0,0,66481098752,12884893696,1610743808,0
99,1780596488596,56632.410552978516,4700,1,0.3062499999999999,6929.547286987305,4700,1,0.3062499999999999,6792.310455322266,4700,1,0.3062499999999999,11736.759765625,4700,1,0.3062499999999999,45129.85986328125,4700,1,0.3062499999999999,37317.27119445801,4700,1,0.3062499999999999,46500.70556640625,4700,1,0.3062499999999999,28687.82991027832,4700,1,0.3062499999999999,7266.577926635742,4700,1,0.3062499999999999,7155.5113525390625,4700,1,0.3062499999999999,6746.996597290039,4700,1,0.3062499999999999,6963.306503295898,4700,1,0.3062499999999999,3862.1244201660156,3007,3007,3007,3007,3007,3007,3007,3007,3007,3007,3007,3007,4690,4691,3007,3007,3007,4690,3007,3007,3007,3007,3007,4690,87.5,9.090909004211426,0,0,23.809524536132813,15.000000953674316,21.052631378173828,16.666667938232422,35,41.17647171020508,0,0,25,0,0,0,0,15.000000953674316,21.052631378173828,100,0,0,0,0,66481098752,12884893696,1608404992,0
99,1780596488696,56632.9460144043,4700,1,0.3062499999999999,6929.560012817383,4700,1,0.3062499999999999,6792.313583374023,4700,1,0.3062499999999999,11737.060913085938,4700,1,0.3062499999999999,45130.272872924805,4700,1,0.3062499999999999,37317.66050720215,4700,1,0.3062499999999999,46501.128341674805,4700,1,0.3062499999999999,28688.516357421875,4700,1,0.3062499999999999,7266.581069946289,4700,1,0.3062499999999999,7155.514434814453,4700,1,0.3062499999999999,6746.999710083008,4700,1,0.3062499999999999,6963.309616088867,4700,1,0.3062499999999999,3867.866180419922,3007,3007,3007,3007,3007,3007,3007,3007,3007,3007,3007,3007,4690,4691,3007,3007,3007,4690,3007,3007,3007,3007,3007,4690,87.5,9.090909004211426,0,0,23.809524536132813,15.000000953674316,21.052631378173828,16.666667938232422,35,41.17647171020508,0,0,25,0,0,0,0,15.000000953674316,21.052631378173828,100,0,0,0,0,66481098752,12884893696,1607606272,0
99,1780596488797,56633.486328125,4700,1,0.3062499999999999,6929.563095092773,4700,1,0.3062499999999999,6792.316665649414,4700,1,0.3062499999999999,11737.358383178711,4700,1,0.3062499999999999,45130.73905944824,4700,1,0.3062499999999999,37318.06253051758,4700,1,0.3062499999999999,46501.55714416504,4700,1,0.3062499999999999,28689.192260742188,4700,1,0.3062499999999999,7266.58415222168,4700,1,0.3062499999999999,7155.517593383789,4700,1,0.3062499999999999,6747.002853393555,4700,1,0.3062499999999999,6963.312698364258,4700,1,0.3062499999999999,3873.581069946289,3007,3007,3007,3007,3007,3007,3007,3007,3007,3007,3007,3007,4690,4691,3007,3007,3007,4690,3007,3007,3007,3007,3007,4690,85.71428680419922,0,0,0,10,15.000000953674316,27.77777862548828,20,20,44.4444465637207,0,0,16.666667938232422,0,0,0,0,21.052631378173828,25,100,0,0,0,0,66481098752,12884893696,1601036288,0
99,1780596488897,56634.03135681152,4700,1,0.30000000000000004,6929.566253662109,4700,1,0.3062499999999999,6792.319747924805,4700,1,0.3062499999999999,11737.735733032227,4700,1,0.30000000000000004,45131.08305358887,4700,1,0.30000000000000004,37318.49787902832,4700,1,0.30000000000000004,46501.9973449707,4700,1,0.30000000000000004,28689.88833618164,4700,1,0.30000000000000004,7266.58723449707,4700,1,0.30000000000000004,7155.52067565918,4700,1,0.3062499999999999,6747.0059814453125,4700,1,0.3062499999999999,6963.315811157227,4700,1,0.3062499999999999,3879.318618774414,3007,3007,3007,3007,3007,3007,3007,3007,3007,3007,3007,3007,4690,4691,3007,3007,3007,4690,3007,3007,3007,3007,3007,4690,85.71428680419922,0,0,0,10,15.000000953674316,27.77777862548828,20,20,44.4444465637207,0,0,16.666667938232422,0,0,0,0,21.052631378173828,25,100,0,0,0,0,66481098752,12884893696,1606545408,0
99,1780596488997,56634.61036682129,4700,1,0.30000000000000004,6929.5693359375,4700,1,0.30000000000000004,6792.326873779297,4700,1,0.30000000000000004,11738.005126953125,4700,1,0.30000000000000004,45131.487548828125,4700,1,0.30000000000000004,37318.872299194336,4700,1,0.30000000000000004,46502.37666320801,4700,1,0.30000000000000004,28690.584411621094,4700,1,0.30000000000000004,7266.590316772461,4700,1,0.30000000000000004,7155.523834228516,4700,1,0.30000000000000004,6747.009063720703,4700,1,0.30000000000000004,6963.318923950195,4700,1,0.30000000000000004,3884.9974975585938,3007,3007,3007,3007,3007,3007,3007,3007,3007,3007,3007,3007,4690,4691,3007,3007,3007,4690,3007,3007,3007,3007,3007,4690,84.21052551269531,21.052631378173828,0,0,10.526315689086914,0,17.647058486938477,30.000001907348633,30.000001907348633,47.05882263183594,0,0,10,0,0,0,0,10.526315689086914,20,100,0,0,0,0,66481098752,12884893696,1605632000,0
99,1780596489097,56635.21453857422,4700,1,0.3062499999999999,6929.572418212891,4700,1,0.3062499999999999,6792.3299560546875,4700,1,0.3062499999999999,11738.28109741211,4700,1,0.3062499999999999,45131.957290649414,4700,1,0.3062499999999999,37319.311264038086,4700,1,0.3062499999999999,46502.55612182617,4700,1,0.3062499999999999,28691.27146911621,4700,1,0.3062499999999999,7266.593536376953,4700,1,0.3062499999999999,7155.526885986328,4700,1,0.3062499999999999,6747.012145996094,4700,1,0.3062499999999999,6963.322006225586,4700,1,0.3062499999999999,3890.6368408203125,3007,3007,3007,3007,3007,3007,3007,3007,3007,3007,3007,3007,4690,4691,3007,3007,3007,4690,3007,3007,3007,3007,3007,4690,84.21052551269531,21.052631378173828,0,0,10.526315689086914,0,17.647058486938477,30.000001907348633,30.000001907348633,47.05882263183594,0,0,10,0,0,0,0,10.526315689086914,20,100,0,0,0,0,66481098752,12884893696,1602392064,0
99,1780596489197,56635.8143157959,4700,1,0.3062499999999999,6929.575546264648,4700,1,0.3062499999999999,6792.333038330078,4700,1,0.3062499999999999,11738.363037109375,4700,1,0.3062499999999999,45132.399490356445,4700,1,0.3062499999999999,37319.675537109375,4700,1,0.3062499999999999,46502.99334716797,4700,1,0.3062499999999999,28691.95668029785,4700,1,0.3062499999999999,7266.596649169922,4700,1,0.3062499999999999,7155.529968261719,4700,1,0.3062499999999999,6747.015197753906,4700,1,0.3062499999999999,6963.325057983398,4700,1,0.3062499999999999,3896.3709106445313,3007,3007,3007,3007,3007,3007,3007,3007,3007,3007,3007,3007,4690,4691,3007,3007,3007,4690,3007,3007,3007,3007,3007,4690,88.8888931274414,0,0,0,26.3157901763916,10,26.3157901763916,22.22222328186035,5.263157844543457,44.4444465637207,0,0,22.22222328186035,0,0,0,0,25,21.052631378173828,100,0,0,0,0,66481098752,12884893696,1610395648,0
99,1780596489297,56636.39057922363,4700,1,0.3062499999999999,6929.578659057617,4700,1,0.3062499999999999,6792.344665527344,4700,1,0.3062499999999999,11738.657455444336,4700,1,0.3062499999999999,45132.82563781738,4700,1,0.3062499999999999,37319.9958190918,4700,1,0.3062499999999999,46503.40493774414,4700,1,0.3062499999999999,28692.65347290039,4700,1,0.3062499999999999,7266.5997314453125,4700,1,0.3062499999999999,7155.533187866211,4700,1,0.3062499999999999,6747.018264770508,4700,1,0.3062499999999999,6963.328201293945,4700,1,0.3062499999999999,3902.0213928222656,3007,3007,3007,3007,3007,3007,3007,3007,3007,3007,3007,3007,4690,4691,3007,3007,3007,4690,3007,3007,3007,3007,3007,4690,88.8888931274414,0,0,0,26.3157901763916,10,26.3157901763916,22.22222328186035,5.263157844543457,44.4444465637207,0,0,22.22222328186035,0,0,0,0,25,21.052631378173828,100,0,0,0,0,66481098752,12884893696,1610084352,0
99,1780596489397,56636.99058532715,4700,1,0.3062499999999999,6929.58186340332,4700,1,0.3062499999999999,6792.347869873047,4700,1,0.3062499999999999,11738.982666015625,4700,1,0.3062499999999999,45133.20457458496,4700,1,0.3062499999999999,37320.415451049805,4700,1,0.3062499999999999,46503.80204772949,4700,1,0.3062499999999999,28693.346450805664,4700,1,0.3062499999999999,7266.602813720703,4700,1,0.3062499999999999,7155.536331176758,4700,1,0.3062499999999999,6747.021347045898,4700,1,0.3062499999999999,6963.331314086914,4700,1,0.3062499999999999,3907.7583770751953,3007,3007,3007,3007,3007,3007,3007,3007,3007,3007,3007,3007,4690,4691,3007,3007,3007,4690,3007,3007,3007,3007,3007,4690,89.47368621826172,5.555555820465088,0,0,21.052631378173828,0,23.52941131591797,11.111111640930176,35,47.05882263183594,0,0,15.000000953674316,0,0,0,0,10.526315689086914,10.526315689086914,100,0,0,0,0,66481098752,12884893696,1603805184,0
99,1780596489497,56637.59523010254,4700,1,0.3062499999999999,6929.584945678711,4700,1,0.3062499999999999,6792.3509521484375,4700,1,0.3062499999999999,11739.262023925781,4700,1,0.3062499999999999,45133.565170288086,4700,1,0.3062499999999999,37320.85043334961,4700,1,0.3062499999999999,46504.24378967285,4700,1,0.3062499999999999,28694.032150268555,4700,1,0.3062499999999999,7266.606140136719,4700,1,0.3062499999999999,7155.539413452148,4700,1,0.3062499999999999,6747.024429321289,4700,1,0.3062499999999999,6963.334396362305,4700,1,0.3062499999999999,3913.520492553711,3007,3007,3007,3007,3007,3007,3007,3007,3007,3007,3007,3007,4690,4691,3007,3007,3007,4690,3007,3007,3007,3007,3007,4690,89.47368621826172,5.555555820465088,0,0,21.052631378173828,0,23.52941131591797,11.111111640930176,35,47.05882263183594,0,0,15.000000953674316,0,0,0,0,10.526315689086914,10.526315689086914,100,0,0,0,0,66481098752,12884893696,1603260416,0
99,1780596489597,56638.214767456055,4700,1,0.30000000000000004,6929.588027954102,4700,1,0.3062499999999999,6792.354034423828,4700,1,0.3062499999999999,11739.597595214844,4700,1,0.30000000000000004,45134.00538635254,4700,1,0.30000000000000004,37321.08044433594,4700,1,0.30000000000000004,46504.65881347656,4700,1,0.30000000000000004,28694.714736938477,4700,1,0.30000000000000004,7266.609436035156,4700,1,0.30000000000000004,7155.542495727539,4700,1,0.30000000000000004,6747.027481079102,4700,1,0.30000000000000004,6963.337478637695,4700,1,0.3062499999999999,3919.2205200195313,3007,3007,3007,3007,3007,3007,3007,3007,3007,3007,3007,3007,4690,4691,3007,3007,3007,4690,3007,3007,3007,3007,3007,4690,88.8888931274414,25,0,0,17.647058486938477,0,25,5,22.22222328186035,47.36842346191406,0,0,25,0,0,0,0,16.666667938232422,25,100,0,0,0,0,66481098752,12884893696,1611276288,0
99,1780596489697,56638.79722595215,4700,1,0.30000000000000004,6929.591323852539,4700,1,0.3062499999999999,6792.357269287109,4700,1,0.3062499999999999,11739.952697753906,4700,1,0.30000000000000004,45134.43717956543,4700,1,0.30000000000000004,37321.44728088379,4700,1,0.30000000000000004,46505.00343322754,4700,1,0.30000000000000004,28695.403884887695,4700,1,0.30000000000000004,7266.612823486328,4700,1,0.30000000000000004,7155.545639038086,4700,1,0.30000000000000004,6747.030609130859,4700,1,0.30000000000000004,6963.340621948242,4700,1,0.3062499999999999,3924.8903198242188,3007,3007,3007,3007,3007,3007,3007,3007,3007,3007,3007,3007,4690,4691,3007,3007,3007,4690,3007,3007,3007,3007,3007,4690,88.8888931274414,25,0,0,17.647058486938477,0,25,5,22.22222328186035,47.36842346191406,0,0,25,0,0,0,0,16.666667938232422,25,100,0,0,0,0,66481098752,12884893696,1605754880,0
99,1780596489797,56639.35723876953,4700,1,0.3062499999999999,6929.59440612793,4700,1,0.3062499999999999,6792.3603515625,4700,1,0.3062499999999999,11740.322479248047,4700,1,0.3062499999999999,45134.86819458008,4700,1,0.3062499999999999,37321.880630493164,4700,1,0.3062499999999999,46505.35949707031,4700,1,0.3062499999999999,28696.076721191406,4700,1,0.3062499999999999,7266.615905761719,4700,1,0.3062499999999999,7155.548690795898,4700,1,0.3062499999999999,6747.033660888672,4700,1,0.3062499999999999,6963.343673706055,4700,1,0.3062499999999999,3930.6067657470703,3007,3007,3007,3007,3007,3007,3007,3007,3007,3007,3007,3007,4690,4691,3007,3007,3007,4690,3007,3007,3007,3007,3007,4690,83.33332824707031,20,0,0,15.789472579956055,19.047618865966797,30.000001907348633,6.25,26.3157901763916,50,0,0,21.052631378173828,0,0,0,0,25,10,100,0,0,0,0,66481098752,12884893696,1605562368,0
99,1780596489897,56639.938232421875,4700,1,0.3062499999999999,6929.597564697266,4700,1,0.3062499999999999,6792.363433837891,4700,1,0.3062499999999999,11740.70947265625,4700,1,0.3062499999999999,45135.30027770996,4700,1,0.3062499999999999,37322.25505065918,4700,1,0.3062499999999999,46505.60971069336,4700,1,0.3062499999999999,28696.768829345703,4700,1,0.3062499999999999,7266.619155883789,4700,1,0.3062499999999999,7155.551773071289,4700,1,0.3062499999999999,6747.0367431640625,4700,1,0.3062499999999999,6963.346755981445,4700,1,0.3062499999999999,3936.255416870117,3007,3007,3007,3007,3007,3007,3007,3007,3007,3007,3007,3007,4690,4691,3007,3007,3007,4690,3007,3007,3007,3007,3007,4690,83.33332824707031,20,0,0,15.789472579956055,19.047618865966797,30.000001907348633,6.25,26.3157901763916,50,0,0,21.052631378173828,0,0,0,0,25,10,100,0,0,0,0,66481098752,12884893696,1601593344,0
99,1780596489997,56640.51770019531,4700,1,0.30000000000000004,6929.600662231445,4700,1,0.30000000000000004,6792.366516113281,4700,1,0.30000000000000004,11741.050323486328,4700,1,0.30000000000000004,45135.7550201416,4700,1,0.30000000000000004,37322.589904785156,4700,1,0.30000000000000004,46505.928298950195,4700,1,0.30000000000000004,28697.458282470703,4700,1,0.30000000000000004,7266.62223815918,4700,1,0.30000000000000004,7155.55485534668,4700,1,0.30000000000000004,6747.039825439453,4700,1,0.30000000000000004,6963.349838256836,4700,1,0.30000000000000004,3942.0172271728516,3007,3007,3007,3007,3007,3007,3007,3007,3007,3007,3007,3007,4690,4691,3007,3007,3007,4690,3007,3007,3007,3007,3007,4690,87.5,5.555555820465088,0,0,16.666667938232422,21.052631378173828,21.052631378173828,4.761904716491699,21.052631378173828,43.75,0,0,33.333335876464844,0,0,0,0,17.647058486938477,0,100,0,0,0,0,66481098752,12884893696,1610534912,0
99,1780596490097,56641.103088378906,4700,1,0.3062499999999999,6929.603775024414,4700,1,0.3062499999999999,6792.369659423828,4700,1,0.3062499999999999,11741.373413085938,4700,1,0.3062499999999999,45136.23213195801,4700,1,0.3062499999999999,37322.956939697266,4700,1,0.3062499999999999,46506.22409057617,4700,1,0.3062499999999999,28698.140502929688,4700,1,0.3062499999999999,7266.62532043457,4700,1,0.3062499999999999,7155.558013916016,4700,1,0.3062499999999999,6747.042907714844,4700,1,0.3062499999999999,6963.352920532227,4700,1,0.3062499999999999,3947.7566528320313,3007,3007,3007,3007,3007,3007,3007,3007,3007,3007,3007,3007,4690,4691,3007,3007,3007,4690,3007,3007,3007,3007,3007,4690,87.5,5.555555820465088,0,0,16.666667938232422,21.052631378173828,21.052631378173828,4.761904716491699,21.052631378173828,43.75,0,0,33.333335876464844,0,0,0,0,17.647058486938477,0,100,0,0,0,0,66481098752,12884893696,1605701632,0
99,1780596490197,56641.72557067871,4700,1,0.3062499999999999,6929.60693359375,4700,1,0.3062499999999999,6792.372741699219,4700,1,0.3062499999999999,11741.602401733398,4700,1,0.3062499999999999,45136.69648742676,4700,1,0.3062499999999999,37323.25500488281,4700,1,0.3062499999999999,46506.57991027832,4700,1,0.3062499999999999,28698.834060668945,4700,1,0.3062499999999999,7266.628402709961,4700,1,0.3062499999999999,7155.561096191406,4700,1,0.3062499999999999,6747.0460205078125,4700,1,0.3062499999999999,6963.356094360352,4700,1,0.3062499999999999,3953.4722290039063,3007,3007,3007,3007,3007,3007,3007,3007,3007,3007,3007,3007,4690,4691,3007,3007,3007,4690,3007,3007,3007,3007,3007,4690,89.47368621826172,10,0,0,22.22222328186035,11.111111640930176,35,9.523809432983398,21.052631378173828,47.36842346191406,0,0,18.75,0,0,0,0,26.3157901763916,5.263157844543457,100,0,0,0,0,66481098752,12884893696,1601339392,0
99,1780596490297,56642.29521179199,4700,1,0.30000000000000004,6929.610092163086,4700,1,0.3062499999999999,6792.3759765625,4700,1,0.3062499999999999,11741.931259155273,4700,1,0.30000000000000004,45137.139739990234,4700,1,0.30000000000000004,37323.667709350586,4700,1,0.30000000000000004,46506.86898803711,4700,1,0.30000000000000004,28699.527069091797,4700,1,0.3062499999999999,7266.631484985352,4700,1,0.3062499999999999,7155.56428527832,4700,1,0.3062499999999999,6747.049102783203,4700,1,0.3062499999999999,6963.35920715332,4700,1,0.3062499999999999,3959.2094116210938,3007,3007,3007,3007,3007,3007,3007,3007,3007,3007,3007,3007,4690,4691,3007,3007,3007,4690,3007,3007,3007,3007,3007,4690,89.47368621826172,10,0,0,22.22222328186035,11.111111640930176,35,9.523809432983398,21.052631378173828,47.36842346191406,0,0,18.75,0,0,0,0,26.3157901763916,5.263157844543457,100,0,0,0,0,66481098752,12884893696,1607663616,0
99,1780596490397,56642.80108642578,4700,1,0.3062499999999999,6929.613250732422,4700,1,0.3062499999999999,6792.379104614258,4700,1,0.3062499999999999,11742.201583862305,4700,1,0.3062499999999999,45137.62666320801,4700,1,0.3062499999999999,37324.148025512695,4700,1,0.3062499999999999,46507.15203857422,4700,1,0.3062499999999999,28700.205307006836,4700,1,0.3062499999999999,7266.634658813477,4700,1,0.3062499999999999,7155.567367553711,4700,1,0.3062499999999999,6747.052215576172,4700,1,0.3062499999999999,6963.362289428711,4700,1,0.3062499999999999,3964.943145751953,3007,3007,3007,3007,3007,3007,3007,3007,3007,3007,3007,3007,4690,4691,3007,3007,3007,4690,3007,3007,3007,3007,3007,4690,84.21052551269531,10,0,0,14.285715103149414,15.789472579956055,27.77777862548828,35,28.571430206298828,41.17647171020508,0,0,22.22222328186035,0,0,0,0,21.052631378173828,0,100,0,0,0,0,66481098752,12884893696,1604972544,0
99,1780596490497,56643.36717224121,4700,1,0.3062499999999999,6929.6163330078125,4700,1,0.3062499999999999,6792.382247924805,4700,1,0.3062499999999999,11742.421356201172,4700,1,0.3062499999999999,45138.087463378906,4700,1,0.3062499999999999,37324.44047546387,4700,1,0.3062499999999999,46507.58218383789,4700,1,0.3062499999999999,28700.883499145508,4700,1,0.3062499999999999,7266.6378173828125,4700,1,0.3062499999999999,7155.570510864258,4700,1,0.3062499999999999,6747.0552978515625,4700,1,0.3062499999999999,6963.36540222168,4700,1,0.3062499999999999,3970.5421752929688,3007,3007,3007,3007,3007,3007,3007,3007,3007,3007,3007,3007,4690,4691,3007,3007,3007,4690,3007,3007,3007,3007,3007,4690,84.21052551269531,10,0,0,14.285715103149414,15.789472579956055,27.77777862548828,35,28.571430206298828,41.17647171020508,0,0,22.22222328186035,0,0,0,0,21.052631378173828,0,100,0,0,0,0,66481098752,12884893696,1603723264,0
99,1780596490597,56643.96961975098,4700,1,0.30000000000000004,6929.61946105957,4700,1,0.30000000000000004,6792.38542175293,4700,1,0.30000000000000004,11742.75717163086,4700,1,0.30000000000000004,45138.51385498047,4700,1,0.30000000000000004,37324.78428649902,4700,1,0.30000000000000004,46508.01036071777,4700,1,0.30000000000000004,28701.56477355957,4700,1,0.30000000000000004,7266.641098022461,4700,1,0.30000000000000004,7155.573654174805,4700,1,0.30000000000000004,6747.058441162109,4700,1,0.30000000000000004,6963.368545532227,4700,1,0.30000000000000004,3976.3212890625,3007,3007,3007,3007,3007,3007,3007,3007,3007,3007,3007,3007,4690,4691,3007,3007,3007,4690,3007,3007,3007,3007,3007,4690,83.33332824707031,0,0,0,15.789472579956055,10.526315689086914,16.666667938232422,10.526315689086914,15.789472579956055,44.4444465637207,0,0,33.333335876464844,0,0,0,0,15.000000953674316,27.77777862548828,100,0,0,0,0,66481098752,12884893696,1600126976,0
99,1780596490698,56644.572021484375,4700,1,0.3062499999999999,6929.623092651367,4700,1,0.3062499999999999,6792.38850402832,4700,1,0.3062499999999999,11743.081100463867,4700,1,0.3062499999999999,45138.92726135254,4700,1,0.3062499999999999,37325.13943481445,4700,1,0.3062499999999999,46508.37202453613,4700,1,0.3062499999999999,28702.253189086914,4700,1,0.3062499999999999,7266.644226074219,4700,1,0.3062499999999999,7155.576736450195,4700,1,0.3062499999999999,6747.061538696289,4700,1,0.3062499999999999,6963.371658325195,4700,1,0.3062499999999999,3981.950393676758,3007,3007,3007,3007,3007,3007,3007,3007,3007,3007,3007,3007,4690,4691,3007,3007,3007,4690,3007,3007,3007,3007,3007,4690,83.33332824707031,0,0,0,15.789472579956055,10.526315689086914,16.666667938232422,10.526315689086914,15.789472579956055,44.4444465637207,0,0,33.333335876464844,0,0,0,0,15.000000953674316,27.77777862548828,100,0,0,0,0,66481098752,12884893696,1603190784,0
99,1780596490798,56645.17640686035,4700,1,0.3062499999999999,6929.626174926758,4700,1,0.3062499999999999,6792.391586303711,4700,1,0.3062499999999999,11743.289123535156,4700,1,0.3062499999999999,45139.32113647461,4700,1,0.3062499999999999,37325.517639160156,4700,1,0.3062499999999999,46508.78552246094,4700,1,0.3062499999999999,28702.93977355957,4700,1,0.3062499999999999,7266.647308349609,4700,1,0.3062499999999999,7155.579818725586,4700,1,0.3062499999999999,6747.06462097168,4700,1,0.3062499999999999,6963.374740600586,4700,1,0.3062499999999999,3987.6141815185547,3007,3007,3007,3007,3007,3007,3007,3007,3007,3007,3007,3007,4690,4691,3007,3007,3007,4690,3007,3007,3007,3007,3007,4690,89.47368621826172,0,0,0,22.22222328186035,20,15.789472579956055,31.57894515991211,20,43.75,0,0,25,0,0,0,0,0,25,100,0,0,0,0,66481098752,12884893696,1605316608,0
99,1780596490898,56645.70278930664,4700,1,0.3062499999999999,6929.629318237305,4700,1,0.3062499999999999,6792.394729614258,4700,1,0.3062499999999999,11743.618515014648,4700,1,0.3062499999999999,45139.816146850586,4700,1,0.3062499999999999,37325.93614196777,4700,1,0.3062499999999999,46509.131088256836,4700,1,0.3062499999999999,28703.617736816406,4700,1,0.3062499999999999,7266.650390625,4700,1,0.3062499999999999,7155.5830078125,4700,1,0.3062499999999999,6747.06770324707,4700,1,0.3062499999999999,6963.377853393555,4700,1,0.3062499999999999,3993.3485717773438,3007,3007,3007,3007,3007,3007,3007,3007,3007,3007,3007,3007,4690,4691,3007,3007,3007,4690,3007,3007,3007,3007,3007,4690,89.47368621826172,0,0,0,22.22222328186035,20,15.789472579956055,31.57894515991211,20,43.75,0,0,25,0,0,0,0,0,25,100,0,0,0,0,66481098752,12884893696,1602351104,0
99,1780596490998,56646.301040649414,4700,1,0.30000000000000004,6929.632400512695,4700,1,0.3062499999999999,6792.397811889648,4700,1,0.3062499999999999,11743.82926940918,4700,1,0.30000000000000004,45140.2589263916,4700,1,0.30000000000000004,37326.35874938965,4700,1,0.30000000000000004,46509.499282836914,4700,1,0.30000000000000004,28704.30844116211,4700,1,0.30000000000000004,7266.653472900391,4700,1,0.30000000000000004,7155.586090087891,4700,1,0.3062499999999999,6747.070785522461,4700,1,0.3062499999999999,6963.380935668945,4700,1,0.3062499999999999,3999.0186767578125,3007,3007,3007,3007,3007,3007,3007,3007,3007,3007,3007,3007,4690,4691,3007,3007,3007,4690,3007,3007,3007,3007,3007,4690,88.8888931274414,0,0,0,15.000000953674316,16.666667938232422,33.333335876464844,22.22222328186035,5.263157844543457,50,0,0,31.57894515991211,0,0,0,0,16.666667938232422,16.666667938232422,100,0,0,0,0,66481098752,12884893696,1605705728,0
99,1780596491098,56646.93649291992,4700,1,0.3062499999999999,6929.635482788086,4700,1,0.3062499999999999,6792.400894165039,4700,1,0.3062499999999999,11744.020065307617,4700,1,0.3062499999999999,45140.74287414551,4700,1,0.3062499999999999,37326.74282836914,4700,1,0.3062499999999999,46509.88084411621,4700,1,0.3062499999999999,28704.997161865234,4700,1,0.3062499999999999,7266.656555175781,4700,1,0.3062499999999999,7155.589172363281,4700,1,0.3062499999999999,6747.073867797852,4700,1,0.3062499999999999,6963.384017944336,4700,1,0.3062499999999999,4004.7450408935547,3007,3007,3007,3007,3007,3007,3007,3007,3007,3007,3007,3007,4690,4691,3007,3007,3007,4690,3007,3007,3007,3007,3007,4690,88.8888931274414,0,0,0,15.000000953674316,16.666667938232422,33.333335876464844,22.22222328186035,5.263157844543457,50,0,0,31.57894515991211,0,0,0,0,16.666667938232422,16.666667938232422,100,0,0,0,0,66481098752,12884893696,1605451776,0
99,1780596491198,56647.56790161133,4700,1,0.3062499999999999,6929.638687133789,4700,1,0.3062499999999999,6792.40397644043,4700,1,0.3062499999999999,11744.318893432617,4700,1,0.3062499999999999,45141.2022857666,4700,1,0.3062499999999999,37327.17855834961,4700,1,0.3062499999999999,46510.24067687988,4700,1,0.3062499999999999,28705.64373779297,4700,1,0.3062499999999999,7266.65966796875,4700,1,0.3062499999999999,7155.592254638672,4700,1,0.3062499999999999,6747.076965332031,4700,1,0.3062499999999999,6963.387130737305,4700,1,0.3062499999999999,4010.603317260742,3007,3007,3007,3007,3007,3007,3007,3007,3007,3007,3007,3007,4690,4691,3007,3007,3007,4690,3007,3007,3007,3007,3007,4690,89.47368621826172,9.523809432983398,0,0,40,5,27.77777862548828,16.666667938232422,15.789472579956055,42.105262756347656,0,0,31.57894515991211,0,0,0,0,21.052631378173828,15.789472579956055,100,0,0,0,0,66481098752,12884893696,1602961408,0
99,1780596491298,56648.201080322266,4700,1,0.30000000000000004,6929.641845703125,4700,1,0.30000000000000004,6792.407196044922,4700,1,0.30000000000000004,11744.596267700195,4700,1,0.30000000000000004,45141.659606933594,4700,1,0.30000000000000004,37327.619689941406,4700,1,0.30000000000000004,46510.493087768555,4700,1,0.30000000000000004,28706.32568359375,4700,1,0.30000000000000004,7266.662811279297,4700,1,0.30000000000000004,7155.595672607422,4700,1,0.30000000000000004,6747.080017089844,4700,1,0.30000000000000004,6963.390289306641,4700,1,0.30000000000000004,4016.2388458251953,3007,3007,3007,3007,3007,3007,3007,3007,3007,3007,3007,3007,4690,4691,3007,3007,3007,4690,3007,3007,3007,3007,3007,4690,89.47368621826172,9.523809432983398,0,0,40,5,27.77777862548828,16.666667938232422,15.789472579956055,42.105262756347656,0,0,31.57894515991211,0,0,0,0,21.052631378173828,15.789472579956055,100,0,0,0,0,66481098752,12884893696,1607258112,0
99,1780596491398,56648.79887390137,4700,1,0.3062499999999999,6929.645004272461,4700,1,0.3062499999999999,6792.4102783203125,4700,1,0.3062499999999999,11744.954956054688,4700,1,0.3062499999999999,45142.027420043945,4700,1,0.3062499999999999,37327.988189697266,4700,1,0.3062499999999999,46510.883850097656,4700,1,0.3062499999999999,28707.015197753906,4700,1,0.3062499999999999,7266.665954589844,4700,1,0.3062499999999999,7155.5987548828125,4700,1,0.3062499999999999,6747.08317565918,4700,1,0.3062499999999999,6963.393371582031,4700,1,0.3062499999999999,4021.9365234375,3007,3007,3007,3007,3007,3007,3007,3007,3007,3007,3007,3007,4690,4691,3007,3007,3007,4690,3007,3007,3007,3007,3007,4690,88.8888931274414,0,0,0,23.52941131591797,20,16.666667938232422,15.789472579956055,15.000000953674316,44.4444465637207,0,0,25,0,0,0,0,25,15.789472579956055,100,0,0,0,0,66481098752,12884893696,1604304896,0
99,1780596491498,56649.427978515625,4700,1,0.3062499999999999,6929.648101806641,4700,1,0.3062499999999999,6792.413360595703,4700,1,0.3062499999999999,11745.091827392578,4700,1,0.3062499999999999,45142.45674133301,4700,1,0.3062499999999999,37328.331970214844,4700,1,0.3062499999999999,46511.33515930176,4700,1,0.3062499999999999,28707.706604003906,4700,1,0.3062499999999999,7266.669036865234,4700,1,0.3062499999999999,7155.601837158203,4700,1,0.3062499999999999,6747.086242675781,4700,1,0.3062499999999999,6963.398529052734,4700,1,0.3062499999999999,4027.5657653808594,3007,3007,3007,3007,3007,3007,3007,3007,3007,3007,3007,3007,4690,4691,3007,3007,3007,4690,3007,3007,3007,3007,3007,4690,88.8888931274414,0,0,0,23.52941131591797,20,16.666667938232422,15.789472579956055,15.000000953674316,44.4444465637207,0,0,25,0,0,0,0,25,15.789472579956055,100,0,0,0,0,66481098752,12884893696,1605246976,0
99,1780596491598,56649.99678039551,4700,1,0.3062499999999999,6929.651184082031,4700,1,0.3062499999999999,6792.416442871094,4700,1,0.3062499999999999,11745.220504760742,4700,1,0.3062499999999999,45142.894104003906,4700,1,0.3062499999999999,37328.70080566406,4700,1,0.3062499999999999,46511.792877197266,4700,1,0.3062499999999999,28708.39710998535,4700,1,0.3062499999999999,7266.672180175781,4700,1,0.3062499999999999,7155.604919433594,4700,1,0.3062499999999999,6747.089309692383,4700,1,0.3062499999999999,6963.41455078125,4700,1,0.3062499999999999,4033.237594604492,3007,3007,3007,3007,3007,3007,3007,3007,3007,3007,3007,3007,4690,4691,3007,3007,3007,4690,3007,3007,3007,3007,3007,4690,89.47368621826172,4.761904716491699,0,0,17.647058486938477,9.523809432983398,16.666667938232422,23.52941131591797,31.81818199157715,55,0,0,27.77777862548828,0,0,0,0,5,35,100,0,0,0,0,66481098752,12884893696,1600598016,0
99,1780596491698,56650.57090759277,4700,1,0.3062499999999999,6929.657150268555,4700,1,0.3062499999999999,6792.419586181641,4700,1,0.3062499999999999,11745.394348144531,4700,1,0.3062499999999999,45143.2599029541,4700,1,0.3062499999999999,37329.09092712402,4700,1,0.3062499999999999,46512.26469421387,4700,1,0.3062499999999999,28709.092666625977,4700,1,0.3062499999999999,7266.677093505859,4700,1,0.3062499999999999,7155.608062744141,4700,1,0.3062499999999999,6747.092391967773,4700,1,0.3062499999999999,6963.421844482422,4700,1,0.3062499999999999,4038.9509887695313,3007,3007,3007,3007,3007,3007,3007,3007,3007,3007,3007,3007,4690,4691,3007,3007,3007,4690,3007,3007,3007,3007,3007,4690,89.47368621826172,4.761904716491699,0,0,17.647058486938477,9.523809432983398,16.666667938232422,23.52941131591797,31.81818199157715,55,0,0,27.77777862548828,0,0,0,0,5,35,100,0,0,0,0,66481098752,12884893696,1608339456,0
99,1780596491798,56651.12538146973,4700,1,0.30000000000000004,6929.660232543945,4700,1,0.3062499999999999,6792.422668457031,4700,1,0.3062499999999999,11745.561233520508,4700,1,0.30000000000000004,45143.66613769531,4700,1,0.30000000000000004,37329.52621459961,4700,1,0.30000000000000004,46512.66973876953,4700,1,0.30000000000000004,28709.782974243164,4700,1,0.30000000000000004,7266.691757202148,4700,1,0.30000000000000004,7155.611145019531,4700,1,0.30000000000000004,6747.095474243164,4700,1,0.30000000000000004,6963.4249267578125,4700,1,0.30000000000000004,4044.6312408447266,3007,3007,3007,3007,3007,3007,3007,3007,3007,3007,3007,3007,4690,4691,3007,3007,3007,4690,3007,3007,3007,3007,3007,4690,84.21052551269531,0,0,0,10.526315689086914,0,5.263157844543457,30.000001907348633,31.57894515991211,47.36842346191406,0,0,27.77777862548828,0,0,0,0,21.052631378173828,21.052631378173828,100,0,0,0,0,66481098752,12884893696,1608134656,0
99,1780596491898,56651.7014465332,4700,1,0.3062499999999999,6929.663421630859,4700,1,0.3062499999999999,6792.42578125,4700,1,0.3062499999999999,11745.904846191406,4700,1,0.3062499999999999,45144.02159118652,4700,1,0.3062499999999999,37329.87432861328,4700,1,0.3062499999999999,46513.09181213379,4700,1,0.3062499999999999,28710.466430664063,4700,1,0.3062499999999999,7266.698394775391,4700,1,0.3062499999999999,7155.614242553711,4700,1,0.3062499999999999,6747.098587036133,4700,1,0.3062499999999999,6963.428039550781,4700,1,0.3062499999999999,4050.396942138672,3007,3007,3007,3007,3007,3007,3007,3007,3007,3007,3007,3007,4690,4691,3007,3007,3007,4690,3007,3007,3007,3007,3007,4690,84.21052551269531,0,0,0,10.526315689086914,0,5.263157844543457,30.000001907348633,31.57894515991211,47.36842346191406,0,0,27.77777862548828,0,0,0,0,21.052631378173828,21.052631378173828,100,0,0,0,0,66481098752,12884893696,1602461696,0
99,1780596491998,56652.25532531738,4700,1,0.30000000000000004,6929.666473388672,4700,1,0.30000000000000004,6792.428863525391,4700,1,0.30000000000000004,11746.228546142578,4700,1,0.30000000000000004,45144.367919921875,4700,1,0.30000000000000004,37330.25021362305,4700,1,0.30000000000000004,46513.539779663086,4700,1,0.30000000000000004,28711.159286499023,4700,1,0.30000000000000004,7266.705459594727,4700,1,0.30000000000000004,7155.617324829102,4700,1,0.30000000000000004,6747.101638793945,4700,1,0.30000000000000004,6963.431091308594,4700,1,0.30000000000000004,4056.1190338134766,3007,3007,3007,3007,3007,3007,3007,3007,3007,3007,3007,3007,4690,4691,3007,3007,3007,4690,3007,3007,3007,3007,3007,4690,88.8888931274414,5,0,0,19.047618865966797,25,4.761904716491699,0,22.22222328186035,52.6315803527832,0,0,26.3157901763916,0,0,0,0,31.57894515991211,20,100,0,0,0,0,66481098752,12884893696,1602174976,0
99,1780596492098,56652.8729095459,4700,1,0.30000000000000004,6929.675201416016,4700,1,0.30000000000000004,6792.431976318359,4700,1,0.30000000000000004,11746.460815429688,4700,1,0.30000000000000004,45144.73245239258,4700,1,0.30000000000000004,37330.61163330078,4700,1,0.30000000000000004,46513.96127319336,4700,1,0.30000000000000004,28711.84588623047,4700,1,0.30000000000000004,7266.71110534668,4700,1,0.30000000000000004,7155.6204833984375,4700,1,0.30000000000000004,6747.104705810547,4700,1,0.30000000000000004,6963.434173583984,4700,1,0.30000000000000004,4061.767791748047,3007,3007,3007,3007,3007,3007,3007,3007,3007,3007,3007,3007,4690,4691,3007,3007,3007,4690,3007,3007,3007,3007,3007,4690,88.8888931274414,5,0,0,19.047618865966797,25,4.761904716491699,0,22.22222328186035,52.6315803527832,0,0,26.3157901763916,0,0,0,0,31.57894515991211,20,100,0,0,0,0,66481098752,12884893696,1601634304,0
99,1780596492198,56653.420181274414,4700,1,0.3062499999999999,6929.678359985352,4700,1,0.3062499999999999,6792.43505859375,4700,1,0.3062499999999999,11746.768676757813,4700,1,0.3062499999999999,45145.18728637695,4700,1,0.3062499999999999,37330.9793548584,4700,1,0.3062499999999999,46514.331481933594,4700,1,0.3062499999999999,28712.537673950195,4700,1,0.3062499999999999,7266.727493286133,4700,1,0.3062499999999999,7155.623565673828,4700,1,0.3062499999999999,6747.1077880859375,4700,1,0.3062499999999999,6963.437255859375,4700,1,0.3062499999999999,4067.511505126953,3007,3007,3007,3007,3007,3007,3007,3007,3007,3007,3007,3007,4690,4691,3007,3007,3007,4690,3007,3007,3007,3007,3007,4690,85.71428680419922,19.047618865966797,0,0,16.666667938232422,10.526315689086914,35,0,31.57894515991211,44.4444465637207,0,0,15.789472579956055,0,0,0,0,38.095237731933594,5.555555820465088,100,4.761904716491699,0,0,0,66481098752,12884893696,1601695744,0
99,1780596492298,56654.04086303711,4700,1,0.3062499999999999,6929.681503295898,4700,1,0.3062499999999999,6792.438262939453,4700,1,0.3062499999999999,11747.081909179688,4700,1,0.3062499999999999,45145.55653381348,4700,1,0.3062499999999999,37331.31365966797,4700,1,0.3062499999999999,46514.754943847656,4700,1,0.3062499999999999,28713.2169342041,4700,1,0.3062499999999999,7266.74006652832,4700,1,0.3062499999999999,7155.626754760742,4700,1,0.3062499999999999,6747.110870361328,4700,1,0.3062499999999999,6963.440368652344,4700,1,0.3062499999999999,4073.284439086914,3007,3007,3007,3007,3007,3007,3007,3007,3007,3007,3007,3007,4690,4691,3007,3007,3007,4690,3007,3007,3007,3007,3007,4690,85.71428680419922,19.047618865966797,0,0,16.666667938232422,10.526315689086914,35,0,31.57894515991211,44.4444465637207,0,0,15.789472579956055,0,0,0,0,38.095237731933594,5.555555820465088,100,4.761904716491699,0,0,0,66481098752,12884893696,1600995328,0
99,1780596492398,56654.63815307617,4700,1,0.30000000000000004,6929.684661865234,4700,1,0.3062499999999999,6792.441345214844,4700,1,0.3062499999999999,11747.347229003906,4700,1,0.30000000000000004,45145.95007324219,4700,1,0.30000000000000004,37331.59666442871,4700,1,0.3062499999999999,46515.22071838379,4700,1,0.3062499999999999,28713.90592956543,4700,1,0.3062499999999999,7266.75553894043,4700,1,0.3062499999999999,7155.629837036133,4700,1,0.3062499999999999,6747.113998413086,4700,1,0.3062499999999999,6963.443450927734,4700,1,0.3062499999999999,4078.9678802490234,3007,3007,3007,3007,3007,3007,3007,3007,3007,3007,3007,3007,4690,4691,3007,3007,3007,4690,3007,3007,3007,3007,3007,4690,88.23529815673828,0,0,0,22.22222328186035,20,26.3157901763916,5,30.000001907348633,47.36842346191406,0,0,10.526315689086914,0,0,0,0,11.764705657958984,26.3157901763916,100,4.761904716491699,0,0,0,66481098752,12884893696,1606053888,0
99,1780596492499,56655.230712890625,4700,1,0.3062499999999999,6929.687744140625,4700,1,0.3062499999999999,6792.444488525391,4700,1,0.3062499999999999,11747.621307373047,4700,1,0.3062499999999999,45146.36149597168,4700,1,0.3062499999999999,37331.97773742676,4700,1,0.3062499999999999,46515.68525695801,4700,1,0.3062499999999999,28714.601364135742,4700,1,0.3062499999999999,7266.768661499023,4700,1,0.3062499999999999,7155.63298034668,4700,1,0.3062499999999999,6747.117080688477,4700,1,0.3062499999999999,6963.446563720703,4700,1,0.3062499999999999,4084.6625213623047,3007,3007,3007,3007,3007,3007,3007,3007,3007,3007,3007,3007,4690,4691,3007,3007,3007,4690,3007,3007,3007,3007,3007,4690,88.23529815673828,0,0,0,22.22222328186035,20,26.3157901763916,5,30.000001907348633,47.36842346191406,0,0,10.526315689086914,0,0,0,0,11.764705657958984,26.3157901763916,100,4.761904716491699,0,0,0,66481098752,12884893696,1604087808,0
99,1780596492599,56655.81088256836,4700,1,0.3062499999999999,6929.702423095703,4700,1,0.3062499999999999,6792.454498291016,4700,1,0.3062499999999999,11747.907272338867,4700,1,0.3062499999999999,45146.75747680664,4700,1,0.3062499999999999,37332.348892211914,4700,1,0.3062499999999999,46516.12274169922,4700,1,0.3062499999999999,28715.28939819336,4700,1,0.3062499999999999,7266.783432006836,4700,1,0.3062499999999999,7155.636199951172,4700,1,0.3062499999999999,6747.120162963867,4700,1,0.3062499999999999,6963.449905395508,4700,1,0.3062499999999999,4090.404739379883,3007,3007,3007,3007,3007,3007,3007,3007,3007,3007,3007,3007,4690,4691,3007,3007,3007,4690,3007,3007,3007,3007,3007,4690,89.47368621826172,10,0,0,21.052631378173828,9.523809432983398,35,11.111111640930176,22.22222328186035,47.05882263183594,0,0,14.285715103149414,0,0,0,0,21.052631378173828,33.333335876464844,100,0,0,0,0,66481098752,12884893696,1602289664,0
99,1780596492699,56656.424560546875,4700,1,0.3062499999999999,6929.707794189453,4700,1,0.3062499999999999,6792.4609375,4700,1,0.3062499999999999,11748.26547241211,4700,1,0.3062499999999999,45147.189697265625,4700,1,0.3062499999999999,37332.753845214844,4700,1,0.3062499999999999,46516.58615112305,4700,1,0.3062499999999999,28715.911880493164,4700,1,0.3062499999999999,7266.795623779297,4700,1,0.3062499999999999,7155.639373779297,4700,1,0.3062499999999999,6747.123245239258,4700,1,0.3062499999999999,6963.452987670898,4700,1,0.3062499999999999,4096.329391479492,3007,3007,3007,3007,3007,3007,3007,3007,3007,3007,3007,3007,4690,4691,3007,3007,3007,4690,3007,3007,3007,3007,3007,4690,89.47368621826172,10,0,0,21.052631378173828,9.523809432983398,35,11.111111640930176,22.22222328186035,47.05882263183594,0,0,14.285715103149414,0,0,0,0,21.052631378173828,33.333335876464844,100,0,0,0,0,66481098752,12884893696,1606184960,0
99,1780596492799,56656.95161437988,4700,1,0.3062499999999999,6929.710876464844,4700,1,0.3062499999999999,6792.464019775391,4700,1,0.3062499999999999,11748.515869140625,4700,1,0.3062499999999999,45147.65007019043,4700,1,0.3062499999999999,37333.217514038086,4700,1,0.3062499999999999,46516.955337524414,4700,1,0.3062499999999999,28716.593063354492,4700,1,0.3062499999999999,7266.798858642578,4700,1,0.3062499999999999,7155.642486572266,4700,1,0.3062499999999999,6747.1263427734375,4700,1,0.3062499999999999,6963.456039428711,4700,1,0.3062499999999999,4102.040557861328,3007,3007,3007,3007,3007,3007,3007,3007,3007,3007,3007,3007,4690,4691,3007,3007,3007,4690,3007,3007,3007,3007,3007,4690,84.21052551269531,10.526315689086914,0,0,20,10.526315689086914,26.3157901763916,25,18.75,33.333335876464844,0,0,33.333335876464844,0,0,0,0,30.000001907348633,0,100,0,0,0,0,66481098752,12884893696,1605853184,0
99,1780596492899,56657.571548461914,4700,1,0.3062499999999999,6929.714019775391,4700,1,0.3062499999999999,6792.4671630859375,4700,1,0.3062499999999999,11748.674346923828,4700,1,0.3062499999999999,45148.07704162598,4700,1,0.3062499999999999,37333.637771606445,4700,1,0.3062499999999999,46517.330139160156,4700,1,0.3062499999999999,28717.2774810791,4700,1,0.3062499999999999,7266.802276611328,4700,1,0.3062499999999999,7155.6456298828125,4700,1,0.3062499999999999,6747.129425048828,4700,1,0.3062499999999999,6963.459121704102,4700,1,0.3062499999999999,4107.670501708984,3007,3007,3007,3007,3007,3007,3007,3007,3007,3007,3007,3007,4690,4691,3007,3007,3007,4690,3007,3007,3007,3007,3007,4690,84.21052551269531,10.526315689086914,0,0,20,10.526315689086914,26.3157901763916,25,18.75,33.333335876464844,0,0,33.333335876464844,0,0,0,0,30.000001907348633,0,100,0,0,0,0,66481098752,12884893696,1603186688,0
99,1780596492999,56658.15788269043,4700,1,0.3062499999999999,6929.717102050781,4700,1,0.3062499999999999,6792.470245361328,4700,1,0.3062499999999999,11749.015747070313,4700,1,0.3062499999999999,45148.492599487305,4700,1,0.3062499999999999,37333.990325927734,4700,1,0.3062499999999999,46517.698501586914,4700,1,0.3062499999999999,28717.96270751953,4700,1,0.3062499999999999,7266.805358886719,4700,1,0.3062499999999999,7155.648712158203,4700,1,0.3062499999999999,6747.132507324219,4700,1,0.3062499999999999,6963.462203979492,4700,1,0.3062499999999999,4113.4149169921875,3007,3007,3007,3007,3007,3007,3007,3007,3007,3007,3007,3007,4690,4691,3007,3007,3007,4690,3007,3007,3007,3007,3007,4690,90,5.263157844543457,0,0,33.333335876464844,10,11.111111640930176,28.571430206298828,31.57894515991211,37.5,0,0,23.52941131591797,0,0,0,0,15.789472579956055,5,100,0,0,0,0,66481098752,12884893696,1600905216,0
99,1780596493099,56658.749435424805,4700,1,0.3062499999999999,6929.720184326172,4700,1,0.3062499999999999,6792.473327636719,4700,1,0.3062499999999999,11749.2880859375,4700,1,0.3062499999999999,45148.943618774414,4700,1,0.3062499999999999,37334.28790283203,4700,1,0.3062499999999999,46518.096939086914,4700,1,0.3062499999999999,28718.65463256836,4700,1,0.3062499999999999,7266.808441162109,4700,1,0.3062499999999999,7155.651794433594,4700,1,0.3062499999999999,6747.135589599609,4700,1,0.3062499999999999,6963.465286254883,4700,1,0.3062499999999999,4119.082046508789,3007,3007,3007,3007,3007,3007,3007,3007,3007,3007,3007,3007,4690,4691,3007,3007,3007,4690,3007,3007,3007,3007,3007,4690,90,5.263157844543457,0,0,33.333335876464844,10,11.111111640930176,28.571430206298828,31.57894515991211,37.5,0,0,23.52941131591797,0,0,0,0,15.789472579956055,5,100,0,0,0,0,66481098752,12884893696,1607880704,0
99,1780596493199,56659.364181518555,4700,1,0.3062499999999999,6929.723403930664,4700,1,0.3062499999999999,6792.4764404296875,4700,1,0.3062499999999999,11749.574600219727,4700,1,0.3062499999999999,45149.31690979004,4700,1,0.3062499999999999,37334.61828613281,4700,1,0.3062499999999999,46518.54846191406,4700,1,0.3062499999999999,28719.334747314453,4700,1,0.3062499999999999,7266.8115234375,4700,1,0.3062499999999999,7155.65495300293,4700,1,0.3062499999999999,6747.138671875,4700,1,0.3062499999999999,6963.468368530273,4700,1,0.3062499999999999,4124.835372924805,3007,3007,3007,3007,3007,3007,3007,3007,3007,3007,3007,3007,4690,4691,3007,3007,3007,4690,3007,3007,3007,3007,3007,4690,88.23529815673828,10,0,0,17.647058486938477,20,27.77777862548828,15.789472579956055,35,44.4444465637207,0,0,11.111111640930176,0,0,0,0,14.285715103149414,20,100,0,0,0,0,66481098752,12884893696,1604222976,0
99,1780596493299,56659.97529602051,4700,1,0.3062499999999999,6929.726547241211,4700,1,0.3062499999999999,6792.479690551758,4700,1,0.3062499999999999,11749.705947875977,4700,1,0.3062499999999999,45149.686126708984,4700,1,0.3062499999999999,37335.07246398926,4700,1,0.3062499999999999,46518.952560424805,4700,1,0.3062499999999999,28720.023483276367,4700,1,0.3062499999999999,7266.814605712891,4700,1,0.3062499999999999,7155.658203125,4700,1,0.3062499999999999,6747.141754150391,4700,1,0.3062499999999999,6963.471481323242,4700,1,0.3062499999999999,4130.5079345703125,3007,3007,3007,3007,3007,3007,3007,3007,3007,3007,3007,3007,4690,4691,3007,3007,3007,4690,3007,3007,3007,3007,3007,4690,88.23529815673828,10,0,0,17.647058486938477,20,27.77777862548828,15.789472579956055,35,44.4444465637207,0,0,11.111111640930176,0,0,0,0,14.285715103149414,20,100,0,0,0,0,66481098752,12884893696,1605038080,0
99,1780596493399,56660.58940124512,4700,1,0.3062499999999999,6929.729690551758,4700,1,0.3062499999999999,6792.482772827148,4700,1,0.3062499999999999,11749.999938964844,4700,1,0.3062499999999999,45150.064453125,4700,1,0.3062499999999999,37335.39811706543,4700,1,0.3062499999999999,46519.41702270508,4700,1,0.3062499999999999,28720.712173461914,4700,1,0.3062499999999999,7266.817718505859,4700,1,0.3062499999999999,7155.661285400391,4700,1,0.3062499999999999,6747.144882202148,4700,1,0.3062499999999999,6963.474563598633,4700,1,0.3062499999999999,4136.260787963867,3007,3007,3007,3007,3007,3007,3007,3007,3007,3007,3007,3007,4690,4691,3007,3007,3007,4690,3007,3007,3007,3007,3007,4690,88.8888931274414,0,0,0,26.3157901763916,0,38.095237731933594,22.22222328186035,27.77777862548828,52.38095474243164,0,0,9.523809432983398,0,0,0,0,5.555555820465088,11.111111640930176,100,0,0,0,0,66481098752,12884893696,1600176128,0
99,1780596493499,56661.20780944824,4700,1,0.3062499999999999,6929.732772827148,4700,1,0.3062499999999999,6792.485855102539,4700,1,0.3062499999999999,11750.17741394043,4700,1,0.3062499999999999,45150.454818725586,4700,1,0.3062499999999999,37335.772048950195,4700,1,0.3062499999999999,46519.8899230957,4700,1,0.3062499999999999,28721.404495239258,4700,1,0.3062499999999999,7266.820892333984,4700,1,0.3062499999999999,7155.664367675781,4700,1,0.3062499999999999,6747.147964477539,4700,1,0.3062499999999999,6963.477645874023,4700,1,0.3062499999999999,4141.936859130859,3007,3007,3007,3007,3007,3007,3007,3007,3007,3007,3007,3007,4690,4691,3007,3007,3007,4690,3007,3007,3007,3007,3007,4690,88.8888931274414,0,0,0,26.3157901763916,0,38.095237731933594,22.22222328186035,27.77777862548828,52.38095474243164,0,0,9.523809432983398,0,0,0,0,5.555555820465088,11.111111640930176,100,0,0,0,0,66481098752,12884893696,1606455296,0
99,1780596493599,56661.800216674805,4700,1,0.3062499999999999,6929.735916137695,4700,1,0.3062499999999999,6792.489074707031,4700,1,0.3062499999999999,11750.469955444336,4700,1,0.3062499999999999,45150.823638916016,4700,1,0.3062499999999999,37336.24069213867,4700,1,0.3062499999999999,46520.377700805664,4700,1,0.3062499999999999,28722.022186279297,4700,1,0.3062499999999999,7266.824066162109,4700,1,0.3062499999999999,7155.667541503906,4700,1,0.3062499999999999,6747.15104675293,4700,1,0.3062499999999999,6963.480865478516,4700,1,0.3062499999999999,4147.755767822266,3007,3007,3007,3007,3007,3007,3007,3007,3007,3007,3007,3007,4690,4691,3007,3007,3007,4690,3007,3007,3007,3007,3007,4690,88.8888931274414,9.523809432983398,0,0,22.22222328186035,20,21.052631378173828,17.647058486938477,31.57894515991211,35.29411697387695,0,0,11.111111640930176,0,0,0,0,27.272727966308594,35,100,0,0,0,0,66481098752,12884893696,1605005312,0
99,1780596493699,56662.415130615234,4700,1,0.3062499999999999,6929.739654541016,4700,1,0.3062499999999999,6792.492126464844,4700,1,0.3062499999999999,11750.679977416992,4700,1,0.3062499999999999,45151.18176269531,4700,1,0.3062499999999999,37336.72775268555,4700,1,0.3062499999999999,46520.81782531738,4700,1,0.3062499999999999,28722.667922973633,4700,1,0.3062499999999999,7266.8272705078125,4700,1,0.3062499999999999,7155.670593261719,4700,1,0.3062499999999999,6747.154098510742,4700,1,0.3062499999999999,6963.483917236328,4700,1,0.3062499999999999,4153.4932861328125,3007,3007,3007,3007,3007,3007,3007,3007,3007,3007,3007,3007,4690,4691,3007,3007,3007,4690,3007,3007,3007,3007,3007,4690,88.8888931274414,9.523809432983398,0,0,22.22222328186035,20,21.052631378173828,17.647058486938477,31.57894515991211,35.29411697387695,0,0,11.111111640930176,0,0,0,0,27.272727966308594,35,100,0,0,0,0,66481098752,12884893696,1604186112,0
99,1780596493799,56662.977630615234,4700,1,0.3062499999999999,6929.742752075195,4700,1,0.3062499999999999,6792.495208740234,4700,1,0.3062499999999999,11750.821243286133,4700,1,0.3062499999999999,45151.60876464844,4700,1,0.3062499999999999,37337.13250732422,4700,1,0.3062499999999999,46521.27062988281,4700,1,0.3062499999999999,28723.360610961914,4700,1,0.3062499999999999,7266.830520629883,4700,1,0.3062499999999999,7155.673675537109,4700,1,0.3062499999999999,6747.157180786133,4700,1,0.3062499999999999,6963.487014770508,4700,1,0.3062499999999999,4159.1751708984375,3007,3007,3007,3007,3007,3007,3007,3007,3007,3007,3007,3007,4690,4691,3007,3007,3007,4690,3007,3007,3007,3007,3007,4690,88.23529815673828,9.523809432983398,0,0,21.052631378173828,10,23.52941131591797,31.57894515991211,22.22222328186035,38.88888931274414,0,0,10,0,0,0,0,21.052631378173828,26.3157901763916,100,0,0,0,0,66481098752,12884893696,1607852032,0
99,1780596493899,56663.494384765625,4700,1,0.3062499999999999,6929.745910644531,4700,1,0.3062499999999999,6792.498291015625,4700,1,0.3062499999999999,11751.169708251953,4700,1,0.3062499999999999,45151.910903930664,4700,1,0.3062499999999999,37337.60285949707,4700,1,0.3062499999999999,46521.685455322266,4700,1,0.3062499999999999,28724.04946899414,4700,1,0.3062499999999999,7266.833679199219,4700,1,0.3062499999999999,7155.676788330078,4700,1,0.3062499999999999,6747.160263061523,4700,1,0.3062499999999999,6963.490097045898,4700,1,0.3062499999999999,4164.89289855957,3007,3007,3007,3007,3007,3007,3007,3007,3007,3007,3007,3007,4690,4691,3007,3007,3007,4690,3007,3007,3007,3007,3007,4690,88.23529815673828,9.523809432983398,0,0,21.052631378173828,10,23.52941131591797,31.57894515991211,22.22222328186035,38.88888931274414,0,0,10,0,0,0,0,21.052631378173828,26.3157901763916,100,0,0,0,0,66481098752,12884893696,1608253440,0
99,1780596493999,56664.083557128906,4700,1,0.3062499999999999,6929.748992919922,4700,1,0.3062499999999999,6792.501434326172,4700,1,0.3062499999999999,11751.524383544922,4700,1,0.3062499999999999,45152.31739807129,4700,1,0.3062499999999999,37338.07823181152,4700,1,0.3062499999999999,46522.11502075195,4700,1,0.3062499999999999,28724.649627685547,4700,1,0.3062499999999999,7266.8372802734375,4700,1,0.3062499999999999,7155.679977416992,4700,1,0.3062499999999999,6747.163345336914,4700,1,0.3062499999999999,6963.493209838867,4700,1,0.3062499999999999,4170.783660888672,3007,3007,3007,3007,3007,3007,3007,3007,3007,3007,3007,3007,4690,4691,3007,3007,3007,4690,3007,3007,3007,3007,3007,4690,88.8888931274414,18.75,0,0,19.047618865966797,5.263157844543457,26.3157901763916,31.57894515991211,11.764705657958984,27.77777862548828,0,0,5,0,0,0,0,26.3157901763916,26.3157901763916,100,4.761904716491699,0,0,0,66481098752,12884893696,1602396160,0
99,1780596494100,56664.59848022461,4700,1,0.30000000000000004,6929.7520751953125,4700,1,0.3062499999999999,6792.5045166015625,4700,1,0.3062499999999999,11751.98031616211,4700,1,0.30000000000000004,45152.79316711426,4700,1,0.30000000000000004,37338.43817138672,4700,1,0.30000000000000004,46522.404556274414,4700,1,0.30000000000000004,28725.305114746094,4700,1,0.30000000000000004,7266.840667724609,4700,1,0.30000000000000004,7155.683059692383,4700,1,0.3062499999999999,6747.166427612305,4700,1,0.3062499999999999,6963.496292114258,4700,1,0.3062499999999999,4176.553726196289,3007,3007,3007,3007,3007,3007,3007,3007,3007,3007,3007,3007,4690,4691,3007,3007,3007,4690,3007,3007,3007,3007,3007,4690,88.8888931274414,18.75,0,0,19.047618865966797,5.263157844543457,26.3157901763916,31.57894515991211,11.764705657958984,27.77777862548828,0,0,5,0,0,0,0,26.3157901763916,26.3157901763916,100,4.761904716491699,0,0,0,66481098752,12884893696,1602400256,0
99,1780596494200,56665.2067565918,4700,1,0.30000000000000004,6929.755218505859,4700,1,0.30000000000000004,6792.507598876953,4700,1,0.30000000000000004,11752.313049316406,4700,1,0.30000000000000004,45153.209884643555,4700,1,0.30000000000000004,37338.62887573242,4700,1,0.30000000000000004,46522.89529418945,4700,1,0.30000000000000004,28725.962890625,4700,1,0.30000000000000004,7266.843841552734,4700,1,0.30000000000000004,7155.686141967773,4700,1,0.30000000000000004,6747.169509887695,4700,1,0.30000000000000004,6963.499374389648,4700,1,0.30000000000000004,4182.28059387207,3007,3007,3007,3007,3007,3007,3007,3007,3007,3007,3007,3007,4690,4691,3007,3007,3007,4690,3007,3007,3007,3007,3007,4690,88.23529815673828,15.789472579956055,0,0,10.526315689086914,25,36.842105865478516,0,12.5,36.842105865478516,0,0,25,0,0,0,0,25,25,100,0,0,0,0,66481098752,12884893696,1608458240,0
99,1780596494300,56665.79650878906,4700,1,0.3062499999999999,6929.758331298828,4700,1,0.3062499999999999,6792.510803222656,4700,1,0.3062499999999999,11752.627182006836,4700,1,0.3062499999999999,45153.631896972656,4700,1,0.3062499999999999,37338.98937988281,4700,1,0.3062499999999999,46523.33155822754,4700,1,0.3062499999999999,28726.642288208008,4700,1,0.3062499999999999,7266.846893310547,4700,1,0.3062499999999999,7155.6893310546875,4700,1,0.3062499999999999,6747.172592163086,4700,1,0.3062499999999999,6963.502517700195,4700,1,0.3062499999999999,4187.984909057617,3007,3007,3007,3007,3007,3007,3007,3007,3007,3007,3007,3007,4690,4691,3007,3007,3007,4690,3007,3007,3007,3007,3007,4690,88.23529815673828,15.789472579956055,0,0,10.526315689086914,25,36.842105865478516,0,12.5,36.842105865478516,0,0,25,0,0,0,0,25,25,100,0,0,0,0,66481098752,12884893696,1604915200,0
99,1780596494400,56666.35926818848,4700,1,0.3062499999999999,6929.761520385742,4700,1,0.3062499999999999,6792.513946533203,4700,1,0.3062499999999999,11753.011978149414,4700,1,0.3062499999999999,45154.04765319824,4700,1,0.3062499999999999,37339.32752990723,4700,1,0.3062499999999999,46523.73504638672,4700,1,0.3062499999999999,28727.33641052246,4700,1,0.3062499999999999,7266.8499755859375,4700,1,0.3062499999999999,7155.69255065918,4700,1,0.3062499999999999,6747.175674438477,4700,1,0.3062499999999999,6963.505569458008,4700,1,0.3062499999999999,4193.747451782227,3007,3007,3007,3007,3007,3007,3007,3007,3007,3007,3007,3007,4690,4691,3007,3007,3007,4690,3007,3007,3007,3007,3007,4690,85,5.263157844543457,0,0,20,21.052631378173828,30.000001907348633,33.333335876464844,25,44.4444465637207,0,0,15.789472579956055,0,0,0,0,4.761904716491699,25,100,0,0,0,0,66481098752,12884893696,1603747840,0
99,1780596494500,56666.94985961914,4700,1,0.30000000000000004,6929.764572143555,4700,1,0.30000000000000004,6792.516998291016,4700,1,0.30000000000000004,11753.357986450195,4700,1,0.30000000000000004,45154.438049316406,4700,1,0.30000000000000004,37339.78419494629,4700,1,0.30000000000000004,46524.22041320801,4700,1,0.30000000000000004,28727.968673706055,4700,1,0.30000000000000004,7266.853820800781,4700,1,0.30000000000000004,7155.69563293457,4700,1,0.30000000000000004,6747.178756713867,4700,1,0.30000000000000004,6963.508651733398,4700,1,0.30000000000000004,4199.535202026367,3007,3007,3007,3007,3007,3007,3007,3007,3007,3007,3007,3007,4690,4691,3007,3007,3007,4690,3007,3007,3007,3007,3007,4690,85,5.263157844543457,0,0,20,21.052631378173828,30.000001907348633,33.333335876464844,25,44.4444465637207,0,0,15.789472579956055,0,0,0,0,4.761904716491699,25,100,0,0,0,0,66481098752,12884893696,1609228288,0
99,1780596494600,56667.50102233887,4700,1,0.3062499999999999,6929.767715454102,4700,1,0.3062499999999999,6792.520248413086,4700,1,0.3062499999999999,11753.624877929688,4700,1,0.3062499999999999,45154.858306884766,4700,1,0.3062499999999999,37340.227600097656,4700,1,0.3062499999999999,46524.6559753418,4700,1,0.3062499999999999,28728.65950012207,4700,1,0.3062499999999999,7266.857086181641,4700,1,0.3062499999999999,7155.704833984375,4700,1,0.3062499999999999,6747.181915283203,4700,1,0.3062499999999999,6963.511932373047,4700,1,0.3062499999999999,4205.277938842773,3007,3007,3007,3007,3007,3007,3007,3007,3007,3007,3007,3007,4690,4691,3007,3007,3007,4690,3007,3007,3007,3007,3007,4690,85,5.263157844543457,0,0,20,21.052631378173828,30.000001907348633,33.333335876464844,25,44.4444465637207,0,0,15.789472579956055,0,0,0,0,4.761904716491699,25,100,0,0,0,0,66481098752,12884893696,1605857280,0
99,1780596494700,56668.021392822266,4700,1,0.3062499999999999,6929.770980834961,4700,1,0.3062499999999999,6792.523330688477,4700,1,0.3062499999999999,11753.951232910156,4700,1,0.3062499999999999,45155.27745056152,4700,1,0.3062499999999999,37340.65515136719,4700,1,0.3062499999999999,46525.12097167969,4700,1,0.3062499999999999,28729.345626831055,4700,1,0.3062499999999999,7266.860488891602,4700,1,0.3062499999999999,7155.707916259766,4700,1,0.3062499999999999,6747.184997558594,4700,1,0.3062499999999999,6963.5150146484375,4700,1,0.3062499999999999,4211.072647094727,3007,3007,3007,3007,3007,3007,3007,3007,3007,3007,3007,3007,4690,4691,3007,3007,3007,4690,3007,3007,3007,3007,3007,4690,85.18518829345703,10.714285850524902,0,0,7.142857551574707,6.6666669845581055,28.571430206298828,10.714285850524902,28.571430206298828,48.3870964050293,0,0,10.344827651977539,0,0,0,0,32.14285659790039,25,100,0,0,0,0,66481098752,12884893696,1603567616,0
99,1780596494800,56668.589263916016,4700,1,0.30000000000000004,6929.77409362793,4700,1,0.30000000000000004,6792.526473999023,4700,1,0.30000000000000004,11754.20915222168,4700,1,0.30000000000000004,45155.76593017578,4700,1,0.30000000000000004,37340.97622680664,4700,1,0.30000000000000004,46525.59313964844,4700,1,0.30000000000000004,28730.024948120117,4700,1,0.30000000000000004,7266.863571166992,4700,1,0.30000000000000004,7155.7110595703125,4700,1,0.30000000000000004,6747.188079833984,4700,1,0.30000000000000004,6963.518096923828,4700,1,0.30000000000000004,4216.778900146484,3007,3007,3007,3007,3007,3007,3007,3007,3007,3007,3007,3007,4690,4691,3007,3007,3007,4690,3007,3007,3007,3007,3007,4690,85.18518829345703,10.714285850524902,0,0,7.142857551574707,6.6666669845581055,28.571430206298828,10.714285850524902,28.571430206298828,48.3870964050293,0,0,10.344827651977539,0,0,0,0,32.14285659790039,25,100,0,0,0,0,66481098752,12884893696,1604485120,0
99,1780596494900,56669.18901062012,4700,1,0.30000000000000004,6929.777252197266,4700,1,0.30000000000000004,6792.529556274414,4700,1,0.30000000000000004,11754.567504882813,4700,1,0.30000000000000004,45156.229736328125,4700,1,0.30000000000000004,37341.43397521973,4700,1,0.30000000000000004,46525.8683013916,4700,1,0.30000000000000004,28730.698852539063,4700,1,0.30000000000000004,7266.86686706543,4700,1,0.30000000000000004,7155.714111328125,4700,1,0.30000000000000004,6747.191177368164,4700,1,0.30000000000000004,6963.521179199219,4700,1,0.30000000000000004,4222.50390625,3007,3007,3007,3007,3007,3007,3007,3007,3007,3007,3007,3007,4690,4691,3007,3007,3007,4690,3007,3007,3007,3007,3007,4690,88.8888931274414,5.263157844543457,0,0,16.666667938232422,10.526315689086914,31.57894515991211,5.882352828979492,11.764705657958984,38.88888931274414,0,0,27.77777862548828,0,0,0,0,26.3157901763916,15.789472579956055,100,0,0,0,0,66481098752,12884893696,1608630272,0
99,1780596495000,56669.78518676758,4700,1,0.3062499999999999,6929.780334472656,4700,1,0.3062499999999999,6792.532638549805,4700,1,0.3062499999999999,11754.875732421875,4700,1,0.3062499999999999,45156.654525756836,4700,1,0.3062499999999999,37341.84255981445,4700,1,0.3062499999999999,46526.20300292969,4700,1,0.3062499999999999,28731.392852783203,4700,1,0.3062499999999999,7266.870056152344,4700,1,0.3062499999999999,7155.717208862305,4700,1,0.3062499999999999,6747.194290161133,4700,1,0.3062499999999999,6963.5242919921875,4700,1,0.3062499999999999,4228.196990966797,3007,3007,3007,3007,3007,3007,3007,3007,3007,3007,3007,3007,4690,4691,3007,3007,3007,4690,3007,3007,3007,3007,3007,4690,88.8888931274414,5.263157844543457,0,0,16.666667938232422,10.526315689086914,31.57894515991211,5.882352828979492,11.764705657958984,38.88888931274414,0,0,27.77777862548828,0,0,0,0,26.3157901763916,15.789472579956055,100,0,0,0,0,66481098752,12884893696,1605394432,0
99,1780596495100,56670.36680603027,4700,1,0.3062499999999999,6929.783386230469,4700,1,0.3062499999999999,6792.535690307617,4700,1,0.3062499999999999,11755.233703613281,4700,1,0.3062499999999999,45157.094177246094,4700,1,0.3062499999999999,37342.29081726074,4700,1,0.3062499999999999,46526.6064453125,4700,1,0.3062499999999999,28732.041564941406,4700,1,0.3062499999999999,7266.873352050781,4700,1,0.3062499999999999,7155.720260620117,4700,1,0.3062499999999999,6747.197341918945,4700,1,0.3062499999999999,6963.52734375,4700,1,0.3062499999999999,4233.963409423828,3007,3007,3007,3007,3007,3007,3007,3007,3007,3007,3007,3007,4690,4691,3007,3007,3007,4690,3007,3007,3007,3007,3007,4690,88.23529815673828,20,0,0,21.052631378173828,10.526315689086914,28.571430206298828,27.272727966308594,16.666667938232422,38.88888931274414,0,0,26.3157901763916,0,0,0,0,22.22222328186035,15.000000953674316,100,0,0,0,0,66481098752,12884893696,1601196032,0
99,1780596495200,56670.975524902344,4700,1,0.3062499999999999,6929.786560058594,4700,1,0.3062499999999999,6792.538833618164,4700,1,0.3062499999999999,11755.497741699219,4700,1,0.3062499999999999,45157.54116821289,4700,1,0.3062499999999999,37342.65577697754,4700,1,0.3062499999999999,46527.04931640625,4700,1,0.3062499999999999,28732.73210144043,4700,1,0.3062499999999999,7266.876770019531,4700,1,0.3062499999999999,7155.723419189453,4700,1,0.3062499999999999,6747.200424194336,4700,1,0.3062499999999999,6963.530502319336,4700,1,0.3062499999999999,4239.710861206055,3007,3007,3007,3007,3007,3007,3007,3007,3007,3007,3007,3007,4690,4691,3007,3007,3007,4690,3007,3007,3007,3007,3007,4690,88.23529815673828,20,0,0,21.052631378173828,10.526315689086914,28.571430206298828,27.272727966308594,16.666667938232422,38.88888931274414,0,0,26.3157901763916,0,0,0,0,22.22222328186035,15.000000953674316,100,0,0,0,0,66481098752,12884893696,1608237056,0
99,1780596495300,56671.58924865723,4700,1,0.3062499999999999,6929.78971862793,4700,1,0.3062499999999999,6792.542037963867,4700,1,0.3062499999999999,11755.76579284668,4700,1,0.3062499999999999,45157.851959228516,4700,1,0.3062499999999999,37343.12690734863,4700,1,0.3062499999999999,46527.53259277344,4700,1,0.3062499999999999,28733.42189025879,4700,1,0.3062499999999999,7266.879913330078,4700,1,0.3062499999999999,7155.726669311523,4700,1,0.3062499999999999,6747.203506469727,4700,1,0.3062499999999999,6963.533645629883,4700,1,0.3062499999999999,4245.409652709961,3007,3007,3007,3007,3007,3007,3007,3007,3007,3007,3007,3007,4690,4691,3007,3007,3007,4690,3007,3007,3007,3007,3007,4690,89.47368621826172,14.285715103149414,0,0,30.000001907348633,0,26.3157901763916,16.666667938232422,25,47.05882263183594,0,0,5.555555820465088,0,0,0,0,30.000001907348633,35,100,0,0,0,0,66481098752,12884893696,1606656000,0
99,1780596495400,56672.190017700195,4700,1,0.3062499999999999,6929.792892456055,4700,1,0.3062499999999999,6792.545120239258,4700,1,0.3062499999999999,11756.126663208008,4700,1,0.3062499999999999,45158.240951538086,4700,1,0.3062499999999999,37343.54049682617,4700,1,0.3062499999999999,46527.92581176758,4700,1,0.3062499999999999,28734.10482788086,4700,1,0.3062499999999999,7266.883056640625,4700,1,0.3062499999999999,7155.729751586914,4700,1,0.3062499999999999,6747.206588745117,4700,1,0.3062499999999999,6963.536773681641,4700,1,0.3062499999999999,4251.156997680664,3007,3007,3007,3007,3007,3007,3007,3007,3007,3007,3007,3007,4690,4691,3007,3007,3007,4690,3007,3007,3007,3007,3007,4690,89.47368621826172,14.285715103149414,0,0,30.000001907348633,0,26.3157901763916,16.666667938232422,25,47.05882263183594,0,0,5.555555820465088,0,0,0,0,30.000001907348633,35,100,0,0,0,0,66481098752,12884893696,1603203072,0
99,1780596495500,56672.748107910156,4700,1,0.3062499999999999,6929.795974731445,4700,1,0.3062499999999999,6792.548202514648,4700,1,0.3062499999999999,11756.436721801758,4700,1,0.3062499999999999,45158.634048461914,4700,1,0.3062499999999999,37343.95184326172,4700,1,0.3062499999999999,46528.35316467285,4700,1,0.3062499999999999,28734.798706054688,4700,1,0.3062499999999999,7266.88623046875,4700,1,0.3062499999999999,7155.732833862305,4700,1,0.3062499999999999,6747.209671020508,4700,1,0.3062499999999999,6963.539886474609,4700,1,0.3062499999999999,4256.910140991211,3007,3007,3007,3007,3007,3007,3007,3007,3007,3007,3007,3007,4690,4691,3007,3007,3007,4690,3007,3007,3007,3007,3007,4690,83.33332824707031,27.77777862548828,0,0,11.764705657958984,0,27.77777862548828,16.666667938232422,26.3157901763916,44.4444465637207,0,0,15.000000953674316,0,0,0,0,10,20,100,0,0,0,0,66481098752,12884893696,1603256320,0
99,1780596495600,56673.35966491699,4700,1,0.3062499999999999,6929.799057006836,4700,1,0.3062499999999999,6792.551345825195,4700,1,0.3062499999999999,11756.722381591797,4700,1,0.3062499999999999,45159.06188964844,4700,1,0.3062499999999999,37344.36436462402,4700,1,0.3062499999999999,46528.80746459961,4700,1,0.3062499999999999,28735.442459106445,4700,1,0.3062499999999999,7266.889709472656,4700,1,0.3062499999999999,7155.735977172852,4700,1,0.3062499999999999,6747.212753295898,4700,1,0.3062499999999999,6963.542999267578,4700,1,0.3062499999999999,4262.797775268555,3007,3007,3007,3007,3007,3007,3007,3007,3007,3007,3007,3007,4690,4691,3007,3007,3007,4690,3007,3007,3007,3007,3007,4690,83.33332824707031,27.77777862548828,0,0,11.764705657958984,0,27.77777862548828,16.666667938232422,26.3157901763916,44.4444465637207,0,0,15.000000953674316,0,0,0,0,10,20,100,0,0,0,0,66481098752,12884893696,1610252288,0
99,1780596495700,56673.92549133301,4700,1,0.3062499999999999,6929.810577392578,4700,1,0.3062499999999999,6792.554397583008,4700,1,0.3062499999999999,11757.088439941406,4700,1,0.3062499999999999,45159.49151611328,4700,1,0.3062499999999999,37344.77394104004,4700,1,0.3062499999999999,46529.16346740723,4700,1,0.3062499999999999,28736.101837158203,4700,1,0.3062499999999999,7266.892822265625,4700,1,0.3062499999999999,7155.739028930664,4700,1,0.3062499999999999,6747.215805053711,4700,1,0.3062499999999999,6963.546051025391,4700,1,0.3062499999999999,4268.562515258789,3007,3007,3007,3007,3007,3007,3007,3007,3007,3007,3007,3007,4690,4691,3007,3007,3007,4690,3007,3007,3007,3007,3007,4690,89.47368621826172,15.000000953674316,0,0,21.052631378173828,5.555555820465088,35,22.22222328186035,22.22222328186035,33.333335876464844,0,0,5.555555820465088,0,0,0,0,15.789472579956055,20,100,0,0,0,0,66481098752,12884893696,1606459392,0
99,1780596495800,56674.46873474121,4700,1,0.3062499999999999,6929.813659667969,4700,1,0.3062499999999999,6792.557464599609,4700,1,0.3062499999999999,11757.353744506836,4700,1,0.3062499999999999,45159.87677001953,4700,1,0.3062499999999999,37345.25556945801,4700,1,0.3062499999999999,46529.51899719238,4700,1,0.3062499999999999,28736.790786743164,4700,1,0.3062499999999999,7266.895904541016,4700,1,0.3062499999999999,7155.742111206055,4700,1,0.3062499999999999,6747.21891784668,4700,1,0.3062499999999999,6963.54914855957,4700,1,0.3062499999999999,4274.236862182617,3007,3007,3007,3007,3007,3007,3007,3007,3007,3007,3007,3007,4690,4691,3007,3007,3007,4690,3007,3007,3007,3007,3007,4690,89.47368621826172,15.000000953674316,0,0,21.052631378173828,5.555555820465088,35,22.22222328186035,22.22222328186035,33.333335876464844,0,0,5.555555820465088,0,0,0,0,15.789472579956055,20,100,0,0,0,0,66481098752,12884893696,1602461696,0
99,1780596495900,56675.053939819336,4700,1,0.3062499999999999,6929.816864013672,4700,1,0.3062499999999999,6792.560577392578,4700,1,0.3062499999999999,11757.774398803711,4700,1,0.3062499999999999,45160.274169921875,4700,1,0.3062499999999999,37345.67686462402,4700,1,0.3062499999999999,46529.66569519043,4700,1,0.3062499999999999,28737.481994628906,4700,1,0.3062499999999999,7266.899230957031,4700,1,0.3062499999999999,7155.745193481445,4700,1,0.3062499999999999,6747.22200012207,4700,1,0.3062499999999999,6963.552230834961,4700,1,0.3062499999999999,4279.9197998046875,3007,3007,3007,3007,3007,3007,3007,3007,3007,3007,3007,3007,4690,4691,3007,3007,3007,4690,3007,3007,3007,3007,3007,4690,89.47368621826172,22.22222328186035,0,0,15.000000953674316,10,27.77777862548828,38.095237731933594,23.809524536132813,41.17647171020508,0,0,15.000000953674316,0,0,0,0,21.052631378173828,0,100,0,0,0,0,66481098752,12884893696,1608675328,0
99,1780596496001,56675.643493652344,4700,1,0.3062499999999999,6929.8199462890625,4700,1,0.3062499999999999,6792.563720703125,4700,1,0.3062499999999999,11758.137710571289,4700,1,0.3062499999999999,45160.6651763916,4700,1,0.3062499999999999,37346.04769897461,4700,1,0.3062499999999999,46530.04985046387,4700,1,0.3062499999999999,28738.17268371582,4700,1,0.3062499999999999,7266.902374267578,4700,1,0.3062499999999999,7155.748352050781,4700,1,0.3062499999999999,6747.225082397461,4700,1,0.3062499999999999,6963.55534362793,4700,1,0.3062499999999999,4285.773773193359,3007,3007,3007,3007,3007,3007,3007,3007,3007,3007,3007,3007,4690,4691,3007,3007,3007,4690,3007,3007,3007,3007,3007,4690,89.47368621826172,22.22222328186035,0,0,15.000000953674316,10,27.77777862548828,38.095237731933594,23.809524536132813,41.17647171020508,0,0,15.000000953674316,0,0,0,0,21.052631378173828,0,100,0,0,0,0,66481098752,12884893696,1606295552,0
99,1780596496101,56676.253677368164,4700,1,0.3062499999999999,6929.823028564453,4700,1,0.3062499999999999,6792.566802978516,4700,1,0.3062499999999999,11758.564910888672,4700,1,0.3062499999999999,45160.96987915039,4700,1,0.3062499999999999,37346.4348449707,4700,1,0.3062499999999999,46530.39189147949,4700,1,0.3062499999999999,28738.862716674805,4700,1,0.3062499999999999,7266.905517578125,4700,1,0.3062499999999999,7155.751434326172,4700,1,0.3062499999999999,6747.228164672852,4700,1,0.3062499999999999,6963.55842590332,4700,1,0.3062499999999999,4291.513641357422,3007,3007,3007,3007,3007,3007,3007,3007,3007,3007,3007,3007,4690,4691,3007,3007,3007,4690,3007,3007,3007,3007,3007,4690,85,16.666667938232422,0,0,11.764705657958984,16.666667938232422,11.111111640930176,22.22222328186035,15.789472579956055,50,0,0,15.000000953674316,0,0,0,0,14.285715103149414,10.526315689086914,100,0,0,0,0,66481098752,12884893696,1604739072,0
99,1780596496201,56676.85166931152,4700,1,0.3062499999999999,6929.826217651367,4700,1,0.3062499999999999,6792.569885253906,4700,1,0.3062499999999999,11758.971237182617,4700,1,0.3062499999999999,45161.46255493164,4700,1,0.3062499999999999,37346.82077026367,4700,1,0.3062499999999999,46530.87547302246,4700,1,0.3062499999999999,28739.418334960938,4700,1,0.3062499999999999,7266.908630371094,4700,1,0.3062499999999999,7155.7545166015625,4700,1,0.3062499999999999,6747.231246948242,4700,1,0.3062499999999999,6963.561508178711,4700,1,0.3062499999999999,4297.493453979492,3007,3007,3007,3007,3007,3007,3007,3007,3007,3007,3007,3007,4690,4691,3007,3007,3007,4690,3007,3007,3007,3007,3007,4690,85,16.666667938232422,0,0,11.764705657958984,16.666667938232422,11.111111640930176,22.22222328186035,15.789472579956055,50,0,0,15.000000953674316,0,0,0,0,14.285715103149414,10.526315689086914,100,0,0,0,0,66481098752,12884893696,1601159168,0
99,1780596496301,56677.43948364258,4700,1,0.3062499999999999,6929.829360961914,4700,1,0.30000000000000004,6792.573089599609,4700,1,0.30000000000000004,11759.301635742188,4700,1,0.3062499999999999,45161.81086730957,4700,1,0.3062499999999999,37347.20957946777,4700,1,0.3062499999999999,46531.30961608887,4700,1,0.3062499999999999,28740.109817504883,4700,1,0.3062499999999999,7266.911865234375,4700,1,0.30000000000000004,7155.757766723633,4700,1,0.30000000000000004,6747.234329223633,4700,1,0.30000000000000004,6963.564651489258,4700,1,0.30000000000000004,4303.212921142578,3007,3007,3007,3007,3007,3007,3007,3007,3007,3007,3007,3007,4690,4691,3007,3007,3007,4690,3007,3007,3007,3007,3007,4690,94.44444274902344,10,0,0,28.571430206298828,27.77777862548828,31.57894515991211,22.22222328186035,29.411766052246094,22.22222328186035,0,0,11.111111640930176,0,0,0,0,19.047618865966797,22.22222328186035,100,0,0,0,0,66481098752,12884893696,1610018816,0
99,1780596496401,56677.994140625,4700,1,0.3062499999999999,6929.832534790039,4700,1,0.3062499999999999,6792.576278686523,4700,1,0.3062499999999999,11759.611526489258,4700,1,0.3062499999999999,45162.27883911133,4700,1,0.3062499999999999,37347.6096496582,4700,1,0.3062499999999999,46531.721450805664,4700,1,0.3062499999999999,28740.74592590332,4700,1,0.3062499999999999,7266.914947509766,4700,1,0.3062499999999999,7155.76091003418,4700,1,0.3062499999999999,6747.237411499023,4700,1,0.3062499999999999,6963.567733764648,4700,1,0.3062499999999999,4309.017913818359,3007,3007,3007,3007,3007,3007,3007,3007,3007,3007,3007,3007,4690,4691,3007,3007,3007,4690,3007,3007,3007,3007,3007,4690,94.44444274902344,10,0,0,28.571430206298828,27.77777862548828,31.57894515991211,22.22222328186035,29.411766052246094,22.22222328186035,0,0,11.111111640930176,0,0,0,0,19.047618865966797,22.22222328186035,100,0,0,0,0,66481098752,12884893696,1605636096,0
99,1780596496501,56678.53648376465,4700,1,0.3062499999999999,6929.835586547852,4700,1,0.3062499999999999,6792.579330444336,4700,1,0.3062499999999999,11759.919982910156,4700,1,0.3062499999999999,45162.71961975098,4700,1,0.3062499999999999,37348.01025390625,4700,1,0.3062499999999999,46532.1442565918,4700,1,0.3062499999999999,28741.418395996094,4700,1,0.3062499999999999,7266.918060302734,4700,1,0.3062499999999999,7155.763961791992,4700,1,0.3062499999999999,6747.240463256836,4700,1,0.3062499999999999,6963.570785522461,4700,1,0.3062499999999999,4314.721588134766,3007,3007,3007,3007,3007,3007,3007,3007,3007,3007,3007,3007,4690,4691,3007,3007,3007,4690,3007,3007,3007,3007,3007,4690,83.33332824707031,15.789472579956055,0,0,5.555555820465088,5,26.3157901763916,30.000001907348633,35,36.842105865478516,0,0,18.75,0,0,0,0,5.555555820465088,15.000000953674316,100,0,0,0,0,66481098752,12884893696,1602441216,0
99,1780596496601,56679.09324645996,4700,1,0.3062499999999999,6929.838684082031,4700,1,0.3062499999999999,6792.582412719727,4700,1,0.3062499999999999,11760.27262878418,4700,1,0.3062499999999999,45163.14175415039,4700,1,0.3062499999999999,37348.35009765625,4700,1,0.3062499999999999,46532.54055786133,4700,1,0.3062499999999999,28742.11456298828,4700,1,0.3062499999999999,7266.921203613281,4700,1,0.3062499999999999,7155.767044067383,4700,1,0.3062499999999999,6747.243545532227,4700,1,0.3062499999999999,6963.573867797852,4700,1,0.3062499999999999,4320.459899902344,3007,3007,3007,3007,3007,3007,3007,3007,3007,3007,3007,3007,4690,4691,3007,3007,3007,4690,3007,3007,3007,3007,3007,4690,83.33332824707031,15.789472579956055,0,0,5.555555820465088,5,26.3157901763916,30.000001907348633,35,36.842105865478516,0,0,18.75,0,0,0,0,5.555555820465088,15.000000953674316,100,0,0,0,0,66481098752,12884893696,1610162176,0
99,1780596496701,56679.70072937012,4700,1,0.3062499999999999,6929.849868774414,4700,1,0.3062499999999999,6792.585494995117,4700,1,0.3062499999999999,11760.670272827148,4700,1,0.3062499999999999,45163.56069946289,4700,1,0.3062499999999999,37348.73190307617,4700,1,0.3062499999999999,46532.8698425293,4700,1,0.3062499999999999,28742.78060913086,4700,1,0.3062499999999999,7266.924621582031,4700,1,0.3062499999999999,7155.770126342773,4700,1,0.3062499999999999,6747.246627807617,4700,1,0.3062499999999999,6963.576950073242,4700,1,0.3062499999999999,4326.251235961914,3007,3007,3007,3007,3007,3007,3007,3007,3007,3007,3007,3007,4690,4691,3007,3007,3007,4690,3007,3007,3007,3007,3007,4690,87.5,27.77777862548828,0,0,20,9.523809432983398,28.571430206298828,11.764705657958984,21.052631378173828,35.29411697387695,0,0,30.000001907348633,0,0,0,0,11.111111640930176,15.000000953674316,100,0,0,0,0,66481098752,12884893696,1608155136,0
99,1780596496801,56680.214614868164,4700,1,0.3062499999999999,6929.852981567383,4700,1,0.3062499999999999,6792.588897705078,4700,1,0.3062499999999999,11760.940780639648,4700,1,0.3062499999999999,45164.00489807129,4700,1,0.3062499999999999,37349.141174316406,4700,1,0.3062499999999999,46533.341796875,4700,1,0.3062499999999999,28743.44189453125,4700,1,0.3062499999999999,7266.927917480469,4700,1,0.3062499999999999,7155.773300170898,4700,1,0.3062499999999999,6747.249710083008,4700,1,0.3062499999999999,6963.580032348633,4700,1,0.3062499999999999,4332.006530761719,3007,3007,3007,3007,3007,3007,3007,3007,3007,3007,3007,3007,4690,4691,3007,3007,3007,4690,3007,3007,3007,3007,3007,4690,87.5,27.77777862548828,0,0,20,9.523809432983398,28.571430206298828,11.764705657958984,21.052631378173828,35.29411697387695,0,0,30.000001907348633,0,0,0,0,11.111111640930176,15.000000953674316,100,0,0,0,0,66481098752,12884893696,1606193152,0
99,1780596496901,56680.72383117676,4700,1,0.30000000000000004,6929.85612487793,4700,1,0.3062499999999999,6792.5966796875,4700,1,0.3062499999999999,11761.308944702148,4700,1,0.30000000000000004,45164.462493896484,4700,1,0.30000000000000004,37349.49317932129,4700,1,0.30000000000000004,46533.71125793457,4700,1,0.30000000000000004,28744.13311767578,4700,1,0.30000000000000004,7266.931198120117,4700,1,0.30000000000000004,7155.776382446289,4700,1,0.30000000000000004,6747.252792358398,4700,1,0.30000000000000004,6963.583114624023,4700,1,0.30000000000000004,4337.73225402832,3007,3007,3007,3007,3007,3007,3007,3007,3007,3007,3007,3007,4690,4691,3007,3007,3007,4690,3007,3007,3007,3007,3007,4690,84.21052551269531,25,0,0,0,0,22.22222328186035,26.3157901763916,22.22222328186035,44.4444465637207,0,0,30.000001907348633,0,0,0,0,10,25,100,0,0,0,0,66481098752,12884893696,1601245184,0
99,1780596497001,56681.30513000488,4700,1,0.3062499999999999,6929.85920715332,4700,1,0.3062499999999999,6792.602752685547,4700,1,0.3062499999999999,11761.6494140625,4700,1,0.3062499999999999,45164.81739807129,4700,1,0.3062499999999999,37349.88800048828,4700,1,0.3062499999999999,46534.17199707031,4700,1,0.3062499999999999,28744.812072753906,4700,1,0.3062499999999999,7266.934555053711,4700,1,0.3062499999999999,7155.77946472168,4700,1,0.3062499999999999,6747.255874633789,4700,1,0.3062499999999999,6963.586196899414,4700,1,0.3062499999999999,4343.455307006836,3007,3007,3007,3007,3007,3007,3007,3007,3007,3007,3007,3007,4690,4691,3007,3007,3007,4690,3007,3007,3007,3007,3007,4690,84.21052551269531,25,0,0,0,0,22.22222328186035,26.3157901763916,22.22222328186035,44.4444465637207,0,0,30.000001907348633,0,0,0,0,10,25,100,0,0,0,0,66481098752,12884893696,1608810496,0
99,1780596497101,56681.903579711914,4700,1,0.30000000000000004,6929.862396240234,4700,1,0.30000000000000004,6792.614547729492,4700,1,0.30000000000000004,11761.945556640625,4700,1,0.30000000000000004,45165.14889526367,4700,1,0.30000000000000004,37350.33824157715,4700,1,0.30000000000000004,46534.62533569336,4700,1,0.30000000000000004,28745.500778198242,4700,1,0.30000000000000004,7266.937698364258,4700,1,0.30000000000000004,7155.7825927734375,4700,1,0.30000000000000004,6747.258926391602,4700,1,0.30000000000000004,6963.589248657227,4700,1,0.30000000000000004,4349.244598388672,3007,3007,3007,3007,3007,3007,3007,3007,3007,3007,3007,3007,4690,4691,3007,3007,3007,4690,3007,3007,3007,3007,3007,4690,88.8888931274414,14.285715103149414,0,0,10.526315689086914,19.047618865966797,0,26.3157901763916,33.333335876464844,44.4444465637207,0,0,27.77777862548828,0,0,0,0,15.789472579956055,26.3157901763916,100,0,0,0,0,66481098752,12884893696,1606893568,0
99,1780596497201,56682.5085144043,4700,1,0.30000000000000004,6929.873199462891,4700,1,0.30000000000000004,6792.625381469727,4700,1,0.30000000000000004,11762.271484375,4700,1,0.30000000000000004,45165.577896118164,4700,1,0.30000000000000004,37350.74188232422,4700,1,0.30000000000000004,46534.98124694824,4700,1,0.30000000000000004,28746.19468688965,4700,1,0.30000000000000004,7266.940856933594,4700,1,0.30000000000000004,7155.785659790039,4700,1,0.30000000000000004,6747.262008666992,4700,1,0.30000000000000004,6963.592422485352,4700,1,0.30000000000000004,4354.952102661133,3007,3007,3007,3007,3007,3007,3007,3007,3007,3007,3007,3007,4690,4691,3007,3007,3007,4690,3007,3007,3007,3007,3007,4690,88.8888931274414,14.285715103149414,0,0,10.526315689086914,19.047618865966797,0,26.3157901763916,33.333335876464844,44.4444465637207,0,0,27.77777862548828,0,0,0,0,15.789472579956055,26.3157901763916,100,0,0,0,0,66481098752,12884893696,1601691648,0
99,1780596497301,56683.09683227539,4700,1,0.3062499999999999,6929.8763427734375,4700,1,0.3062499999999999,6792.640487670898,4700,1,0.3062499999999999,11762.634414672852,4700,1,0.3062499999999999,45165.88554382324,4700,1,0.3062499999999999,37351.18533325195,4700,1,0.3062499999999999,46535.27983093262,4700,1,0.3062499999999999,28746.892608642578,4700,1,0.3062499999999999,7266.9439697265625,4700,1,0.3062499999999999,7155.788879394531,4700,1,0.3062499999999999,6747.265090942383,4700,1,0.3062499999999999,6963.59553527832,4700,1,0.3062499999999999,4360.590240478516,3007,3007,3007,3007,3007,3007,3007,3007,3007,3007,3007,3007,4690,4691,3007,3007,3007,4690,3007,3007,3007,3007,3007,4690,85,5.555555820465088,0,0,17.647058486938477,5.882352828979492,10,30.000001907348633,30.000001907348633,50,0,0,17.647058486938477,0,0,0,0,5.882352828979492,0,100,0,0,0,0,66481098752,12884893696,1602326528,0
99,1780596497401,56683.679107666016,4700,1,0.3062499999999999,6929.961502075195,4700,1,0.3062499999999999,6792.6839599609375,4700,1,0.3062499999999999,11762.937240600586,4700,1,0.3062499999999999,45166.34523010254,4700,1,0.3062499999999999,37351.632553100586,4700,1,0.3062499999999999,46535.734924316406,4700,1,0.3062499999999999,28747.56312561035,4700,1,0.3062499999999999,7266.947235107422,4700,1,0.3062499999999999,7155.8416748046875,4700,1,0.3062499999999999,6747.269912719727,4700,1,0.3062499999999999,6963.598617553711,4700,1,0.3062499999999999,4366.644271850586,3007,3007,3007,3007,3007,3007,3007,3007,3007,3007,3007,3007,4690,4691,3007,3007,3007,4690,3007,3007,3007,3007,3007,4690,85,5.555555820465088,0,0,17.647058486938477,5.882352828979492,10,30.000001907348633,30.000001907348633,50,0,0,17.647058486938477,0,0,0,0,5.882352828979492,0,100,0,0,0,0,66481098752,12884893696,1599315968,0
99,1780596497501,56684.270568847656,4700,1,0.3062499999999999,6929.988586425781,4700,1,0.3062499999999999,6792.701873779297,4700,1,0.3062499999999999,11763.28662109375,4700,1,0.3062499999999999,45166.70812988281,4700,1,0.3062499999999999,37352.12435913086,4700,1,0.3062499999999999,46536.1153717041,4700,1,0.3062499999999999,28748.244110107422,4700,1,0.3062499999999999,7266.956558227539,4700,1,0.3062499999999999,7155.868988037109,4700,1,0.3062499999999999,6747.273666381836,4700,1,0.3062499999999999,6963.6055908203125,4700,1,0.3062499999999999,4372.554504394531,3007,3007,3007,3007,3007,3007,3007,3007,3007,3007,3007,3007,4690,4691,3007,3007,3007,4690,3007,3007,3007,3007,3007,4690,84.21052551269531,20,0,0,11.111111640930176,15.789472579956055,23.52941131591797,30.000001907348633,42.105262756347656,47.36842346191406,0,0,15.789472579956055,0,0,0,0,31.57894515991211,15.000000953674316,95.23809814453125,0,0,0,0,66481098752,12884893696,1617690624,0
99,1780596497601,56684.862884521484,4700,1,0.3062499999999999,6929.991668701172,4700,1,0.3062499999999999,6792.716903686523,4700,1,0.3062499999999999,11763.547241210938,4700,1,0.3062499999999999,45167.128982543945,4700,1,0.3062499999999999,37352.545166015625,4700,1,0.3062499999999999,46536.52586364746,4700,1,0.3062499999999999,28748.930221557617,4700,1,0.3062499999999999,7266.959701538086,4700,1,0.3062499999999999,7155.8720703125,4700,1,0.3062499999999999,6747.276748657227,4700,1,0.3062499999999999,6963.608673095703,4700,1,0.3062499999999999,4378.3104248046875,3007,3007,3007,3007,3007,3007,3007,3007,3007,3007,3007,3007,4690,4691,3007,3007,3007,4690,3007,3007,3007,3007,3007,4690,84.21052551269531,20,0,0,11.111111640930176,15.789472579956055,23.52941131591797,30.000001907348633,42.105262756347656,47.36842346191406,0,0,15.789472579956055,0,0,0,0,31.57894515991211,15.000000953674316,95.23809814453125,0,0,0,0,66481098752,12884893696,1616515072,0
99,1780596497701,56685.455169677734,4700,1,0.3062499999999999,6930.003005981445,4700,1,0.3062499999999999,6792.729293823242,4700,1,0.3062499999999999,11763.847152709961,4700,1,0.3062499999999999,45167.52568054199,4700,1,0.3062499999999999,37352.885330200195,4700,1,0.3062499999999999,46536.976623535156,4700,1,0.3062499999999999,28749.618408203125,4700,1,0.3062499999999999,7266.962814331055,4700,1,0.3062499999999999,7155.875183105469,4700,1,0.3062499999999999,6747.279830932617,4700,1,0.3062499999999999,6963.611755371094,4700,1,0.3062499999999999,4384.076995849609,3007,3007,3007,3007,3007,3007,3007,3007,3007,3007,3007,3007,4690,4691,3007,3007,3007,4690,3007,3007,3007,3007,3007,4690,87.5,0,0,0,20,5.882352828979492,19.047618865966797,7.142857551574707,28.571430206298828,52.38095474243164,0,0,27.77777862548828,0,0,0,0,10,25,100,0,0,0,0,66481098752,12884893696,1624444928,0
99,1780596497802,56686.03526306152,4700,1,0.30000000000000004,6930.006088256836,4700,1,0.30000000000000004,6792.739974975586,4700,1,0.30000000000000004,11764.274673461914,4700,1,0.30000000000000004,45167.7829284668,4700,1,0.30000000000000004,37353.23970031738,4700,1,0.30000000000000004,46537.3727722168,4700,1,0.30000000000000004,28750.296432495117,4700,1,0.30000000000000004,7266.965927124023,4700,1,0.30000000000000004,7155.878234863281,4700,1,0.30000000000000004,6747.282913208008,4700,1,0.30000000000000004,6963.614852905273,4700,1,0.30000000000000004,4389.748092651367,3007,3007,3007,3007,3007,3007,3007,3007,3007,3007,3007,3007,4690,4691,3007,3007,3007,4690,3007,3007,3007,3007,3007,4690,87.5,0,0,0,20,5.882352828979492,19.047618865966797,7.142857551574707,28.571430206298828,52.38095474243164,0,0,27.77777862548828,0,0,0,0,10,25,100,0,0,0,0,66481098752,12884893696,1616867328,0
99,1780596497902,56686.60726928711,4700,1,0.30000000000000004,6930.052932739258,4700,1,0.30000000000000004,6792.800674438477,4700,1,0.30000000000000004,11764.608184814453,4700,1,0.30000000000000004,45168.16355895996,4700,1,0.30000000000000004,37353.6238861084,4700,1,0.30000000000000004,46537.6725769043,4700,1,0.30000000000000004,28750.910095214844,4700,1,0.30000000000000004,7266.999526977539,4700,1,0.30000000000000004,7155.903961181641,4700,1,0.30000000000000004,6747.310897827148,4700,1,0.30000000000000004,6963.652404785156,4700,1,0.30000000000000004,4395.389892578125,3007,3007,3007,3007,3007,3007,3007,3007,3007,3007,3007,3007,4690,4691,3007,3007,3007,4690,3007,3007,3007,3007,3007,4690,89.47368621826172,26.3157901763916,0,0,21.052631378173828,23.809524536132813,5.555555820465088,30.000001907348633,26.3157901763916,41.17647171020508,0,0,23.809524536132813,0,0,4.761904716491699,0,5.263157844543457,5.263157844543457,95,0,0,0,0,66481098752,12884893696,1615544320,0
99,1780596498002,56687.14376831055,4700,1,0.3062499999999999,6930.056854248047,4700,1,0.3062499999999999,6792.80436706543,4700,1,0.3062499999999999,11764.95361328125,4700,1,0.3062499999999999,45168.61668395996,4700,1,0.3062499999999999,37354.07943725586,4700,1,0.3062499999999999,46538.014556884766,4700,1,0.3062499999999999,28751.601837158203,4700,1,0.3062499999999999,7267.003372192383,4700,1,0.3062499999999999,7155.907440185547,4700,1,0.3062499999999999,6747.3148193359375,4700,1,0.3062499999999999,6963.6558837890625,4700,1,0.3062499999999999,4401.039398193359,3007,3007,3007,3007,3007,3007,3007,3007,3007,3007,3007,3007,4690,4691,3007,3007,3007,4690,3007,3007,3007,3007,3007,4690,89.47368621826172,26.3157901763916,0,0,21.052631378173828,23.809524536132813,5.555555820465088,30.000001907348633,26.3157901763916,41.17647171020508,0,0,23.809524536132813,0,0,4.761904716491699,0,5.263157844543457,5.263157844543457,95,0,0,0,0,66481098752,12884893696,1614020608,0
99,1780596498102,56687.76448059082,4700,1,0.3062499999999999,6930.0599365234375,4700,1,0.3062499999999999,6792.80744934082,4700,1,0.3062499999999999,11765.106491088867,4700,1,0.3062499999999999,45168.964263916016,4700,1,0.3062499999999999,37354.520568847656,4700,1,0.3062499999999999,46538.43208312988,4700,1,0.3062499999999999,28752.29411315918,4700,1,0.3062499999999999,7267.006683349609,4700,1,0.3062499999999999,7155.9105224609375,4700,1,0.3062499999999999,6747.318450927734,4700,1,0.3062499999999999,6963.658966064453,4700,1,0.3062499999999999,4406.6861572265625,3007,3007,3007,3007,3007,3007,3007,3007,3007,3007,3007,3007,4690,4691,3007,3007,3007,4690,3007,3007,3007,3007,3007,4690,83.33332824707031,11.111111640930176,0,0,15.789472579956055,5,19.047618865966797,23.52941131591797,21.052631378173828,50,0,0,22.22222328186035,0,0,0,0,10.526315689086914,15.000000953674316,100,0,0,0,0,66481098752,12884893696,1623666688,0
99,1780596498202,56688.35316467285,4700,1,0.3062499999999999,6930.063018798828,4700,1,0.3062499999999999,6792.810638427734,4700,1,0.3062499999999999,11765.163757324219,4700,1,0.3062499999999999,45169.33743286133,4700,1,0.3062499999999999,37354.981857299805,4700,1,0.3062499999999999,46538.8708190918,4700,1,0.3062499999999999,28752.988052368164,4700,1,0.3062499999999999,7267.010040283203,4700,1,0.3062499999999999,7155.913604736328,4700,1,0.3062499999999999,6747.321533203125,4700,1,0.3062499999999999,6963.662048339844,4700,1,0.3062499999999999,4412.304260253906,3007,3007,3007,3007,3007,3007,3007,3007,3007,3007,3007,3007,4690,4691,3007,3007,3007,4690,3007,3007,3007,3007,3007,4690,83.33332824707031,11.111111640930176,0,0,15.789472579956055,5,19.047618865966797,23.52941131591797,21.052631378173828,50,0,0,22.22222328186035,0,0,0,0,10.526315689086914,15.000000953674316,100,0,0,0,0,66481098752,12884893696,1618481152,0
99,1780596498302,56688.98338317871,4700,1,0.3062499999999999,6930.066192626953,4700,1,0.3062499999999999,6792.82551574707,4700,1,0.3062499999999999,11765.371643066406,4700,1,0.3062499999999999,45169.73817443848,4700,1,0.3062499999999999,37355.377182006836,4700,1,0.3062499999999999,46539.23292541504,4700,1,0.3062499999999999,28753.67901611328,4700,1,0.3062499999999999,7267.013153076172,4700,1,0.3062499999999999,7155.916748046875,4700,1,0.3062499999999999,6747.324645996094,4700,1,0.3062499999999999,6963.6651611328125,4700,1,0.3062499999999999,4417.992324829102,3007,3007,3007,3007,3007,3007,3007,3007,3007,3007,3007,3007,4690,4691,3007,3007,3007,4690,3007,3007,3007,3007,3007,4690,88.8888931274414,5,0,0,31.57894515991211,0,5,35,25,52.6315803527832,0,0,31.57894515991211,0,0,0,0,15.789472579956055,16.666667938232422,100,0,0,0,0,66481098752,12884893696,1613594624,0
99,1780596498402,56689.56709289551,4700,1,0.30000000000000004,6930.069381713867,4700,1,0.3062499999999999,6792.8287353515625,4700,1,0.3062499999999999,11765.568740844727,4700,1,0.30000000000000004,45170.13317871094,4700,1,0.30000000000000004,37355.7897644043,4700,1,0.30000000000000004,46539.70057678223,4700,1,0.30000000000000004,28754.37205505371,4700,1,0.30000000000000004,7267.016494750977,4700,1,0.30000000000000004,7155.919830322266,4700,1,0.30000000000000004,6747.327728271484,4700,1,0.3062499999999999,6963.668319702148,4700,1,0.3062499999999999,4423.689102172852,3007,3007,3007,3007,3007,3007,3007,3007,3007,3007,3007,3007,4690,4691,3007,3007,3007,4690,3007,3007,3007,3007,3007,4690,88.8888931274414,5,0,0,31.57894515991211,0,5,35,25,52.6315803527832,0,0,31.57894515991211,0,0,0,0,15.789472579956055,16.666667938232422,100,0,0,0,0,66481098752,12884893696,1620701184,0
99,1780596498502,56690.148986816406,4700,1,0.3062499999999999,6930.072463989258,4700,1,0.3062499999999999,6792.831817626953,4700,1,0.3062499999999999,11765.916702270508,4700,1,0.3062499999999999,45170.50955200195,4700,1,0.3062499999999999,37356.142013549805,4700,1,0.3062499999999999,46540.15312194824,4700,1,0.3062499999999999,28755.051818847656,4700,1,0.3062499999999999,7267.019790649414,4700,1,0.3062499999999999,7155.922927856445,4700,1,0.3062499999999999,6747.330856323242,4700,1,0.3062499999999999,6963.671401977539,4700,1,0.3062499999999999,4429.4117431640625,3007,3007,3007,3007,3007,3007,3007,3007,3007,3007,3007,3007,4690,4691,3007,3007,3007,4690,3007,3007,3007,3007,3007,4690,84.21052551269531,5,0,0,21.052631378173828,15.000000953674316,0,5.882352828979492,31.57894515991211,47.36842346191406,0,0,35,0,0,0,0,21.052631378173828,30.000001907348633,100,0,0,0,0,66481098752,12884893696,1618108416,0
99,1780596498602,56690.74363708496,4700,1,0.3062499999999999,6930.075607299805,4700,1,0.3062499999999999,6792.834945678711,4700,1,0.3062499999999999,11766.257873535156,4700,1,0.3062499999999999,45170.997497558594,4700,1,0.3062499999999999,37356.36015319824,4700,1,0.3062499999999999,46540.574768066406,4700,1,0.3062499999999999,28755.735412597656,4700,1,0.3062499999999999,7267.02311706543,4700,1,0.3062499999999999,7155.926040649414,4700,1,0.3062499999999999,6747.333953857422,4700,1,0.3062499999999999,6963.674530029297,4700,1,0.3062499999999999,4435.111312866211,3007,3007,3007,3007,3007,3007,3007,3007,3007,3007,3007,3007,4690,4691,3007,3007,3007,4690,3007,3007,3007,3007,3007,4690,84.21052551269531,5,0,0,21.052631378173828,15.000000953674316,0,5.882352828979492,31.57894515991211,47.36842346191406,0,0,35,0,0,0,0,21.052631378173828,30.000001907348633,100,0,0,0,0,66481098752,12884893696,1615179776,0
99,1780596498702,56691.34030151367,4700,1,0.3062499999999999,6930.078811645508,4700,1,0.3062499999999999,6792.850997924805,4700,1,0.3062499999999999,11766.310836791992,4700,1,0.3062499999999999,45171.44953918457,4700,1,0.3062499999999999,37356.72497558594,4700,1,0.3062499999999999,46541.03436279297,4700,1,0.3062499999999999,28756.419540405273,4700,1,0.3062499999999999,7267.026412963867,4700,1,0.3062499999999999,7155.929214477539,4700,1,0.3062499999999999,6747.337066650391,4700,1,0.3062499999999999,6963.677719116211,4700,1,0.3062499999999999,4440.7342529296875,3007,3007,3007,3007,3007,3007,3007,3007,3007,3007,3007,3007,4690,4691,3007,3007,3007,4690,3007,3007,3007,3007,3007,4690,88.23529815673828,0,0,0,30.000001907348633,10.526315689086914,29.411766052246094,14.285715103149414,22.22222328186035,41.17647171020508,0,0,17.647058486938477,0,0,0,0,10.526315689086914,26.3157901763916,100,0,0,0,0,66481098752,12884893696,1614012416,0
99,1780596498802,56691.85592651367,4700,1,0.3062499999999999,6930.081939697266,4700,1,0.3062499999999999,6792.854095458984,4700,1,0.3062499999999999,11766.5771484375,4700,1,0.3062499999999999,45171.855072021484,4700,1,0.3062499999999999,37357.08512878418,4700,1,0.3062499999999999,46541.53135681152,4700,1,0.3062499999999999,28757.107055664063,4700,1,0.3062499999999999,7267.029525756836,4700,1,0.3062499999999999,7155.93229675293,4700,1,0.3062499999999999,6747.340179443359,4700,1,0.3062499999999999,6963.680801391602,4700,1,0.3062499999999999,4446.398300170898,3007,3007,3007,3007,3007,3007,3007,3007,3007,3007,3007,3007,4690,4691,3007,3007,3007,4690,3007,3007,3007,3007,3007,4690,88.23529815673828,0,0,0,30.000001907348633,10.526315689086914,29.411766052246094,14.285715103149414,22.22222328186035,41.17647171020508,0,0,17.647058486938477,0,0,0,0,10.526315689086914,26.3157901763916,100,0,0,0,0,66481098752,12884893696,1620893696,0
99,1780596498902,56692.41781616211,4700,1,0.3062499999999999,6930.08512878418,4700,1,0.3062499999999999,6792.857238769531,4700,1,0.3062499999999999,11766.630065917969,4700,1,0.3062499999999999,45172.2707824707,4700,1,0.3062499999999999,37357.53565979004,4700,1,0.3062499999999999,46541.98449707031,4700,1,0.3062499999999999,28757.789352416992,4700,1,0.3062499999999999,7267.032669067383,4700,1,0.3062499999999999,7155.93537902832,4700,1,0.3062499999999999,6747.343292236328,4700,1,0.3062499999999999,6963.683883666992,4700,1,0.3062499999999999,4452.062759399414,3007,3007,3007,3007,3007,3007,3007,3007,3007,3007,3007,3007,4690,4691,3007,3007,3007,4690,3007,3007,3007,3007,3007,4690,84.21052551269531,0,0,0,10,15.000000953674316,30.000001907348633,29.411766052246094,27.77777862548828,47.36842346191406,0,0,15.789472579956055,0,0,0,0,10,36.3636360168457,100,0,0,0,0,66481098752,12884893696,1621811200,0
99,1780596499002,56692.929779052734,4700,1,0.3062499999999999,6930.08821105957,4700,1,0.3062499999999999,6792.860321044922,4700,1,0.3062499999999999,11766.816375732422,4700,1,0.3062499999999999,45172.72415161133,4700,1,0.3062499999999999,37357.99900817871,4700,1,0.3062499999999999,46542.454528808594,4700,1,0.3062499999999999,28758.475173950195,4700,1,0.3062499999999999,7267.03596496582,4700,1,0.3062499999999999,7155.938461303711,4700,1,0.3062499999999999,6747.346374511719,4700,1,0.3062499999999999,6963.686965942383,4700,1,0.3062499999999999,4457.778991699219,3007,3007,3007,3007,3007,3007,3007,3007,3007,3007,3007,3007,4690,4691,3007,3007,3007,4690,3007,3007,3007,3007,3007,4690,84.21052551269531,0,0,0,10,15.000000953674316,30.000001907348633,29.411766052246094,27.77777862548828,47.36842346191406,0,0,15.789472579956055,0,0,0,0,10,36.3636360168457,100,0,0,0,0,66481098752,12884893696,1617788928,0
99,1780596499102,56693.44868469238,4700,1,0.30000000000000004,6930.091323852539,4700,1,0.3062499999999999,6792.86848449707,4700,1,0.3062499999999999,11767.090957641602,4700,1,0.30000000000000004,45173.21646118164,4700,1,0.30000000000000004,37358.38856506348,4700,1,0.30000000000000004,46542.888763427734,4700,1,0.30000000000000004,28759.170532226563,4700,1,0.30000000000000004,7267.03938293457,4700,1,0.30000000000000004,7155.941543579102,4700,1,0.3062499999999999,6747.349456787109,4700,1,0.3062499999999999,6963.690048217773,4700,1,0.3062499999999999,4463.559921264648,3007,3007,3007,3007,3007,3007,3007,3007,3007,3007,3007,3007,4690,4691,3007,3007,3007,4690,3007,3007,3007,3007,3007,4690,80,0,0,0,0,5,35,15.789472579956055,22.22222328186035,41.17647171020508,0,0,26.3157901763916,0,0,0,0,30.000001907348633,30.000001907348633,100,0,0,0,0,66481098752,12884893696,1610747904,0
99,1780596499202,56694.04800415039,4700,1,0.3062499999999999,6930.094482421875,4700,1,0.3062499999999999,6792.871627807617,4700,1,0.3062499999999999,11767.48129272461,4700,1,0.3062499999999999,45173.677673339844,4700,1,0.3062499999999999,37358.767150878906,4700,1,0.3062499999999999,46543.19758605957,4700,1,0.3062499999999999,28759.832229614258,4700,1,0.3062499999999999,7267.042465209961,4700,1,0.3062499999999999,7155.944595336914,4700,1,0.3062499999999999,6747.352508544922,4700,1,0.3062499999999999,6963.693130493164,4700,1,0.3062499999999999,4469.27912902832,3007,3007,3007,3007,3007,3007,3007,3007,3007,3007,3007,3007,4690,4691,3007,3007,3007,4690,3007,3007,3007,3007,3007,4690,80,0,0,0,0,5,35,15.789472579956055,22.22222328186035,41.17647171020508,0,0,26.3157901763916,0,0,0,0,30.000001907348633,30.000001907348633,100,0,0,0,0,66481098752,12884893696,1618591744,0
99,1780596499302,56694.56108093262,4700,1,0.3062499999999999,6930.097595214844,4700,1,0.3062499999999999,6792.878723144531,4700,1,0.3062499999999999,11767.814468383789,4700,1,0.3062499999999999,45174.12258911133,4700,1,0.3062499999999999,37359.1043548584,4700,1,0.3062499999999999,46543.62632751465,4700,1,0.3062499999999999,28760.516021728516,4700,1,0.3062499999999999,7267.045700073242,4700,1,0.3062499999999999,7155.947708129883,4700,1,0.3062499999999999,6747.3555908203125,4700,1,0.3062499999999999,6963.696182250977,4700,1,0.3062499999999999,4474.998580932617,3007,3007,3007,3007,3007,3007,3007,3007,3007,3007,3007,3007,4690,4691,3007,3007,3007,4690,3007,3007,3007,3007,3007,4690,88.23529815673828,21.052631378173828,0,0,10.526315689086914,5.555555820465088,30.000001907348633,0,26.3157901763916,44.4444465637207,0,0,31.57894515991211,0,0,0,0,33.333335876464844,10.526315689086914,100,0,0,0,0,66481098752,12884893696,1614024704,0
99,1780596499402,56695.158142089844,4700,1,0.3062499999999999,6930.100738525391,4700,1,0.3062499999999999,6792.881866455078,4700,1,0.3062499999999999,11768.145401000977,4700,1,0.3062499999999999,45174.56590270996,4700,1,0.3062499999999999,37359.415466308594,4700,1,0.3062499999999999,46544.00233459473,4700,1,0.3062499999999999,28761.207321166992,4700,1,0.3062499999999999,7267.049118041992,4700,1,0.3062499999999999,7155.950790405273,4700,1,0.3062499999999999,6747.358673095703,4700,1,0.3062499999999999,6963.699264526367,4700,1,0.3062499999999999,4480.690933227539,3007,3007,3007,3007,3007,3007,3007,3007,3007,3007,3007,3007,4690,4691,3007,3007,3007,4690,3007,3007,3007,3007,3007,4690,88.23529815673828,21.052631378173828,0,0,10.526315689086914,5.555555820465088,30.000001907348633,0,26.3157901763916,44.4444465637207,0,0,31.57894515991211,0,0,0,0,33.333335876464844,10.526315689086914,100,0,0,0,0,66481098752,12884893696,1612128256,0
99,1780596499502,56695.758712768555,4700,1,0.3062499999999999,6930.103820800781,4700,1,0.3062499999999999,6792.885116577148,4700,1,0.3062499999999999,11768.47085571289,4700,1,0.3062499999999999,45175.044342041016,4700,1,0.3062499999999999,37359.784912109375,4700,1,0.3062499999999999,46544.38340759277,4700,1,0.3062499999999999,28761.885299682617,4700,1,0.3062499999999999,7267.052261352539,4700,1,0.3062499999999999,7155.953903198242,4700,1,0.3062499999999999,6747.361755371094,4700,1,0.3062499999999999,6963.702346801758,4700,1,0.3062499999999999,4486.437545776367,3007,3007,3007,3007,3007,3007,3007,3007,3007,3007,3007,3007,4690,4691,3007,3007,3007,4690,3007,3007,3007,3007,3007,4690,85,11.111111640930176,0,0,11.764705657958984,5.263157844543457,17.647058486938477,0,30.000001907348633,47.36842346191406,0,0,27.77777862548828,0,0,0,0,23.52941131591797,5.263157844543457,100,0,0,0,0,66481098752,12884893696,1615900672,0
99,1780596499602,56696.34747314453,4700,1,0.30000000000000004,6930.106903076172,4700,1,0.3062499999999999,6792.888198852539,4700,1,0.3062499999999999,11768.750839233398,4700,1,0.30000000000000004,45175.41242980957,4700,1,0.30000000000000004,37360.24067687988,4700,1,0.3062499999999999,46544.810546875,4700,1,0.3062499999999999,28762.5830078125,4700,1,0.3062499999999999,7267.055374145508,4700,1,0.3062499999999999,7155.956985473633,4700,1,0.3062499999999999,6747.364837646484,4700,1,0.3062499999999999,6963.705429077148,4700,1,0.3062499999999999,4492.078765869141,3007,3007,3007,3007,3007,3007,3007,3007,3007,3007,3007,3007,4690,4691,3007,3007,3007,4690,3007,3007,3007,3007,3007,4690,85,11.111111640930176,0,0,11.764705657958984,5.263157844543457,17.647058486938477,0,30.000001907348633,47.36842346191406,0,0,27.77777862548828,0,0,0,0,23.52941131591797,5.263157844543457,100,0,0,0,0,66481098752,12884893696,1612500992,0
99,1780596499703,56696.93978881836,4700,1,0.30000000000000004,6930.110061645508,4700,1,0.3062499999999999,6792.89143371582,4700,1,0.3062499999999999,11769.146286010742,4700,1,0.30000000000000004,45175.83166503906,4700,1,0.30000000000000004,37360.512756347656,4700,1,0.3062499999999999,46545.20249938965,4700,1,0.3062499999999999,28763.26644897461,4700,1,0.3062499999999999,7267.058883666992,4700,1,0.3062499999999999,7155.960067749023,4700,1,0.3062499999999999,6747.367965698242,4700,1,0.3062499999999999,6963.708587646484,4700,1,0.3062499999999999,4497.763458251953,3007,3007,3007,3007,3007,3007,3007,3007,3007,3007,3007,3007,4690,4691,3007,3007,3007,4690,3007,3007,3007,3007,3007,4690,88.23529815673828,15.789472579956055,0,0,21.052631378173828,14.285715103149414,15.000000953674316,16.666667938232422,22.22222328186035,47.05882263183594,0,0,22.22222328186035,0,0,0,0,15.000000953674316,19.047618865966797,100,0,0,0,0,66481098752,12884893696,1612005376,0
99,1780596499803,56697.52722167969,4700,1,0.3062499999999999,6930.113143920898,4700,1,0.3062499999999999,6792.894515991211,4700,1,0.3062499999999999,11769.218856811523,4700,1,0.3062499999999999,45176.29295349121,4700,1,0.3062499999999999,37360.87001037598,4700,1,0.3062499999999999,46545.644119262695,4700,1,0.3062499999999999,28763.9520111084,4700,1,0.3062499999999999,7267.070404052734,4700,1,0.3062499999999999,7155.963150024414,4700,1,0.3062499999999999,6747.371047973633,4700,1,0.3062499999999999,6963.711669921875,4700,1,0.3062499999999999,4503.437210083008,3007,3007,3007,3007,3007,3007,3007,3007,3007,3007,3007,3007,4690,4691,3007,3007,3007,4690,3007,3007,3007,3007,3007,4690,88.23529815673828,15.789472579956055,0,0,21.052631378173828,14.285715103149414,15.000000953674316,16.666667938232422,22.22222328186035,47.05882263183594,0,0,22.22222328186035,0,0,0,0,15.000000953674316,19.047618865966797,100,0,0,0,0,66481098752,12884893696,1608552448,0
99,1780596499903,56698.12168884277,4700,1,0.30000000000000004,6930.116302490234,4700,1,0.30000000000000004,6792.8978271484375,4700,1,0.30000000000000004,11769.341995239258,4700,1,0.30000000000000004,45176.750259399414,4700,1,0.30000000000000004,37361.16857910156,4700,1,0.30000000000000004,46546.08346557617,4700,1,0.30000000000000004,28764.632537841797,4700,1,0.30000000000000004,7267.073669433594,4700,1,0.30000000000000004,7155.966262817383,4700,1,0.30000000000000004,6747.374130249023,4700,1,0.30000000000000004,6963.714752197266,4700,1,0.30000000000000004,4509.11198425293,3007,3007,3007,3007,3007,3007,3007,3007,3007,3007,3007,3007,4690,4691,3007,3007,3007,4690,3007,3007,3007,3007,3007,4690,85,5,0,0,22.22222328186035,0,22.22222328186035,19.047618865966797,23.52941131591797,47.36842346191406,0,0,30.000001907348633,0,0,0,0,20,16.666667938232422,100,0,0,0,0,66481098752,12884893696,1615400960,0
99,1780596500003,56698.73872375488,4700,1,0.3062499999999999,6930.119354248047,4700,1,0.3062499999999999,6792.90087890625,4700,1,0.3062499999999999,11769.536514282227,4700,1,0.3062499999999999,45177.186935424805,4700,1,0.3062499999999999,37361.6121673584,4700,1,0.3062499999999999,46546.42909240723,4700,1,0.3062499999999999,28765.324813842773,4700,1,0.3062499999999999,7267.0767822265625,4700,1,0.3062499999999999,7155.969345092773,4700,1,0.3062499999999999,6747.377182006836,4700,1,0.3062499999999999,6963.717803955078,4700,1,0.3062499999999999,4514.803192138672,3007,3007,3007,3007,3007,3007,3007,3007,3007,3007,3007,3007,4690,4691,3007,3007,3007,4690,3007,3007,3007,3007,3007,4690,85,5,0,0,22.22222328186035,0,22.22222328186035,19.047618865966797,23.52941131591797,47.36842346191406,0,0,30.000001907348633,0,0,0,0,20,16.666667938232422,100,0,0,0,0,66481098752,12884893696,1614147584,0
99,1780596500103,56699.24499511719,4700,1,0.3062499999999999,6930.1224365234375,4700,1,0.3062499999999999,6792.903961181641,4700,1,0.3062499999999999,11769.844131469727,4700,1,0.3062499999999999,45177.55368041992,4700,1,0.3062499999999999,37362.07601928711,4700,1,0.3062499999999999,46546.85920715332,4700,1,0.3062499999999999,28766.01449584961,4700,1,0.3062499999999999,7267.079895019531,4700,1,0.3062499999999999,7155.972427368164,4700,1,0.3062499999999999,6747.380264282227,4700,1,0.3062499999999999,6963.720886230469,4700,1,0.3062499999999999,4520.428359985352,3007,3007,3007,3007,3007,3007,3007,3007,3007,3007,3007,3007,4690,4691,3007,3007,3007,4690,3007,3007,3007,3007,3007,4690,83.33332824707031,18.18181800842285,0,0,5.555555820465088,10.526315689086914,27.77777862548828,21.052631378173828,38.095237731933594,44.4444465637207,0,0,11.111111640930176,0,0,0,0,27.77777862548828,10,100,0,0,0,0,66481098752,12884893696,1611821056,0
99,1780596500203,56699.77131652832,4700,1,0.3062499999999999,6930.125579833984,4700,1,0.3062499999999999,6792.9071044921875,4700,1,0.3062499999999999,11770.215942382813,4700,1,0.3062499999999999,45177.987213134766,4700,1,0.3062499999999999,37362.50437927246,4700,1,0.3062499999999999,46547.24873352051,4700,1,0.3062499999999999,28766.67578125,4700,1,0.3062499999999999,7267.08415222168,4700,1,0.3062499999999999,7155.975509643555,4700,1,0.3062499999999999,6747.383346557617,4700,1,0.3062499999999999,6963.723968505859,4700,1,0.3062499999999999,4526.214828491211,3007,3007,3007,3007,3007,3007,3007,3007,3007,3007,3007,3007,4690,4691,3007,3007,3007,4690,3007,3007,3007,3007,3007,4690,83.33332824707031,18.18181800842285,0,0,5.555555820465088,10.526315689086914,27.77777862548828,21.052631378173828,38.095237731933594,44.4444465637207,0,0,11.111111640930176,0,0,0,0,27.77777862548828,10,100,0,0,0,0,66481098752,12884893696,1607888896,0
99,1780596500303,56700.36599731445,4700,1,0.3062499999999999,6930.128692626953,4700,1,0.3062499999999999,6792.91130065918,4700,1,0.3062499999999999,11770.60269165039,4700,1,0.3062499999999999,45178.44680786133,4700,1,0.3062499999999999,37362.83117675781,4700,1,0.3062499999999999,46547.582916259766,4700,1,0.3062499999999999,28767.372146606445,4700,1,0.3062499999999999,7267.087387084961,4700,1,0.3062499999999999,7155.97868347168,4700,1,0.3062499999999999,6747.386428833008,4700,1,0.3062499999999999,6963.72705078125,4700,1,0.3062499999999999,4531.921920776367,3007,3007,3007,3007,3007,3007,3007,3007,3007,3007,3007,3007,4690,4691,3007,3007,3007,4690,3007,3007,3007,3007,3007,4690,84.21052551269531,21.052631378173828,0,0,15.000000953674316,15.789472579956055,22.22222328186035,11.111111640930176,10,44.4444465637207,0,0,25,0,0,0,0,16.666667938232422,25,100,0,0,0,0,66481098752,12884893696,1613651968,0
99,1780596500403,56700.931549072266,4700,1,0.30000000000000004,6930.1318359375,4700,1,0.3062499999999999,6792.914443969727,4700,1,0.3062499999999999,11770.921020507813,4700,1,0.3062499999999999,45178.85565185547,4700,1,0.3062499999999999,37363.217864990234,4700,1,0.3062499999999999,46548.0378112793,4700,1,0.3062499999999999,28768.06330871582,4700,1,0.3062499999999999,7267.090530395508,4700,1,0.3062499999999999,7155.981796264648,4700,1,0.3062499999999999,6747.3895263671875,4700,1,0.3062499999999999,6963.730133056641,4700,1,0.3062499999999999,4537.665054321289,3007,3007,3007,3007,3007,3007,3007,3007,3007,3007,3007,3007,4690,4691,3007,3007,3007,4690,3007,3007,3007,3007,3007,4690,84.21052551269531,21.052631378173828,0,0,15.000000953674316,15.789472579956055,22.22222328186035,11.111111640930176,10,44.4444465637207,0,0,25,0,0,0,0,16.666667938232422,25,100,0,0,0,0,66481098752,12884893696,1613496320,0
99,1780596500503,56701.539642333984,4700,1,0.3062499999999999,6930.134918212891,4700,1,0.3062499999999999,6792.917526245117,4700,1,0.3062499999999999,11771.067169189453,4700,1,0.3062499999999999,45179.27406311035,4700,1,0.3062499999999999,37363.662033081055,4700,1,0.3062499999999999,46548.44105529785,4700,1,0.3062499999999999,28768.74803161621,4700,1,0.3062499999999999,7267.093643188477,4700,1,0.3062499999999999,7155.984878540039,4700,1,0.3062499999999999,6747.392608642578,4700,1,0.3062499999999999,6963.733215332031,4700,1,0.3062499999999999,4543.402404785156,3007,3007,3007,3007,3007,3007,3007,3007,3007,3007,3007,3007,4690,4691,3007,3007,3007,4690,3007,3007,3007,3007,3007,4690,88.8888931274414,0,0,0,15.789472579956055,15.000000953674316,5.555555820465088,30.000001907348633,26.3157901763916,47.36842346191406,0,0,33.333335876464844,0,0,0,0,20,28.571430206298828,100,0,0,0,0,66481098752,12884893696,1612087296,0
99,1780596500603,56702.11866760254,4700,1,0.3062499999999999,6930.138031005859,4700,1,0.3062499999999999,6792.920700073242,4700,1,0.3062499999999999,11771.443756103516,4700,1,0.3062499999999999,45179.67916870117,4700,1,0.3062499999999999,37364.06217956543,4700,1,0.3062499999999999,46548.88034057617,4700,1,0.3062499999999999,28769.383697509766,4700,1,0.3062499999999999,7267.098831176758,4700,1,0.3062499999999999,7155.98796081543,4700,1,0.3062499999999999,6747.395690917969,4700,1,0.3062499999999999,6963.736297607422,4700,1,0.3062499999999999,4549.227966308594,3007,3007,3007,3007,3007,3007,3007,3007,3007,3007,3007,3007,4690,4691,3007,3007,3007,4690,3007,3007,3007,3007,3007,4690,88.8888931274414,0,0,0,15.789472579956055,15.000000953674316,5.555555820465088,30.000001907348633,26.3157901763916,47.36842346191406,0,0,33.333335876464844,0,0,0,0,20,28.571430206298828,100,0,0,0,0,66481098752,12884893696,1616580608,0
99,1780596500703,56702.638931274414,4700,1,0.30000000000000004,6930.141189575195,4700,1,0.30000000000000004,6792.924346923828,4700,1,0.30000000000000004,11771.715225219727,4700,1,0.30000000000000004,45180.151779174805,4700,1,0.30000000000000004,37364.50352478027,4700,1,0.30000000000000004,46549.23735046387,4700,1,0.30000000000000004,28770.065689086914,4700,1,0.30000000000000004,7267.102111816406,4700,1,0.30000000000000004,7155.991012573242,4700,1,0.30000000000000004,6747.398742675781,4700,1,0.30000000000000004,6963.739349365234,4700,1,0.30000000000000004,4554.996597290039,3007,3007,3007,3007,3007,3007,3007,3007,3007,3007,3007,3007,4690,4691,3007,3007,3007,4690,3007,3007,3007,3007,3007,4690,83.33332824707031,23.809524536132813,0,0,15.000000953674316,14.285715103149414,35,30.000001907348633,17.647058486938477,42.105262756347656,0,0,20,0,0,0,0,16.666667938232422,19.047618865966797,100,0,0,0,0,66481098752,12884893696,1615515648,0
99,1780596500803,56703.20590209961,4700,1,0.3062499999999999,6930.144241333008,4700,1,0.3062499999999999,6792.927398681641,4700,1,0.3062499999999999,11772.157989501953,4700,1,0.3062499999999999,45180.51792907715,4700,1,0.3062499999999999,37364.8551940918,4700,1,0.3062499999999999,46549.63912963867,4700,1,0.3062499999999999,28770.74705505371,4700,1,0.3062499999999999,7267.105453491211,4700,1,0.3062499999999999,7155.994094848633,4700,1,0.3062499999999999,6747.401824951172,4700,1,0.3062499999999999,6963.742431640625,4700,1,0.3062499999999999,4560.672866821289,3007,3007,3007,3007,3007,3007,3007,3007,3007,3007,3007,3007,4690,4691,3007,3007,3007,4690,3007,3007,3007,3007,3007,4690,83.33332824707031,23.809524536132813,0,0,15.000000953674316,14.285715103149414,35,30.000001907348633,17.647058486938477,42.105262756347656,0,0,20,0,0,0,0,16.666667938232422,19.047618865966797,100,0,0,0,0,66481098752,12884893696,1613066240,0
99,1780596500903,56703.76776123047,4700,1,0.3062499999999999,6930.147399902344,4700,1,0.3062499999999999,6792.9305419921875,4700,1,0.3062499999999999,11772.514266967773,4700,1,0.3062499999999999,45180.97880554199,4700,1,0.3062499999999999,37365.19982910156,4700,1,0.3062499999999999,46550.070373535156,4700,1,0.3062499999999999,28771.42889404297,4700,1,0.3062499999999999,7267.109146118164,4700,1,0.3062499999999999,7155.997177124023,4700,1,0.3062499999999999,6747.40495300293,4700,1,0.3062499999999999,6963.745544433594,4700,1,0.3062499999999999,4566.441543579102,3007,3007,3007,3007,3007,3007,3007,3007,3007,3007,3007,3007,4690,4691,3007,3007,3007,4690,3007,3007,3007,3007,3007,4690,82.35294342041016,27.77777862548828,0,0,11.111111640930176,10.526315689086914,17.647058486938477,0,0,41.17647171020508,0,0,16.666667938232422,0,0,0,0,27.77777862548828,29.411766052246094,100,0,0,0,0,66481098752,12884893696,1612673024,0
99,1780596501003,56704.36312866211,4700,1,0.3062499999999999,6930.1505126953125,4700,1,0.3062499999999999,6792.93376159668,4700,1,0.3062499999999999,11772.958908081055,4700,1,0.3062499999999999,45181.45837402344,4700,1,0.3062499999999999,37365.4299621582,4700,1,0.3062499999999999,46550.391830444336,4700,1,0.3062499999999999,28772.12028503418,4700,1,0.3062499999999999,7267.112289428711,4700,1,0.3062499999999999,7156.000259399414,4700,1,0.3062499999999999,6747.40803527832,4700,1,0.3062499999999999,6963.748626708984,4700,1,0.3062499999999999,4572.034072875977,3007,3007,3007,3007,3007,3007,3007,3007,3007,3007,3007,3007,4690,4691,3007,3007,3007,4690,3007,3007,3007,3007,3007,4690,82.35294342041016,27.77777862548828,0,0,11.111111640930176,10.526315689086914,17.647058486938477,0,0,41.17647171020508,0,0,16.666667938232422,0,0,0,0,27.77777862548828,29.411766052246094,100,0,0,0,0,66481098752,12884893696,1615859712,0
99,1780596501103,56704.94958496094,4700,1,0.3062499999999999,6930.153594970703,4700,1,0.3062499999999999,6792.93684387207,4700,1,0.3062499999999999,11773.305572509766,4700,1,0.3062499999999999,45181.8662109375,4700,1,0.3062499999999999,37365.843353271484,4700,1,0.3062499999999999,46550.82856750488,4700,1,0.3062499999999999,28772.78352355957,4700,1,0.3062499999999999,7267.115432739258,4700,1,0.3062499999999999,7156.003341674805,4700,1,0.3062499999999999,6747.411117553711,4700,1,0.3062499999999999,6963.751708984375,4700,1,0.3062499999999999,4577.814926147461,3007,3007,3007,3007,3007,3007,3007,3007,3007,3007,3007,3007,4690,4691,3007,3007,3007,4690,3007,3007,3007,3007,3007,4690,88.8888931274414,19.047618865966797,0,0,28.571430206298828,18.75,38.095237731933594,14.285715103149414,0,38.88888931274414,0,0,20,0,0,0,0,20,21.052631378173828,100,0,0,0,0,66481098752,12884893696,1613844480,0
99,1780596501203,56705.5460357666,4700,1,0.30000000000000004,6930.15673828125,4700,1,0.30000000000000004,6792.939987182617,4700,1,0.3062499999999999,11773.519897460938,4700,1,0.30000000000000004,45182.29853820801,4700,1,0.30000000000000004,37366.27166748047,4700,1,0.30000000000000004,46551.240005493164,4700,1,0.30000000000000004,28773.469512939453,4700,1,0.30000000000000004,7267.118637084961,4700,1,0.30000000000000004,7156.006484985352,4700,1,0.30000000000000004,6747.414199829102,4700,1,0.30000000000000004,6963.754791259766,4700,1,0.30000000000000004,4583.505447387695,3007,3007,3007,3007,3007,3007,3007,3007,3007,3007,3007,3007,4690,4691,3007,3007,3007,4690,3007,3007,3007,3007,3007,4690,88.8888931274414,19.047618865966797,0,0,28.571430206298828,18.75,38.095237731933594,14.285715103149414,0,38.88888931274414,0,0,20,0,0,0,0,20,21.052631378173828,100,0,0,0,0,66481098752,12884893696,1611087872,0
99,1780596501303,56706.12908935547,4700,1,0.3062499999999999,6930.159927368164,4700,1,0.3062499999999999,6792.943710327148,4700,1,0.3062499999999999,11773.717330932617,4700,1,0.3062499999999999,45182.712310791016,4700,1,0.3062499999999999,37366.68272399902,4700,1,0.3062499999999999,46551.691329956055,4700,1,0.3062499999999999,28774.155853271484,4700,1,0.3062499999999999,7267.122055053711,4700,1,0.3062499999999999,7156.009628295898,4700,1,0.3062499999999999,6747.417282104492,4700,1,0.3062499999999999,6963.757873535156,4700,1,0.3062499999999999,4589.177658081055,3007,3007,3007,3007,3007,3007,3007,3007,3007,3007,3007,3007,4690,4691,3007,3007,3007,4690,3007,3007,3007,3007,3007,4690,85.71428680419922,5,0,0,30.000001907348633,18.18181800842285,16.666667938232422,16.666667938232422,15.000000953674316,44.4444465637207,0,0,17.647058486938477,0,0,0,0,11.764705657958984,31.57894515991211,100,0,0,0,0,66481098752,12884893696,1609981952,0
99,1780596501403,56706.752685546875,4700,1,0.3062499999999999,6930.1630859375,4700,1,0.3062499999999999,6792.94694519043,4700,1,0.3062499999999999,11774.059448242188,4700,1,0.3062499999999999,45183.13041687012,4700,1,0.3062499999999999,37367.135833740234,4700,1,0.3062499999999999,46552.15005493164,4700,1,0.3062499999999999,28774.730590820313,4700,1,0.3062499999999999,7267.125350952148,4700,1,0.3062499999999999,7156.012710571289,4700,1,0.3062499999999999,6747.420333862305,4700,1,0.3062499999999999,6963.760986328125,4700,1,0.3062499999999999,4594.9837646484375,3007,3007,3007,3007,3007,3007,3007,3007,3007,3007,3007,3007,4690,4691,3007,3007,3007,4690,3007,3007,3007,3007,3007,4690,85.71428680419922,5,0,0,30.000001907348633,18.18181800842285,16.666667938232422,16.666667938232422,15.000000953674316,44.4444465637207,0,0,17.647058486938477,0,0,0,0,11.764705657958984,31.57894515991211,100,0,0,0,0,66481098752,12884893696,1613668352,0
99,1780596501504,56707.38070678711,4700,1,0.3062499999999999,6930.166168212891,4700,1,0.3062499999999999,6792.95002746582,4700,1,0.3062499999999999,11774.420639038086,4700,1,0.3062499999999999,45183.536560058594,4700,1,0.3062499999999999,37367.6535949707,4700,1,0.3062499999999999,46552.618103027344,4700,1,0.3062499999999999,28775.27180480957,4700,1,0.3062499999999999,7267.128692626953,4700,1,0.3062499999999999,7156.01579284668,4700,1,0.3062499999999999,6747.423416137695,4700,1,0.3062499999999999,6963.764068603516,4700,1,0.3062499999999999,4600.896560668945,3007,3007,3007,3007,3007,3007,3007,3007,3007,3007,3007,3007,4690,4691,3007,3007,3007,4690,3007,3007,3007,3007,3007,4690,95,17.647058486938477,0,0,31.57894515991211,10,36.842105865478516,33.333335876464844,35,5.263157844543457,0,0,5.263157844543457,0,0,0,0,31.57894515991211,22.22222328186035,100,0,0,0,0,66481098752,12884893696,1613819904,0
99,1780596501604,56708.00654602051,4700,1,0.3062499999999999,6930.169250488281,4700,1,0.3062499999999999,6792.953125,4700,1,0.3062499999999999,11774.687118530273,4700,1,0.3062499999999999,45183.99838256836,4700,1,0.3062499999999999,37368.06269836426,4700,1,0.3062499999999999,46553.086517333984,4700,1,0.3062499999999999,28775.869750976563,4700,1,0.3062499999999999,7267.131805419922,4700,1,0.3062499999999999,7156.01887512207,4700,1,0.3062499999999999,6747.426498413086,4700,1,0.3062499999999999,6963.767150878906,4700,1,0.3062499999999999,4606.749420166016,3007,3007,3007,3007,3007,3007,3007,3007,3007,3007,3007,3007,4690,4691,3007,3007,3007,4690,3007,3007,3007,3007,3007,4690,95,17.647058486938477,0,0,31.57894515991211,10,36.842105865478516,33.333335876464844,35,5.263157844543457,0,0,5.263157844543457,0,0,0,0,31.57894515991211,22.22222328186035,100,0,0,0,0,66481098752,12884893696,1609248768,0
99,1780596501704,56708.614517211914,4700,1,0.3062499999999999,6930.172409057617,4700,1,0.3062499999999999,6792.956451416016,4700,1,0.3062499999999999,11775.014389038086,4700,1,0.3062499999999999,45184.412536621094,4700,1,0.3062499999999999,37368.484603881836,4700,1,0.3062499999999999,46553.57781982422,4700,1,0.3062499999999999,28776.487060546875,4700,1,0.3062499999999999,7267.1351318359375,4700,1,0.3062499999999999,7156.021957397461,4700,1,0.3062499999999999,6747.429580688477,4700,1,0.3062499999999999,6963.770233154297,4700,1,0.3062499999999999,4612.570098876953,3007,3007,3007,3007,3007,3007,3007,3007,3007,3007,3007,3007,4690,4691,3007,3007,3007,4690,3007,3007,3007,3007,3007,4690,94.44444274902344,15.000000953674316,0,0,23.52941131591797,5.555555820465088,31.57894515991211,21.052631378173828,31.57894515991211,15.789472579956055,0,0,15.789472579956055,0,0,0,0,25,31.57894515991211,100,0,0,0,0,66481098752,12884893696,1615327232,0
99,1780596501804,56709.24620056152,4700,1,0.30000000000000004,6930.175491333008,4700,1,0.3062499999999999,6792.959655761719,4700,1,0.3062499999999999,11775.291397094727,4700,1,0.30000000000000004,45184.80238342285,4700,1,0.30000000000000004,37368.88554382324,4700,1,0.30000000000000004,46553.95065307617,4700,1,0.30000000000000004,28777.16291809082,4700,1,0.30000000000000004,7267.138214111328,4700,1,0.3062499999999999,7156.02507019043,4700,1,0.3062499999999999,6747.432662963867,4700,1,0.3062499999999999,6963.7733154296875,4700,1,0.3062499999999999,4618.273101806641,3007,3007,3007,3007,3007,3007,3007,3007,3007,3007,3007,3007,4690,4691,3007,3007,3007,4690,3007,3007,3007,3007,3007,4690,94.44444274902344,15.000000953674316,0,0,23.52941131591797,5.555555820465088,31.57894515991211,21.052631378173828,31.57894515991211,15.789472579956055,0,0,15.789472579956055,0,0,0,0,25,31.57894515991211,100,0,0,0,0,66481098752,12884893696,1611108352,0
99,1780596501904,56709.85873413086,4700,1,0.3062499999999999,6930.179016113281,4700,1,0.3062499999999999,6792.962905883789,4700,1,0.3062499999999999,11775.530990600586,4700,1,0.3062499999999999,45185.18960571289,4700,1,0.3062499999999999,37369.30194091797,4700,1,0.3062499999999999,46554.34800720215,4700,1,0.3062499999999999,28777.856567382813,4700,1,0.3062499999999999,7267.141418457031,4700,1,0.3062499999999999,7156.028396606445,4700,1,0.3062499999999999,6747.435806274414,4700,1,0.3062499999999999,6963.7764892578125,4700,1,0.3062499999999999,4624.0111083984375,3007,3007,3007,3007,3007,3007,3007,3007,3007,3007,3007,3007,4690,4691,3007,3007,3007,4690,3007,3007,3007,3007,3007,4690,90,5,0,0,38.095237731933594,15.000000953674316,26.3157901763916,5,28.571430206298828,47.36842346191406,0,0,20,0,0,0,0,33.333335876464844,5.555555820465088,100,0,0,0,0,66481098752,12884893696,1611370496,0
99,1780596502004,56710.451110839844,4700,1,0.30000000000000004,6930.182098388672,4700,1,0.30000000000000004,6792.96598815918,4700,1,0.30000000000000004,11775.883514404297,4700,1,0.30000000000000004,45185.52844238281,4700,1,0.30000000000000004,37369.57974243164,4700,1,0.30000000000000004,46554.81573486328,4700,1,0.30000000000000004,28778.5380859375,4700,1,0.30000000000000004,7267.144622802734,4700,1,0.30000000000000004,7156.031478881836,4700,1,0.30000000000000004,6747.438888549805,4700,1,0.30000000000000004,6963.779571533203,4700,1,0.30000000000000004,4629.732681274414,3007,3007,3007,3007,3007,3007,3007,3007,3007,3007,3007,3007,4690,4691,3007,3007,3007,4690,3007,3007,3007,3007,3007,4690,90,5,0,0,38.095237731933594,15.000000953674316,26.3157901763916,5,28.571430206298828,47.36842346191406,0,0,20,0,0,0,0,33.333335876464844,5.555555820465088,100,0,0,0,0,66481098752,12884893696,1607729152,0
99,1780596502104,56711.024353027344,4700,1,0.30000000000000004,6930.1851806640625,4700,1,0.30000000000000004,6792.971252441406,4700,1,0.30000000000000004,11776.135925292969,4700,1,0.30000000000000004,45185.96821594238,4700,1,0.30000000000000004,37369.83526611328,4700,1,0.30000000000000004,46555.24592590332,4700,1,0.30000000000000004,28779.224502563477,4700,1,0.30000000000000004,7267.147796630859,4700,1,0.30000000000000004,7156.034530639648,4700,1,0.30000000000000004,6747.441940307617,4700,1,0.30000000000000004,6963.782653808594,4700,1,0.30000000000000004,4635.382995605469,3007,3007,3007,3007,3007,3007,3007,3007,3007,3007,3007,3007,4690,4691,3007,3007,3007,4690,3007,3007,3007,3007,3007,4690,85,16.666667938232422,0,0,25,0,21.052631378173828,0,25,47.05882263183594,0,0,11.111111640930176,0,0,0,0,21.052631378173828,25,100,0,0,0,0,66481098752,12884893696,1615867904,0
99,1780596502204,56711.60322570801,4700,1,0.30000000000000004,6930.188293457031,4700,1,0.30000000000000004,6792.974502563477,4700,1,0.30000000000000004,11776.588928222656,4700,1,0.30000000000000004,45186.38819885254,4700,1,0.30000000000000004,37370.220123291016,4700,1,0.30000000000000004,46555.69593811035,4700,1,0.30000000000000004,28779.82322692871,4700,1,0.30000000000000004,7267.151123046875,4700,1,0.30000000000000004,7156.037643432617,4700,1,0.30000000000000004,6747.445022583008,4700,1,0.30000000000000004,6963.785705566406,4700,1,0.30000000000000004,4641.258148193359,3007,3007,3007,3007,3007,3007,3007,3007,3007,3007,3007,3007,4690,4691,3007,3007,3007,4690,3007,3007,3007,3007,3007,4690,85,16.666667938232422,0,0,25,0,21.052631378173828,0,25,47.05882263183594,0,0,11.111111640930176,0,0,0,0,21.052631378173828,25,100,0,0,0,0,66481098752,12884893696,1612754944,0
99,1780596502304,56712.15783691406,4700,1,0.30000000000000004,6930.19140625,4700,1,0.30000000000000004,6792.9779052734375,4700,1,0.30000000000000004,11776.893188476563,4700,1,0.30000000000000004,45186.84492492676,4700,1,0.30000000000000004,37370.60548400879,4700,1,0.30000000000000004,46556.13815307617,4700,1,0.30000000000000004,28780.48390197754,4700,1,0.30000000000000004,7267.1544189453125,4700,1,0.30000000000000004,7156.040802001953,4700,1,0.30000000000000004,6747.448104858398,4700,1,0.30000000000000004,6963.788787841797,4700,1,0.30000000000000004,4647.049880981445,3007,3007,3007,3007,3007,3007,3007,3007,3007,3007,3007,3007,4690,4691,3007,3007,3007,4690,3007,3007,3007,3007,3007,4690,88.8888931274414,15.000000953674316,0,0,15.789472579956055,26.3157901763916,16.666667938232422,21.052631378173828,28.571430206298828,26.3157901763916,0,0,31.57894515991211,0,0,0,0,15.789472579956055,27.77777862548828,100,0,0,0,0,66481098752,12884893696,1611264000,0
99,1780596502404,56712.72151184082,4700,1,0.3062499999999999,6930.194549560547,4700,1,0.3062499999999999,6792.981094360352,4700,1,0.3062499999999999,11777.01791381836,4700,1,0.3062499999999999,45187.28170776367,4700,1,0.3062499999999999,37370.97099304199,4700,1,0.3062499999999999,46556.5994720459,4700,1,0.3062499999999999,28781.181365966797,4700,1,0.3062499999999999,7267.157791137695,4700,1,0.3062499999999999,7156.043884277344,4700,1,0.3062499999999999,6747.451187133789,4700,1,0.3062499999999999,6963.7918701171875,4700,1,0.3062499999999999,4652.772018432617,3007,3007,3007,3007,3007,3007,3007,3007,3007,3007,3007,3007,4690,4691,3007,3007,3007,4690,3007,3007,3007,3007,3007,4690,88.8888931274414,15.000000953674316,0,0,15.789472579956055,26.3157901763916,16.666667938232422,21.052631378173828,28.571430206298828,26.3157901763916,0,0,31.57894515991211,0,0,0,0,15.789472579956055,27.77777862548828,100,0,0,0,0,66481098752,12884893696,1614524416,0
99,1780596502504,56713.244369506836,4700,1,0.3062499999999999,6930.200134277344,4700,1,0.3062499999999999,6792.984588623047,4700,1,0.3062499999999999,11777.346328735352,4700,1,0.3062499999999999,45187.64733886719,4700,1,0.3062499999999999,37371.399658203125,4700,1,0.3062499999999999,46557.08923339844,4700,1,0.3062499999999999,28781.87091064453,4700,1,0.3062499999999999,7267.160919189453,4700,1,0.3062499999999999,7156.047012329102,4700,1,0.3062499999999999,6747.454315185547,4700,1,0.3062499999999999,6963.795013427734,4700,1,0.3062499999999999,4658.540817260742,3007,3007,3007,3007,3007,3007,3007,3007,3007,3007,3007,3007,4690,4691,3007,3007,3007,4690,3007,3007,3007,3007,3007,4690,82.35294342041016,0,0,0,0,0,35,5.263157844543457,35,50,0,0,18.18181800842285,0,0,0,0,22.22222328186035,30.000001907348633,100,0,0,0,0,66481098752,12884893696,1614131200,0
99,1780596502604,56713.81442260742,4700,1,0.3062499999999999,6930.203384399414,4700,1,0.3062499999999999,6792.988052368164,4700,1,0.3062499999999999,11777.673797607422,4700,1,0.3062499999999999,45187.97709655762,4700,1,0.3062499999999999,37371.86241149902,4700,1,0.3062499999999999,46557.503814697266,4700,1,0.3062499999999999,28782.55436706543,4700,1,0.3062499999999999,7267.1640625,4700,1,0.3062499999999999,7156.050155639648,4700,1,0.3062499999999999,6747.457458496094,4700,1,0.3062499999999999,6963.798141479492,4700,1,0.3062499999999999,4664.290176391602,3007,3007,3007,3007,3007,3007,3007,3007,3007,3007,3007,3007,4690,4691,3007,3007,3007,4690,3007,3007,3007,3007,3007,4690,82.35294342041016,0,0,0,0,0,35,5.263157844543457,35,50,0,0,18.18181800842285,0,0,0,0,22.22222328186035,30.000001907348633,100,0,0,0,0,66481098752,12884893696,1613529088,0
99,1780596502704,56714.38430786133,4700,1,0.30000000000000004,6930.206802368164,4700,1,0.30000000000000004,6792.997009277344,4700,1,0.30000000000000004,11777.744201660156,4700,1,0.30000000000000004,45188.392807006836,4700,1,0.30000000000000004,37372.29476928711,4700,1,0.30000000000000004,46557.966064453125,4700,1,0.30000000000000004,28783.236557006836,4700,1,0.30000000000000004,7267.167282104492,4700,1,0.30000000000000004,7156.053237915039,4700,1,0.30000000000000004,6747.460540771484,4700,1,0.30000000000000004,6963.801223754883,4700,1,0.30000000000000004,4669.958908081055,3007,3007,3007,3007,3007,3007,3007,3007,3007,3007,3007,3007,4690,4691,3007,3007,3007,4690,3007,3007,3007,3007,3007,4690,85,4.761904716491699,0,0,15.789472579956055,15.000000953674316,23.52941131591797,25,16.666667938232422,41.17647171020508,0,0,0,0,0,0,0,35,22.22222328186035,100,0,0,0,0,66481098752,12884893696,1608937472,0
99,1780596502804,56714.99110412598,4700,1,0.30000000000000004,6930.210800170898,4700,1,0.30000000000000004,6793.000091552734,4700,1,0.30000000000000004,11777.762161254883,4700,1,0.30000000000000004,45188.87211608887,4700,1,0.30000000000000004,37372.64114379883,4700,1,0.30000000000000004,46558.39051818848,4700,1,0.30000000000000004,28783.920852661133,4700,1,0.30000000000000004,7267.170364379883,4700,1,0.30000000000000004,7156.056350708008,4700,1,0.30000000000000004,6747.463623046875,4700,1,0.30000000000000004,6963.804336547852,4700,1,0.30000000000000004,4675.58740234375,3007,3007,3007,3007,3007,3007,3007,3007,3007,3007,3007,3007,4690,4691,3007,3007,3007,4690,3007,3007,3007,3007,3007,4690,85,4.761904716491699,0,0,15.789472579956055,15.000000953674316,23.52941131591797,25,16.666667938232422,41.17647171020508,0,0,0,0,0,0,0,35,22.22222328186035,100,0,0,0,0,66481098752,12884893696,1615601664,0
99,1780596502904,56715.61050415039,4700,1,0.3062499999999999,6930.213958740234,4700,1,0.3062499999999999,6793.003234863281,4700,1,0.3062499999999999,11778.045059204102,4700,1,0.3062499999999999,45189.31428527832,4700,1,0.3062499999999999,37373.10693359375,4700,1,0.3062499999999999,46558.83848571777,4700,1,0.3062499999999999,28784.510696411133,4700,1,0.3062499999999999,7267.173614501953,4700,1,0.3062499999999999,7156.059432983398,4700,1,0.3062499999999999,6747.466705322266,4700,1,0.3062499999999999,6963.80744934082,4700,1,0.3062499999999999,4681.426086425781,3007,3007,3007,3007,3007,3007,3007,3007,3007,3007,3007,3007,4690,4691,3007,3007,3007,4690,3007,3007,3007,3007,3007,4690,88.8888931274414,5.263157844543457,0,0,23.52941131591797,0,22.22222328186035,15.000000953674316,22.22222328186035,35,0,0,27.77777862548828,0,0,0,0,26.3157901763916,25,100,0,0,0,0,66481098752,12884893696,1610772480,0
99,1780596503004,56716.214782714844,4700,1,0.30000000000000004,6930.217010498047,4700,1,0.30000000000000004,6793.0064697265625,4700,1,0.30000000000000004,11778.258880615234,4700,1,0.30000000000000004,45189.75857543945,4700,1,0.30000000000000004,37373.48017883301,4700,1,0.30000000000000004,46559.306411743164,4700,1,0.30000000000000004,28785.19984436035,4700,1,0.30000000000000004,7267.176788330078,4700,1,0.30000000000000004,7156.062545776367,4700,1,0.30000000000000004,6747.469757080078,4700,1,0.30000000000000004,6963.810501098633,4700,1,0.30000000000000004,4687.091247558594,3007,3007,3007,3007,3007,3007,3007,3007,3007,3007,3007,3007,4690,4691,3007,3007,3007,4690,3007,3007,3007,3007,3007,4690,88.8888931274414,5.263157844543457,0,0,23.52941131591797,0,22.22222328186035,15.000000953674316,22.22222328186035,35,0,0,27.77777862548828,0,0,0,0,26.3157901763916,25,100,0,0,0,0,66481098752,12884893696,1611595776,0
99,1780596503104,56716.77621459961,4700,1,0.3062499999999999,6930.2200927734375,4700,1,0.3062499999999999,6793.009552001953,4700,1,0.3062499999999999,11778.436630249023,4700,1,0.3062499999999999,45190.252014160156,4700,1,0.3062499999999999,37373.84208679199,4700,1,0.3062499999999999,46559.79591369629,4700,1,0.3062499999999999,28785.849868774414,4700,1,0.3062499999999999,7267.179870605469,4700,1,0.3062499999999999,7156.065628051758,4700,1,0.3062499999999999,6747.472839355469,4700,1,0.3062499999999999,6963.813583374023,4700,1,0.3062499999999999,4692.855804443359,3007,3007,3007,3007,3007,3007,3007,3007,3007,3007,3007,3007,4690,4691,3007,3007,3007,4690,3007,3007,3007,3007,3007,4690,88.23529815673828,9.523809432983398,0,0,21.052631378173828,5,27.77777862548828,27.77777862548828,27.77777862548828,35.29411697387695,0,0,30.000001907348633,0,0,0,0,0,26.3157901763916,100,0,0,0,0,66481098752,12884893696,1610391552,0
99,1780596503204,56717.339904785156,4700,1,0.30000000000000004,6930.223236083984,4700,1,0.3062499999999999,6793.0126953125,4700,1,0.3062499999999999,11778.675872802734,4700,1,0.30000000000000004,45190.728515625,4700,1,0.30000000000000004,37374.19519042969,4700,1,0.3062499999999999,46560.25717163086,4700,1,0.3062499999999999,28786.5193939209,4700,1,0.3062499999999999,7267.1829833984375,4700,1,0.3062499999999999,7156.068710327148,4700,1,0.3062499999999999,6747.475921630859,4700,1,0.3062499999999999,6963.816665649414,4700,1,0.3062499999999999,4698.615921020508,3007,3007,3007,3007,3007,3007,3007,3007,3007,3007,3007,3007,4690,4691,3007,3007,3007,4690,3007,3007,3007,3007,3007,4690,88.23529815673828,9.523809432983398,0,0,21.052631378173828,5,27.77777862548828,27.77777862548828,27.77777862548828,35.29411697387695,0,0,30.000001907348633,0,0,0,0,0,26.3157901763916,100,0,0,0,0,66481098752,12884893696,1608986624,0
99,1780596503305,56717.962631225586,4700,1,0.3062499999999999,6930.226348876953,4700,1,0.3062499999999999,6793.016036987305,4700,1,0.3062499999999999,11778.743286132813,4700,1,0.3062499999999999,45191.165618896484,4700,1,0.3062499999999999,37374.655670166016,4700,1,0.3062499999999999,46560.60339355469,4700,1,0.3062499999999999,28787.210052490234,4700,1,0.3062499999999999,7267.186065673828,4700,1,0.3062499999999999,7156.071853637695,4700,1,0.3062499999999999,6747.47900390625,4700,1,0.3062499999999999,6963.819747924805,4700,1,0.3062499999999999,4704.284606933594,3007,3007,3007,3007,3007,3007,3007,3007,3007,3007,3007,3007,4690,4691,3007,3007,3007,4690,3007,3007,3007,3007,3007,4690,84.21052551269531,5,0,0,25,0,35,26.3157901763916,27.77777862548828,42.105262756347656,0,0,33.333335876464844,0,0,0,0,15.789472579956055,10.526315689086914,100,0,0,0,0,66481098752,12884893696,1612324864,0
99,1780596503405,56718.57649230957,4700,1,0.3062499999999999,6930.229522705078,4700,1,0.3062499999999999,6793.019332885742,4700,1,0.3062499999999999,11779.079956054688,4700,1,0.3062499999999999,45191.664962768555,4700,1,0.3062499999999999,37375.06916809082,4700,1,0.3062499999999999,46561.05953979492,4700,1,0.3062499999999999,28787.814529418945,4700,1,0.3062499999999999,7267.189270019531,4700,1,0.3062499999999999,7156.074935913086,4700,1,0.3062499999999999,6747.482086181641,4700,1,0.3062499999999999,6963.822830200195,4700,1,0.3062499999999999,4710.161087036133,3007,3007,3007,3007,3007,3007,3007,3007,3007,3007,3007,3007,4690,4691,3007,3007,3007,4690,3007,3007,3007,3007,3007,4690,84.21052551269531,5,0,0,25,0,35,26.3157901763916,27.77777862548828,42.105262756347656,0,0,33.333335876464844,0,0,0,0,15.789472579956055,10.526315689086914,100,0,0,0,0,66481098752,12884893696,1610047488,0
99,1780596503505,56719.18397521973,4700,1,0.3062499999999999,6930.232604980469,4700,1,0.3062499999999999,6793.022415161133,4700,1,0.3062499999999999,11779.389282226563,4700,1,0.3062499999999999,45192.04086303711,4700,1,0.3062499999999999,37375.524322509766,4700,1,0.3062499999999999,46561.493743896484,4700,1,0.3062499999999999,28788.448699951172,4700,1,0.3062499999999999,7267.192474365234,4700,1,0.3062499999999999,7156.078018188477,4700,1,0.3062499999999999,6747.485168457031,4700,1,0.3062499999999999,6963.825912475586,4700,1,0.3062499999999999,4715.99543762207,3007,3007,3007,3007,3007,3007,3007,3007,3007,3007,3007,3007,4690,4691,3007,3007,3007,4690,3007,3007,3007,3007,3007,4690,94.44444274902344,0,0,0,31.57894515991211,17.647058486938477,27.77777862548828,33.333335876464844,25,26.3157901763916,0,0,11.764705657958984,0,0,0,0,10.526315689086914,22.22222328186035,100,0,0,0,0,66481098752,12884893696,1619124224,0
99,1780596503605,56719.807037353516,4700,1,0.3062499999999999,6930.235656738281,4700,1,0.3062499999999999,6793.025466918945,4700,1,0.3062499999999999,11779.759811401367,4700,1,0.3062499999999999,45192.510818481445,4700,1,0.3062499999999999,37375.91468811035,4700,1,0.3062499999999999,46561.961334228516,4700,1,0.3062499999999999,28789.009201049805,4700,1,0.3062499999999999,7267.195556640625,4700,1,0.3062499999999999,7156.081069946289,4700,1,0.3062499999999999,6747.488220214844,4700,1,0.3062499999999999,6963.828964233398,4700,1,0.3062499999999999,4721.834228515625,3007,3007,3007,3007,3007,3007,3007,3007,3007,3007,3007,3007,4690,4691,3007,3007,3007,4690,3007,3007,3007,3007,3007,4690,94.44444274902344,0,0,0,31.57894515991211,17.647058486938477,27.77777862548828,33.333335876464844,25,26.3157901763916,0,0,11.764705657958984,0,0,0,0,10.526315689086914,22.22222328186035,100,0,0,0,0,66481098752,12884893696,1612505088,0
99,1780596503705,56720.388427734375,4700,1,0.30000000000000004,6930.238815307617,4700,1,0.30000000000000004,6793.037628173828,4700,1,0.30000000000000004,11780.085372924805,4700,1,0.30000000000000004,45192.89669799805,4700,1,0.30000000000000004,37376.11976623535,4700,1,0.30000000000000004,46562.44186401367,4700,1,0.30000000000000004,28789.699279785156,4700,1,0.30000000000000004,7267.19889831543,4700,1,0.30000000000000004,7156.08415222168,4700,1,0.30000000000000004,6747.491302490234,4700,1,0.30000000000000004,6963.832046508789,4700,1,0.30000000000000004,4727.498718261719,3007,3007,3007,3007,3007,3007,3007,3007,3007,3007,3007,3007,4690,4691,3007,3007,3007,4690,3007,3007,3007,3007,3007,4690,89.47368621826172,10.526315689086914,0,0,33.333335876464844,21.052631378173828,21.052631378173828,18.18181800842285,40,22.22222328186035,0,0,17.647058486938477,0,0,0,0,15.789472579956055,22.22222328186035,100,0,0,0,0,66481098752,12884893696,1609965568,0
99,1780596503805,56720.99426269531,4700,1,0.3062499999999999,6930.241928100586,4700,1,0.3062499999999999,6793.040832519531,4700,1,0.3062499999999999,11780.298828125,4700,1,0.3062499999999999,45193.307708740234,4700,1,0.3062499999999999,37376.51629638672,4700,1,0.3062499999999999,46562.820571899414,4700,1,0.3062499999999999,28790.387817382813,4700,1,0.3062499999999999,7267.202011108398,4700,1,0.3062499999999999,7156.08723449707,4700,1,0.3062499999999999,6747.494369506836,4700,1,0.3062499999999999,6963.835113525391,4700,1,0.3062499999999999,4733.228363037109,3007,3007,3007,3007,3007,3007,3007,3007,3007,3007,3007,3007,4690,4691,3007,3007,3007,4690,3007,3007,3007,3007,3007,4690,89.47368621826172,10.526315689086914,0,0,33.333335876464844,21.052631378173828,21.052631378173828,18.18181800842285,40,22.22222328186035,0,0,17.647058486938477,0,0,0,0,15.789472579956055,22.22222328186035,100,0,0,0,0,66481098752,12884893696,1616248832,0
99,1780596503905,56721.60775756836,4700,1,0.3062499999999999,6930.245071411133,4700,1,0.3062499999999999,6793.043991088867,4700,1,0.3062499999999999,11780.557571411133,4700,1,0.3062499999999999,45193.6522064209,4700,1,0.3062499999999999,37376.946029663086,4700,1,0.3062499999999999,46563.20474243164,4700,1,0.3062499999999999,28791.079071044922,4700,1,0.3062499999999999,7267.205123901367,4700,1,0.3062499999999999,7156.090316772461,4700,1,0.3062499999999999,6747.497451782227,4700,1,0.3062499999999999,6963.838195800781,4700,1,0.3062499999999999,4738.993621826172,3007,3007,3007,3007,3007,3007,3007,3007,3007,3007,3007,3007,4690,4691,3007,3007,3007,4690,3007,3007,3007,3007,3007,4690,85,9.523809432983398,0,0,26.3157901763916,10.526315689086914,11.111111640930176,22.22222328186035,10,47.36842346191406,0,0,21.052631378173828,0,0,0,0,20,35,100,0,0,0,0,66481098752,12884893696,1616883712,0
99,1780596504005,56722.157470703125,4700,1,0.3062499999999999,6930.248153686523,4700,1,0.3062499999999999,6793.047073364258,4700,1,0.3062499999999999,11780.614685058594,4700,1,0.3062499999999999,45194.04377746582,4700,1,0.3062499999999999,37377.424575805664,4700,1,0.3062499999999999,46563.66639709473,4700,1,0.3062499999999999,28791.765914916992,4700,1,0.3062499999999999,7267.208297729492,4700,1,0.3062499999999999,7156.093399047852,4700,1,0.3062499999999999,6747.500534057617,4700,1,0.3062499999999999,6963.841278076172,4700,1,0.3062499999999999,4744.66259765625,3007,3007,3007,3007,3007,3007,3007,3007,3007,3007,3007,3007,4690,4691,3007,3007,3007,4690,3007,3007,3007,3007,3007,4690,85,9.523809432983398,0,0,26.3157901763916,10.526315689086914,11.111111640930176,22.22222328186035,10,47.36842346191406,0,0,21.052631378173828,0,0,0,0,20,35,100,0,0,0,0,66481098752,12884893696,1612611584,0
99,1780596504105,56722.70602416992,4700,1,0.3062499999999999,6930.251281738281,4700,1,0.3062499999999999,6793.050262451172,4700,1,0.3062499999999999,11780.745422363281,4700,1,0.3062499999999999,45194.50859069824,4700,1,0.3062499999999999,37377.895584106445,4700,1,0.3062499999999999,46564.07521057129,4700,1,0.3062499999999999,28792.450729370117,4700,1,0.3062499999999999,7267.211807250977,4700,1,0.3062499999999999,7156.096481323242,4700,1,0.3062499999999999,6747.503616333008,4700,1,0.3062499999999999,6963.8443603515625,4700,1,0.3062499999999999,4750.33154296875,3007,3007,3007,3007,3007,3007,3007,3007,3007,3007,3007,3007,4690,4691,3007,3007,3007,4690,3007,3007,3007,3007,3007,4690,83.33332824707031,5,0,0,19.047618865966797,0,33.333335876464844,30.000001907348633,23.52941131591797,54.54545593261719,0,0,16.666667938232422,0,0,0,0,31.57894515991211,15.789472579956055,100,0,0,0,0,66481098752,12884893696,1608163328,0
99,1780596504205,56723.28079223633,4700,1,0.3062499999999999,6930.254440307617,4700,1,0.3062499999999999,6793.053436279297,4700,1,0.3062499999999999,11781.07144165039,4700,1,0.3062499999999999,45194.961486816406,4700,1,0.3062499999999999,37378.12423706055,4700,1,0.3062499999999999,46564.45719909668,4700,1,0.3062499999999999,28793.136169433594,4700,1,0.3062499999999999,7267.214920043945,4700,1,0.3062499999999999,7156.099609375,4700,1,0.3062499999999999,6747.506698608398,4700,1,0.3062499999999999,6963.847442626953,4700,1,0.3062499999999999,4755.9991455078125,3007,3007,3007,3007,3007,3007,3007,3007,3007,3007,3007,3007,4690,4691,3007,3007,3007,4690,3007,3007,3007,3007,3007,4690,83.33332824707031,5,0,0,19.047618865966797,0,33.333335876464844,30.000001907348633,23.52941131591797,54.54545593261719,0,0,16.666667938232422,0,0,0,0,31.57894515991211,15.789472579956055,100,0,0,0,0,66481098752,12884893696,1616896000,0
99,1780596504305,56723.868408203125,4700,1,0.3062499999999999,6930.257598876953,4700,1,0.3062499999999999,6793.056838989258,4700,1,0.3062499999999999,11781.367797851563,4700,1,0.3062499999999999,45195.32669067383,4700,1,0.3062499999999999,37378.40475463867,4700,1,0.3062499999999999,46564.92660522461,4700,1,0.3062499999999999,28793.832580566406,4700,1,0.3062499999999999,7267.218032836914,4700,1,0.3062499999999999,7156.102722167969,4700,1,0.3062499999999999,6747.509780883789,4700,1,0.3062499999999999,6963.850524902344,4700,1,0.3062499999999999,4761.669052124023,3007,3007,3007,3007,3007,3007,3007,3007,3007,3007,3007,3007,4690,4691,3007,3007,3007,4690,3007,3007,3007,3007,3007,4690,88.8888931274414,9.523809432983398,0,0,16.666667938232422,15.789472579956055,15.789472579956055,25,22.22222328186035,52.6315803527832,0,0,21.052631378173828,0,0,0,0,0,15.789472579956055,100,0,0,0,0,66481098752,12884893696,1613754368,0
99,1780596504405,56724.49671936035,4700,1,0.30000000000000004,6930.260711669922,4700,1,0.30000000000000004,6793.059951782227,4700,1,0.30000000000000004,11781.660385131836,4700,1,0.30000000000000004,45195.6559753418,4700,1,0.30000000000000004,37378.805892944336,4700,1,0.30000000000000004,46565.3537902832,4700,1,0.30000000000000004,28794.520095825195,4700,1,0.30000000000000004,7267.221145629883,4700,1,0.30000000000000004,7156.105804443359,4700,1,0.30000000000000004,6747.512832641602,4700,1,0.30000000000000004,6963.853576660156,4700,1,0.30000000000000004,4767.284652709961,3007,3007,3007,3007,3007,3007,3007,3007,3007,3007,3007,3007,4690,4691,3007,3007,3007,4690,3007,3007,3007,3007,3007,4690,88.8888931274414,9.523809432983398,0,0,16.666667938232422,15.789472579956055,15.789472579956055,25,22.22222328186035,52.6315803527832,0,0,21.052631378173828,0,0,0,0,0,15.789472579956055,100,0,0,0,0,66481098752,12884893696,1615425536,0
99,1780596504505,56725.06774902344,4700,1,0.3062499999999999,6930.263809204102,4700,1,0.3062499999999999,6793.063171386719,4700,1,0.3062499999999999,11781.974624633789,4700,1,0.3062499999999999,45196.118225097656,4700,1,0.3062499999999999,37379.11389160156,4700,1,0.3062499999999999,46565.766998291016,4700,1,0.3062499999999999,28795.195083618164,4700,1,0.3062499999999999,7267.224227905273,4700,1,0.3062499999999999,7156.108917236328,4700,1,0.3062499999999999,6747.515914916992,4700,1,0.3062499999999999,6963.856658935547,4700,1,0.3062499999999999,4773.026138305664,3007,3007,3007,3007,3007,3007,3007,3007,3007,3007,3007,3007,4690,4691,3007,3007,3007,4690,3007,3007,3007,3007,3007,4690,84.21052551269531,10,0,0,22.22222328186035,15.789472579956055,11.111111640930176,10.526315689086914,23.52941131591797,44.4444465637207,0,0,26.3157901763916,0,0,0,0,28.571430206298828,10.526315689086914,100,0,0,0,0,66481098752,12884893696,1618968576,0
99,1780596504605,56725.66337585449,4700,1,0.3062499999999999,6930.266891479492,4700,1,0.3062499999999999,6793.066253662109,4700,1,0.3062499999999999,11782.210556030273,4700,1,0.3062499999999999,45196.59944152832,4700,1,0.3062499999999999,37379.49281311035,4700,1,0.3062499999999999,46566.11799621582,4700,1,0.3062499999999999,28795.876098632813,4700,1,0.3062499999999999,7267.227310180664,4700,1,0.3062499999999999,7156.111999511719,4700,1,0.3062499999999999,6747.518997192383,4700,1,0.3062499999999999,6963.8597412109375,4700,1,0.3062499999999999,4778.743057250977,3007,3007,3007,3007,3007,3007,3007,3007,3007,3007,3007,3007,4690,4691,3007,3007,3007,4690,3007,3007,3007,3007,3007,4690,84.21052551269531,10,0,0,22.22222328186035,15.789472579956055,11.111111640930176,10.526315689086914,23.52941131591797,44.4444465637207,0,0,26.3157901763916,0,0,0,0,28.571430206298828,10.526315689086914,100,0,0,0,0,66481098752,12884893696,1616912384,0
99,1780596504705,56726.2696685791,4700,1,0.3062499999999999,6930.27165222168,4700,1,0.3062499999999999,6793.069473266602,4700,1,0.3062499999999999,11782.419494628906,4700,1,0.3062499999999999,45197.06985473633,4700,1,0.3062499999999999,37379.800369262695,4700,1,0.3062499999999999,46566.54409790039,4700,1,0.3062499999999999,28796.564056396484,4700,1,0.3062499999999999,7267.230453491211,4700,1,0.3062499999999999,7156.115081787109,4700,1,0.3062499999999999,6747.522079467773,4700,1,0.3062499999999999,6963.862823486328,4700,1,0.3062499999999999,4784.484710693359,3007,3007,3007,3007,3007,3007,3007,3007,3007,3007,3007,3007,4690,4691,3007,3007,3007,4690,3007,3007,3007,3007,3007,4690,88.8888931274414,5,0,0,22.22222328186035,10.526315689086914,23.52941131591797,9.523809432983398,27.77777862548828,44.4444465637207,0,0,35,0,0,0,0,22.22222328186035,10.526315689086914,100,0,0,0,0,66481098752,12884893696,1615118336,0
99,1780596504805,56726.84307861328,4700,1,0.3062499999999999,6930.27473449707,4700,1,0.3062499999999999,6793.072555541992,4700,1,0.3062499999999999,11782.446975708008,4700,1,0.3062499999999999,45197.572692871094,4700,1,0.3062499999999999,37380.17100524902,4700,1,0.3062499999999999,46567.04911804199,4700,1,0.3062499999999999,28797.250885009766,4700,1,0.3062499999999999,7267.233978271484,4700,1,0.3062499999999999,7156.1181640625,4700,1,0.3062499999999999,6747.525161743164,4700,1,0.3062499999999999,6963.865905761719,4700,1,0.3062499999999999,4790.110946655273,3007,3007,3007,3007,3007,3007,3007,3007,3007,3007,3007,3007,4690,4691,3007,3007,3007,4690,3007,3007,3007,3007,3007,4690,88.8888931274414,5,0,0,22.22222328186035,10.526315689086914,23.52941131591797,9.523809432983398,27.77777862548828,44.4444465637207,0,0,35,0,0,0,0,22.22222328186035,10.526315689086914,100,0,0,0,0,66481098752,12884893696,1615724544,0
99,1780596504905,56727.36357116699,4700,1,0.3062499999999999,6930.277893066406,4700,1,0.3062499999999999,6793.075866699219,4700,1,0.3062499999999999,11782.731048583984,4700,1,0.3062499999999999,45197.96243286133,4700,1,0.3062499999999999,37380.61819458008,4700,1,0.3062499999999999,46567.50402832031,4700,1,0.3062499999999999,28797.944885253906,4700,1,0.3062499999999999,7267.2373046875,4700,1,0.3062499999999999,7156.121276855469,4700,1,0.3062499999999999,6747.528244018555,4700,1,0.3062499999999999,6963.868988037109,4700,1,0.3062499999999999,4795.815612792969,3007,3007,3007,3007,3007,3007,3007,3007,3007,3007,3007,3007,4690,4691,3007,3007,3007,4690,3007,3007,3007,3007,3007,4690,82.35294342041016,0,0,0,14.285715103149414,14.285715103149414,11.111111640930176,5.555555820465088,26.3157901763916,50,0,0,25,0,0,0,0,16.666667938232422,38.095237731933594,100,0,0,0,0,66481098752,12884893696,1620828160,0
99,1780596505006,56727.92175292969,4700,1,0.30000000000000004,6930.28108215332,4700,1,0.30000000000000004,6793.078948974609,4700,1,0.30000000000000004,11782.826278686523,4700,1,0.30000000000000004,45198.4147644043,4700,1,0.30000000000000004,37381.07553100586,4700,1,0.30000000000000004,46567.89488220215,4700,1,0.30000000000000004,28798.628005981445,4700,1,0.30000000000000004,7267.2403564453125,4700,1,0.30000000000000004,7156.124359130859,4700,1,0.30000000000000004,6747.531326293945,4700,1,0.30000000000000004,6963.8720703125,4700,1,0.30000000000000004,4801.521347045898,3007,3007,3007,3007,3007,3007,3007,3007,3007,3007,3007,3007,4690,4691,3007,3007,3007,4690,3007,3007,3007,3007,3007,4690,82.35294342041016,0,0,0,14.285715103149414,14.285715103149414,11.111111640930176,5.555555820465088,26.3157901763916,50,0,0,25,0,0,0,0,16.666667938232422,38.095237731933594,100,0,0,0,0,66481098752,12884893696,1614843904,0
99,1780596505105,56728.54780578613,4700,1,0.3062499999999999,6930.284133911133,4700,1,0.3062499999999999,6793.082000732422,4700,1,0.3062499999999999,11783.198181152344,4700,1,0.3062499999999999,45198.874420166016,4700,1,0.3062499999999999,37381.3475189209,4700,1,0.3062499999999999,46568.26852416992,4700,1,0.3062499999999999,28799.319747924805,4700,1,0.3062499999999999,7267.243438720703,4700,1,0.3062499999999999,7156.127410888672,4700,1,0.3062499999999999,6747.534378051758,4700,1,0.3062499999999999,6963.8751220703125,4700,1,0.3062499999999999,4807.121124267578,3007,3007,3007,3007,3007,3007,3007,3007,3007,3007,3007,3007,4690,4691,3007,3007,3007,4690,3007,3007,3007,3007,3007,4690,82.35294342041016,5.263157844543457,0,0,26.3157901763916,10.526315689086914,33.333335876464844,21.052631378173828,5.882352828979492,47.36842346191406,0,0,26.3157901763916,0,0,0,0,22.72727394104004,21.052631378173828,100,0,0,0,0,66481098752,12884893696,1613307904,0
99,1780596505206,56729.15855407715,4700,1,0.3062499999999999,6930.287292480469,4700,1,0.3062499999999999,6793.085159301758,4700,1,0.3062499999999999,11783.58544921875,4700,1,0.3062499999999999,45199.29365539551,4700,1,0.3062499999999999,37381.553482055664,4700,1,0.3062499999999999,46568.64059448242,4700,1,0.3062499999999999,28800.009048461914,4700,1,0.3062499999999999,7267.246643066406,4700,1,0.3062499999999999,7156.1304931640625,4700,1,0.3062499999999999,6747.537460327148,4700,1,0.3062499999999999,6963.878204345703,4700,1,0.3062499999999999,4812.816650390625,3007,3007,3007,3007,3007,3007,3007,3007,3007,3007,3007,3007,4690,4691,3007,3007,3007,4690,3007,3007,3007,3007,3007,4690,82.35294342041016,5.263157844543457,0,0,26.3157901763916,10.526315689086914,33.333335876464844,21.052631378173828,5.882352828979492,47.36842346191406,0,0,26.3157901763916,0,0,0,0,22.72727394104004,21.052631378173828,100,0,0,0,0,66481098752,12884893696,1612464128,0
99,1780596505306,56729.78065490723,4700,1,0.3062499999999999,6930.290435791016,4700,1,0.3062499999999999,6793.088638305664,4700,1,0.3062499999999999,11783.757583618164,4700,1,0.3062499999999999,45199.71731567383,4700,1,0.3062499999999999,37381.91737365723,4700,1,0.3062499999999999,46569.06623840332,4700,1,0.3062499999999999,28800.688369750977,4700,1,0.3062499999999999,7267.249725341797,4700,1,0.3062499999999999,7156.133636474609,4700,1,0.3062499999999999,6747.540542602539,4700,1,0.3062499999999999,6963.881286621094,4700,1,0.3062499999999999,4818.464797973633,3007,3007,3007,3007,3007,3007,3007,3007,3007,3007,3007,3007,4690,4691,3007,3007,3007,4690,3007,3007,3007,3007,3007,4690,88.8888931274414,5.263157844543457,0,0,27.77777862548828,15.000000953674316,21.052631378173828,28.571430206298828,14.285715103149414,44.4444465637207,0,0,22.22222328186035,0,0,0,0,0,23.52941131591797,100,0,0,0,0,66481098752,12884893696,1620529152,0
99,1780596505406,56730.37269592285,4700,1,0.3062499999999999,6930.293594360352,4700,1,0.3062499999999999,6793.091781616211,4700,1,0.3062499999999999,11784.076080322266,4700,1,0.3062499999999999,45200.17077636719,4700,1,0.3062499999999999,37382.13461303711,4700,1,0.3062499999999999,46569.48530578613,4700,1,0.3062499999999999,28801.38232421875,4700,1,0.3062499999999999,7267.252990722656,4700,1,0.3062499999999999,7156.13671875,4700,1,0.3062499999999999,6747.54362487793,4700,1,0.3062499999999999,6963.884368896484,4700,1,0.3062499999999999,4824.116973876953,3007,3007,3007,3007,3007,3007,3007,3007,3007,3007,3007,3007,4690,4691,3007,3007,3007,4690,3007,3007,3007,3007,3007,4690,88.8888931274414,5.263157844543457,0,0,27.77777862548828,15.000000953674316,21.052631378173828,28.571430206298828,14.285715103149414,44.4444465637207,0,0,22.22222328186035,0,0,0,0,0,23.52941131591797,100,0,0,0,0,66481098752,12884893696,1621397504,0
99,1780596505506,56730.93682861328,4700,1,0.3062499999999999,6930.296676635742,4700,1,0.3062499999999999,6793.094863891602,4700,1,0.3062499999999999,11784.34585571289,4700,1,0.3062499999999999,45200.60420227051,4700,1,0.3062499999999999,37382.459045410156,4700,1,0.3062499999999999,46569.912109375,4700,1,0.3062499999999999,28802.071243286133,4700,1,0.3062499999999999,7267.256072998047,4700,1,0.3062499999999999,7156.139801025391,4700,1,0.3062499999999999,6747.54670715332,4700,1,0.3062499999999999,6963.887451171875,4700,1,0.3062499999999999,4829.814422607422,3007,3007,3007,3007,3007,3007,3007,3007,3007,3007,3007,3007,4690,4691,3007,3007,3007,4690,3007,3007,3007,3007,3007,4690,85,5,0,0,16.666667938232422,21.052631378173828,23.52941131591797,11.764705657958984,20,50,0,0,31.81818199157715,0,0,0,0,0,30.000001907348633,100,0,0,0,0,66481098752,12884893696,1615872000,0
99,1780596505606,56731.559310913086,4700,1,0.30000000000000004,6930.299758911133,4700,1,0.30000000000000004,6793.097946166992,4700,1,0.30000000000000004,11784.548263549805,4700,1,0.30000000000000004,45201.06558227539,4700,1,0.30000000000000004,37382.86967468262,4700,1,0.30000000000000004,46570.28958129883,4700,1,0.30000000000000004,28802.75665283203,4700,1,0.30000000000000004,7267.259124755859,4700,1,0.30000000000000004,7156.142852783203,4700,1,0.30000000000000004,6747.549789428711,4700,1,0.30000000000000004,6963.890533447266,4700,1,0.30000000000000004,4835.526641845703,3007,3007,3007,3007,3007,3007,3007,3007,3007,3007,3007,3007,4690,4691,3007,3007,3007,4690,3007,3007,3007,3007,3007,4690,85,5,0,0,16.666667938232422,21.052631378173828,23.52941131591797,11.764705657958984,20,50,0,0,31.81818199157715,0,0,0,0,0,30.000001907348633,100,0,0,0,0,66481098752,12884893696,1612238848,0
99,1780596505706,56732.171813964844,4700,1,0.3062499999999999,6930.302932739258,4700,1,0.3062499999999999,6793.101333618164,4700,1,0.3062499999999999,11784.773681640625,4700,1,0.3062499999999999,45201.5265045166,4700,1,0.3062499999999999,37383.29246520996,4700,1,0.3062499999999999,46570.67886352539,4700,1,0.3062499999999999,28803.44659423828,4700,1,0.3062499999999999,7267.262359619141,4700,1,0.3062499999999999,7156.145935058594,4700,1,0.3062499999999999,6747.552871704102,4700,1,0.3062499999999999,6963.893615722656,4700,1,0.3062499999999999,4841.273651123047,3007,3007,3007,3007,3007,3007,3007,3007,3007,3007,3007,3007,4690,4691,3007,3007,3007,4690,3007,3007,3007,3007,3007,4690,87.5,0,0,0,38.095237731933594,14.285715103149414,30.000001907348633,16.666667938232422,0,41.17647171020508,0,0,22.22222328186035,0,0,0,0,15.789472579956055,33.333335876464844,100,0,0,0,0,66481098752,12884893696,1617195008,0
99,1780596505806,56732.770446777344,4700,1,0.3062499999999999,6930.30598449707,4700,1,0.3062499999999999,6793.104385375977,4700,1,0.3062499999999999,11784.943542480469,4700,1,0.3062499999999999,45201.95846557617,4700,1,0.3062499999999999,37383.67060852051,4700,1,0.3062499999999999,46571.10403442383,4700,1,0.3062499999999999,28804.137893676758,4700,1,0.3062499999999999,7267.265655517578,4700,1,0.3062499999999999,7156.149017333984,4700,1,0.3062499999999999,6747.555923461914,4700,1,0.3062499999999999,6963.896667480469,4700,1,0.3062499999999999,4846.9239501953125,3007,3007,3007,3007,3007,3007,3007,3007,3007,3007,3007,3007,4690,4691,3007,3007,3007,4690,3007,3007,3007,3007,3007,4690,87.5,0,0,0,38.095237731933594,14.285715103149414,30.000001907348633,16.666667938232422,0,41.17647171020508,0,0,22.22222328186035,0,0,0,0,15.789472579956055,33.333335876464844,100,0,0,0,0,66481098752,12884893696,1614200832,0
99,1780596505906,56733.37940979004,4700,1,0.3062499999999999,6930.309143066406,4700,1,0.3062499999999999,6793.1075439453125,4700,1,0.3062499999999999,11785.05305480957,4700,1,0.3062499999999999,45202.427795410156,4700,1,0.3062499999999999,37384.03450012207,4700,1,0.3062499999999999,46571.51672363281,4700,1,0.3062499999999999,28804.833862304688,4700,1,0.3062499999999999,7267.268844604492,4700,1,0.3062499999999999,7156.152130126953,4700,1,0.3062499999999999,6747.559005737305,4700,1,0.3062499999999999,6963.899749755859,4700,1,0.3062499999999999,4852.546432495117,3007,3007,3007,3007,3007,3007,3007,3007,3007,3007,3007,3007,4690,4691,3007,3007,3007,4690,3007,3007,3007,3007,3007,4690,83.33332824707031,0,0,0,22.22222328186035,0,22.22222328186035,0,23.809524536132813,50,0,0,27.77777862548828,0,0,0,0,29.411766052246094,31.57894515991211,100,0,0,0,0,66481098752,12884893696,1612165120,0
99,1780596506006,56733.99598693848,4700,1,0.3062499999999999,6930.312225341797,4700,1,0.3062499999999999,6793.110626220703,4700,1,0.3062499999999999,11785.113052368164,4700,1,0.3062499999999999,45202.874450683594,4700,1,0.3062499999999999,37384.40586853027,4700,1,0.3062499999999999,46571.961837768555,4700,1,0.3062499999999999,28805.517166137695,4700,1,0.3062499999999999,7267.271926879883,4700,1,0.3062499999999999,7156.155212402344,4700,1,0.3062499999999999,6747.562088012695,4700,1,0.3062499999999999,6963.90283203125,4700,1,0.3062499999999999,4858.18083190918,3007,3007,3007,3007,3007,3007,3007,3007,3007,3007,3007,3007,4690,4691,3007,3007,3007,4690,3007,3007,3007,3007,3007,4690,83.33332824707031,0,0,0,22.22222328186035,0,22.22222328186035,0,23.809524536132813,50,0,0,27.77777862548828,0,0,0,0,29.411766052246094,31.57894515991211,100,0,0,0,0,66481098752,12884893696,1611366400,0
99,1780596506106,56734.58673095703,4700,1,0.30000000000000004,6930.315338134766,4700,1,0.3062499999999999,6793.113876342773,4700,1,0.3062499999999999,11785.120025634766,4700,1,0.3062499999999999,45203.32359313965,4700,1,0.3062499999999999,37384.757385253906,4700,1,0.3062499999999999,46572.4494934082,4700,1,0.3062499999999999,28806.20816040039,4700,1,0.3062499999999999,7267.275009155273,4700,1,0.3062499999999999,7156.158294677734,4700,1,0.3062499999999999,6747.565170288086,4700,1,0.3062499999999999,6963.905914306641,4700,1,0.3062499999999999,4863.792510986328,3007,3007,3007,3007,3007,3007,3007,3007,3007,3007,3007,3007,4690,4691,3007,3007,3007,4690,3007,3007,3007,3007,3007,4690,88.23529815673828,0,0,0,22.22222328186035,0,30.000001907348633,14.285715103149414,17.647058486938477,41.17647171020508,0,0,16.666667938232422,0,0,0,0,16.666667938232422,17.647058486938477,100,0,0,0,0,66481098752,12884893696,1619464192,0
99,1780596506206,56735.1629486084,4700,1,0.3062499999999999,6930.3184814453125,4700,1,0.3062499999999999,6793.11701965332,4700,1,0.3062499999999999,11785.307144165039,4700,1,0.3062499999999999,45203.762756347656,4700,1,0.3062499999999999,37385.08728027344,4700,1,0.3062499999999999,46572.917877197266,4700,1,0.3062499999999999,28806.89093017578,4700,1,0.3062499999999999,7267.279891967773,4700,1,0.3062499999999999,7156.161468505859,4700,1,0.3062499999999999,6747.568252563477,4700,1,0.3062499999999999,6963.908996582031,4700,1,0.3062499999999999,4869.458282470703,3007,3007,3007,3007,3007,3007,3007,3007,3007,3007,3007,3007,4690,4691,3007,3007,3007,4690,3007,3007,3007,3007,3007,4690,88.23529815673828,0,0,0,22.22222328186035,0,30.000001907348633,14.285715103149414,17.647058486938477,41.17647171020508,0,0,16.666667938232422,0,0,0,0,16.666667938232422,17.647058486938477,100,0,0,0,0,66481098752,12884893696,1616027648,0
99,1780596506306,56735.77626037598,4700,1,0.30000000000000004,6930.321624755859,4700,1,0.30000000000000004,6793.12092590332,4700,1,0.30000000000000004,11785.562805175781,4700,1,0.30000000000000004,45204.22547912598,4700,1,0.30000000000000004,37385.44789123535,4700,1,0.30000000000000004,46573.3981628418,4700,1,0.30000000000000004,28807.503707885742,4700,1,0.30000000000000004,7267.283630371094,4700,1,0.30000000000000004,7156.164581298828,4700,1,0.30000000000000004,6747.571334838867,4700,1,0.30000000000000004,6963.912078857422,4700,1,0.30000000000000004,4875.26091003418,3007,3007,3007,3007,3007,3007,3007,3007,3007,3007,3007,3007,4690,4691,3007,3007,3007,4690,3007,3007,3007,3007,3007,4690,88.23529815673828,5,0,0,25,5.555555820465088,35,0,22.22222328186035,33.333335876464844,0,0,22.22222328186035,0,0,0,0,23.52941131591797,29.411766052246094,100,0,0,0,0,66481098752,12884893696,1610817536,0
99,1780596506406,56736.39457702637,4700,1,0.3062499999999999,6930.324737548828,4700,1,0.3062499999999999,6793.124069213867,4700,1,0.3062499999999999,11785.81086730957,4700,1,0.3062499999999999,45204.67642211914,4700,1,0.3062499999999999,37385.79722595215,4700,1,0.3062499999999999,46573.753021240234,4700,1,0.3062499999999999,28808.187408447266,4700,1,0.3062499999999999,7267.286712646484,4700,1,0.3062499999999999,7156.167678833008,4700,1,0.3062499999999999,6747.574401855469,4700,1,0.3062499999999999,6963.915130615234,4700,1,0.3062499999999999,4880.998291015625,3007,3007,3007,3007,3007,3007,3007,3007,3007,3007,3007,3007,4690,4691,3007,3007,3007,4690,3007,3007,3007,3007,3007,4690,88.23529815673828,5,0,0,25,5.555555820465088,35,0,22.22222328186035,33.333335876464844,0,0,22.22222328186035,0,0,0,0,23.52941131591797,29.411766052246094,100,0,0,0,0,66481098752,12884893696,1618673664,0
99,1780596506506,56736.97073364258,4700,1,0.30000000000000004,6930.327880859375,4700,1,0.30000000000000004,6793.1273193359375,4700,1,0.30000000000000004,11786.049224853516,4700,1,0.30000000000000004,45205.15008544922,4700,1,0.30000000000000004,37386.19497680664,4700,1,0.30000000000000004,46574.08708190918,4700,1,0.30000000000000004,28808.876068115234,4700,1,0.30000000000000004,7267.290176391602,4700,1,0.30000000000000004,7156.170822143555,4700,1,0.30000000000000004,6747.5775146484375,4700,1,0.30000000000000004,6963.918273925781,4700,1,0.30000000000000004,4886.687911987305,3007,3007,3007,3007,3007,3007,3007,3007,3007,3007,3007,3007,4690,4691,3007,3007,3007,4690,3007,3007,3007,3007,3007,4690,85.71428680419922,0,0,0,30.000001907348633,19.047618865966797,26.3157901763916,5.263157844543457,0,44.4444465637207,0,0,30.000001907348633,0,0,0,0,27.77777862548828,27.77777862548828,100,0,0,0,0,66481098752,12884893696,1616703488,0
99,1780596506606,56737.562744140625,4700,1,0.3062499999999999,6930.331008911133,4700,1,0.3062499999999999,6793.130416870117,4700,1,0.3062499999999999,11786.310119628906,4700,1,0.3062499999999999,45205.521408081055,4700,1,0.3062499999999999,37386.63914489746,4700,1,0.3062499999999999,46574.460693359375,4700,1,0.3062499999999999,28809.556198120117,4700,1,0.3062499999999999,7267.293365478516,4700,1,0.3062499999999999,7156.1739501953125,4700,1,0.3062499999999999,6747.580657958984,4700,1,0.3062499999999999,6963.921417236328,4700,1,0.3062499999999999,4892.295333862305,3007,3007,3007,3007,3007,3007,3007,3007,3007,3007,3007,3007,4690,4691,3007,3007,3007,4690,3007,3007,3007,3007,3007,4690,85.71428680419922,0,0,0,30.000001907348633,19.047618865966797,26.3157901763916,5.263157844543457,0,44.4444465637207,0,0,30.000001907348633,0,0,0,0,27.77777862548828,27.77777862548828,100,0,0,0,0,66481098752,12884893696,1615228928,0
99,1780596506706,56738.15147399902,4700,1,0.3062499999999999,6930.334167480469,4700,1,0.3062499999999999,6793.133651733398,4700,1,0.3062499999999999,11786.584014892578,4700,1,0.3062499999999999,45205.96278381348,4700,1,0.3062499999999999,37386.90670776367,4700,1,0.3062499999999999,46574.89906311035,4700,1,0.3062499999999999,28810.24334716797,4700,1,0.3062499999999999,7267.2965087890625,4700,1,0.3062499999999999,7156.177032470703,4700,1,0.3062499999999999,6747.583740234375,4700,1,0.3062499999999999,6963.924499511719,4700,1,0.3062499999999999,4897.9398193359375,3007,3007,3007,3007,3007,3007,3007,3007,3007,3007,3007,3007,4690,4691,3007,3007,3007,4690,3007,3007,3007,3007,3007,4690,88.23529815673828,0,0,0,21.052631378173828,6.25,22.22222328186035,15.789472579956055,5.263157844543457,52.38095474243164,0,0,21.052631378173828,0,0,0,0,20,38.095237731933594,100,0,0,0,0,66481098752,12884893696,1612828672,0
99,1780596506806,56738.744232177734,4700,1,0.3062499999999999,6930.337249755859,4700,1,0.3062499999999999,6793.136734008789,4700,1,0.3062499999999999,11786.731094360352,4700,1,0.3062499999999999,45206.3928527832,4700,1,0.3062499999999999,37387.29960632324,4700,1,0.3062499999999999,46575.29415893555,4700,1,0.3062499999999999,28810.939559936523,4700,1,0.3062499999999999,7267.299591064453,4700,1,0.3062499999999999,7156.180114746094,4700,1,0.3062499999999999,6747.586822509766,4700,1,0.3062499999999999,6963.927581787109,4700,1,0.3062499999999999,4903.54573059082,3007,3007,3007,3007,3007,3007,3007,3007,3007,3007,3007,3007,4690,4691,3007,3007,3007,4690,3007,3007,3007,3007,3007,4690,88.23529815673828,0,0,0,21.052631378173828,6.25,22.22222328186035,15.789472579956055,5.263157844543457,52.38095474243164,0,0,21.052631378173828,0,0,0,0,20,38.095237731933594,100,0,0,0,0,66481098752,12884893696,1616703488,0
99,1780596506906,56739.33874511719,4700,1,0.3062499999999999,6930.374725341797,4700,1,0.3062499999999999,6793.177429199219,4700,1,0.3062499999999999,11786.939041137695,4700,1,0.3062499999999999,45206.83837890625,4700,1,0.3062499999999999,37387.723892211914,4700,1,0.3062499999999999,46575.70135498047,4700,1,0.3062499999999999,28811.586624145508,4700,1,0.3062499999999999,7267.394561767578,4700,1,0.3062499999999999,7156.288986206055,4700,1,0.3062499999999999,6747.692245483398,4700,1,0.3062499999999999,6964.050979614258,4700,1,0.3062499999999999,4909.718551635742,3007,3007,3007,3007,3007,3007,3007,3007,3007,3007,3007,3007,4690,4691,3007,3007,3007,4690,3007,3007,3007,3007,3007,4690,84.21052551269531,9.523809432983398,0,0,26.3157901763916,10,26.3157901763916,20,16.666667938232422,31.25,0,0,25,0,0,0,0,26.3157901763916,11.764705657958984,100,0,10,0,10,66481098752,12884893696,1617293312,0
99,1780596507006,56739.96260070801,4700,1,0.30000000000000004,6930.3778076171875,4700,1,0.30000000000000004,6793.185348510742,4700,1,0.30000000000000004,11787.069610595703,4700,1,0.30000000000000004,45207.25857543945,4700,1,0.30000000000000004,37388.08073425293,4700,1,0.30000000000000004,46576.150314331055,4700,1,0.30000000000000004,28812.26222229004,4700,1,0.30000000000000004,7267.399765014648,4700,1,0.30000000000000004,7156.292068481445,4700,1,0.30000000000000004,6747.700500488281,4700,1,0.30000000000000004,6964.06201171875,4700,1,0.30000000000000004,4915.430862426758,3007,3007,3007,3007,3007,3007,3007,3007,3007,3007,3007,3007,4690,4691,3007,3007,3007,4690,3007,3007,3007,3007,3007,4690,84.21052551269531,9.523809432983398,0,0,26.3157901763916,10,26.3157901763916,20,16.666667938232422,31.25,0,0,25,0,0,0,0,26.3157901763916,11.764705657958984,100,0,10,0,10,66481098752,12884893696,1617391616,0
99,1780596507107,56740.573806762695,4700,1,0.3062499999999999,6930.380889892578,4700,1,0.3062499999999999,6793.192077636719,4700,1,0.3062499999999999,11787.386337280273,4700,1,0.3062499999999999,45207.640563964844,4700,1,0.3062499999999999,37388.41487121582,4700,1,0.3062499999999999,46576.57583618164,4700,1,0.3062499999999999,28812.95327758789,4700,1,0.3062499999999999,7267.403030395508,4700,1,0.3062499999999999,7156.295120239258,4700,1,0.3062499999999999,6747.703552246094,4700,1,0.3062499999999999,6964.0650634765625,4700,1,0.3062499999999999,4921.097091674805,3007,3007,3007,3007,3007,3007,3007,3007,3007,3007,3007,3007,4690,4691,3007,3007,3007,4690,3007,3007,3007,3007,3007,4690,89.47368621826172,0,0,0,31.57894515991211,10.526315689086914,21.052631378173828,5,25,47.36842346191406,0,0,16.666667938232422,0,0,0,0,26.3157901763916,30.000001907348633,100,0,0,0,0,66481098752,12884893696,1614098432,0
99,1780596507207,56741.165435791016,4700,1,0.3062499999999999,6930.384002685547,4700,1,0.3062499999999999,6793.1951904296875,4700,1,0.3062499999999999,11787.75308227539,4700,1,0.3062499999999999,45207.999572753906,4700,1,0.3062499999999999,37388.786544799805,4700,1,0.3062499999999999,46577.03300476074,4700,1,0.3062499999999999,28813.641815185547,4700,1,0.3062499999999999,7267.4061279296875,4700,1,0.3062499999999999,7156.298202514648,4700,1,0.3062499999999999,6747.706634521484,4700,1,0.3062499999999999,6964.068145751953,4700,1,0.3062499999999999,4926.76692199707,3007,3007,3007,3007,3007,3007,3007,3007,3007,3007,3007,3007,4690,4691,3007,3007,3007,4690,3007,3007,3007,3007,3007,4690,89.47368621826172,0,0,0,31.57894515991211,10.526315689086914,21.052631378173828,5,25,47.36842346191406,0,0,16.666667938232422,0,0,0,0,26.3157901763916,30.000001907348633,100,0,0,0,0,66481098752,12884893696,1615745024,0
99,1780596507307,56741.786529541016,4700,1,0.3062499999999999,6930.387130737305,4700,1,0.3062499999999999,6793.198684692383,4700,1,0.3062499999999999,11788.107208251953,4700,1,0.3062499999999999,45208.42268371582,4700,1,0.3062499999999999,37388.92590332031,4700,1,0.3062499999999999,46577.4988861084,4700,1,0.3062499999999999,28814.3291015625,4700,1,0.3062499999999999,7267.409210205078,4700,1,0.3062499999999999,7156.301376342773,4700,1,0.3062499999999999,6747.709716796875,4700,1,0.3062499999999999,6964.071228027344,4700,1,0.3062499999999999,4932.392807006836,3007,3007,3007,3007,3007,3007,3007,3007,3007,3007,3007,3007,4690,4691,3007,3007,3007,4690,3007,3007,3007,3007,3007,4690,90.47618865966797,5.263157844543457,0,0,30.000001907348633,26.3157901763916,17.647058486938477,5.263157844543457,30.000001907348633,47.05882263183594,0,0,10.526315689086914,0,0,0,0,10,30.000001907348633,100,0,0,0,0,66481098752,12884893696,1616130048,0
99,1780596507407,56742.348388671875,4700,1,0.3062499999999999,6930.390319824219,4700,1,0.3062499999999999,6793.201843261719,4700,1,0.3062499999999999,11788.447647094727,4700,1,0.3062499999999999,45208.81602478027,4700,1,0.3062499999999999,37389.218978881836,4700,1,0.3062499999999999,46577.932525634766,4700,1,0.3062499999999999,28815.018951416016,4700,1,0.3062499999999999,7267.412292480469,4700,1,0.3062499999999999,7156.304458618164,4700,1,0.3062499999999999,6747.712799072266,4700,1,0.3062499999999999,6964.074401855469,4700,1,0.3062499999999999,4938.071838378906,3007,3007,3007,3007,3007,3007,3007,3007,3007,3007,3007,3007,4690,4691,3007,3007,3007,4690,3007,3007,3007,3007,3007,4690,90.47618865966797,5.263157844543457,0,0,30.000001907348633,26.3157901763916,17.647058486938477,5.263157844543457,30.000001907348633,47.05882263183594,0,0,10.526315689086914,0,0,0,0,10,30.000001907348633,100,0,0,0,0,66481098752,12884893696,1614168064,0
99,1780596507507,56742.88203430176,4700,1,0.30000000000000004,6930.396255493164,4700,1,0.30000000000000004,6793.204925537109,4700,1,0.30000000000000004,11788.60530090332,4700,1,0.30000000000000004,45209.2985534668,4700,1,0.30000000000000004,37389.58723449707,4700,1,0.30000000000000004,46578.390548706055,4700,1,0.30000000000000004,28815.703414916992,4700,1,0.30000000000000004,7267.415374755859,4700,1,0.30000000000000004,7156.307540893555,4700,1,0.30000000000000004,6747.715881347656,4700,1,0.30000000000000004,6964.077484130859,4700,1,0.30000000000000004,4943.76921081543,3007,3007,3007,3007,3007,3007,3007,3007,3007,3007,3007,3007,4690,4691,3007,3007,3007,4690,3007,3007,3007,3007,3007,4690,84.21052551269531,0,0,0,15.000000953674316,11.111111640930176,26.3157901763916,16.666667938232422,35,44.4444465637207,0,0,16.666667938232422,0,0,0,0,10,22.22222328186035,100,0,0,0,0,66481098752,12884893696,1619329024,0
99,1780596507607,56743.46954345703,4700,1,0.3062499999999999,6930.399337768555,4700,1,0.3062499999999999,6793.2080078125,4700,1,0.3062499999999999,11788.825119018555,4700,1,0.3062499999999999,45209.69676208496,4700,1,0.3062499999999999,37389.93070983887,4700,1,0.3062499999999999,46578.8674621582,4700,1,0.3062499999999999,28816.392364501953,4700,1,0.3062499999999999,7267.41845703125,4700,1,0.3062499999999999,7156.310623168945,4700,1,0.3062499999999999,6747.718963623047,4700,1,0.3062499999999999,6964.08056640625,4700,1,0.3062499999999999,4949.45703125,3007,3007,3007,3007,3007,3007,3007,3007,3007,3007,3007,3007,4690,4691,3007,3007,3007,4690,3007,3007,3007,3007,3007,4690,84.21052551269531,0,0,0,15.000000953674316,11.111111640930176,26.3157901763916,16.666667938232422,35,44.4444465637207,0,0,16.666667938232422,0,0,0,0,10,22.22222328186035,100,0,0,0,0,66481098752,12884893696,1618948096,0
99,1780596507707,56744.045959472656,4700,1,0.30000000000000004,6930.40251159668,4700,1,0.3062499999999999,6793.211685180664,4700,1,0.3062499999999999,11789.163146972656,4700,1,0.30000000000000004,45210.12643432617,4700,1,0.30000000000000004,37390.08558654785,4700,1,0.30000000000000004,46579.359451293945,4700,1,0.30000000000000004,28817.07354736328,4700,1,0.30000000000000004,7267.421783447266,4700,1,0.30000000000000004,7156.313735961914,4700,1,0.3062499999999999,6747.7220458984375,4700,1,0.3062499999999999,6964.083648681641,4700,1,0.3062499999999999,4955.127105712891,3007,3007,3007,3007,3007,3007,3007,3007,3007,3007,3007,3007,4690,4691,3007,3007,3007,4690,3007,3007,3007,3007,3007,4690,85.71428680419922,15.789472579956055,0,0,16.666667938232422,5,17.647058486938477,18.18181800842285,35,47.36842346191406,0,0,25,0,0,0,0,5.263157844543457,30.000001907348633,100,0,0,0,0,66481098752,12884893696,1615990784,0
99,1780596507807,56744.637924194336,4700,1,0.3062499999999999,6930.40559387207,4700,1,0.3062499999999999,6793.214767456055,4700,1,0.3062499999999999,11789.4619140625,4700,1,0.3062499999999999,45210.56481933594,4700,1,0.3062499999999999,37390.4521484375,4700,1,0.3062499999999999,46579.69140625,4700,1,0.3062499999999999,28817.767486572266,4700,1,0.3062499999999999,7267.425109863281,4700,1,0.3062499999999999,7156.316818237305,4700,1,0.3062499999999999,6747.725128173828,4700,1,0.3062499999999999,6964.086730957031,4700,1,0.3062499999999999,4960.794616699219,3007,3007,3007,3007,3007,3007,3007,3007,3007,3007,3007,3007,4690,4691,3007,3007,3007,4690,3007,3007,3007,3007,3007,4690,85.71428680419922,15.789472579956055,0,0,16.666667938232422,5,17.647058486938477,18.18181800842285,35,47.36842346191406,0,0,25,0,0,0,0,5.263157844543457,30.000001907348633,100,0,0,0,0,66481098752,12884893696,1616138240,0
99,1780596507907,56745.20520019531,4700,1,0.3062499999999999,6930.456939697266,4700,1,0.3062499999999999,6793.252136230469,4700,1,0.3062499999999999,11789.705062866211,4700,1,0.3062499999999999,45210.89903259277,4700,1,0.3062499999999999,37390.84846496582,4700,1,0.3062499999999999,46580.086486816406,4700,1,0.3062499999999999,28818.36167907715,4700,1,0.3062499999999999,7267.458023071289,4700,1,0.3062499999999999,7156.34130859375,4700,1,0.3062499999999999,6747.754013061523,4700,1,0.3062499999999999,6964.11116027832,4700,1,0.3062499999999999,4966.5067138671875,3007,3007,3007,3007,3007,3007,3007,3007,3007,3007,3007,3007,4690,4691,3007,3007,3007,4690,3007,3007,3007,3007,3007,4690,89.47368621826172,11.764705657958984,0,4.761904716491699,20,5.263157844543457,21.052631378173828,5.555555820465088,20,38.88888931274414,0,0,15.789472579956055,4.761904716491699,0,0,0,22.22222328186035,25,94.73684692382813,0,0,0,0,66481098752,12884893696,1624371200,0
99,1780596508007,56745.83512878418,4700,1,0.3062499999999999,6930.463714599609,4700,1,0.3062499999999999,6793.2601318359375,4700,1,0.3062499999999999,11790.111083984375,4700,1,0.3062499999999999,45211.25323486328,4700,1,0.3062499999999999,37391.250747680664,4700,1,0.3062499999999999,46580.42288208008,4700,1,0.3062499999999999,28819.04669189453,4700,1,0.3062499999999999,7267.473205566406,4700,1,0.3062499999999999,7156.345169067383,4700,1,0.3062499999999999,6747.75798034668,4700,1,0.3062499999999999,6964.115051269531,4700,1,0.3062499999999999,4972.167663574219,3007,3007,3007,3007,3007,3007,3007,3007,3007,3007,3007,3007,4690,4691,3007,3007,3007,4690,3007,3007,3007,3007,3007,4690,89.47368621826172,11.764705657958984,0,4.761904716491699,20,5.263157844543457,21.052631378173828,5.555555820465088,20,38.88888931274414,0,0,15.789472579956055,4.761904716491699,0,0,0,22.22222328186035,25,94.73684692382813,0,0,0,0,66481098752,12884893696,1619836928,0
99,1780596508107,56746.4444732666,4700,1,0.3062499999999999,6930.466873168945,4700,1,0.3062499999999999,6793.263214111328,4700,1,0.3062499999999999,11790.417419433594,4700,1,0.3062499999999999,45211.6259765625,4700,1,0.3062499999999999,37391.68339538574,4700,1,0.3062499999999999,46580.826232910156,4700,1,0.3062499999999999,28819.733016967773,4700,1,0.3062499999999999,7267.476867675781,4700,1,0.3062499999999999,7156.348251342773,4700,1,0.3062499999999999,6747.761566162109,4700,1,0.3062499999999999,6964.118133544922,4700,1,0.3062499999999999,4977.917892456055,3007,3007,3007,3007,3007,3007,3007,3007,3007,3007,3007,3007,4690,4691,3007,3007,3007,4690,3007,3007,3007,3007,3007,4690,88.8888931274414,14.285715103149414,0,0,27.77777862548828,16.666667938232422,10.526315689086914,20,22.22222328186035,41.17647171020508,0,0,10.526315689086914,0,0,0,0,26.3157901763916,14.285715103149414,100,0,0,0,0,66481098752,12884893696,1615835136,0
99,1780596508207,56747.04753112793,4700,1,0.3062499999999999,6930.470016479492,4700,1,0.3062499999999999,6793.266296386719,4700,1,0.3062499999999999,11790.516799926758,4700,1,0.3062499999999999,45211.96597290039,4700,1,0.3062499999999999,37392.13960266113,4700,1,0.3062499999999999,46581.255615234375,4700,1,0.3062499999999999,28820.428741455078,4700,1,0.3062499999999999,7267.480041503906,4700,1,0.3062499999999999,7156.351333618164,4700,1,0.3062499999999999,6747.7646484375,4700,1,0.3062499999999999,6964.1212158203125,4700,1,0.3062499999999999,4983.550338745117,3007,3007,3007,3007,3007,3007,3007,3007,3007,3007,3007,3007,4690,4691,3007,3007,3007,4690,3007,3007,3007,3007,3007,4690,88.8888931274414,14.285715103149414,0,0,27.77777862548828,16.666667938232422,10.526315689086914,20,22.22222328186035,41.17647171020508,0,0,10.526315689086914,0,0,0,0,26.3157901763916,14.285715103149414,100,0,0,0,0,66481098752,12884893696,1616351232,0
99,1780596508307,56747.63845825195,4700,1,0.3062499999999999,6930.473098754883,4700,1,0.3062499999999999,6793.2801513671875,4700,1,0.3062499999999999,11790.828308105469,4700,1,0.3062499999999999,45212.32035827637,4700,1,0.3062499999999999,37392.48905944824,4700,1,0.3062499999999999,46581.70024108887,4700,1,0.3062499999999999,28821.116943359375,4700,1,0.3062499999999999,7267.483184814453,4700,1,0.3062499999999999,7156.354415893555,4700,1,0.3062499999999999,6747.767730712891,4700,1,0.3062499999999999,6964.124298095703,4700,1,0.3062499999999999,4989.311706542969,3007,3007,3007,3007,3007,3007,3007,3007,3007,3007,3007,3007,4690,4691,3007,3007,3007,4690,3007,3007,3007,3007,3007,4690,89.47368621826172,5.882352828979492,0,0,26.3157901763916,0,38.095237731933594,11.764705657958984,30.000001907348633,50,0,0,0,0,0,0,0,15.789472579956055,22.22222328186035,100,0,0,0,0,66481098752,12884893696,1615048704,0
99,1780596508407,56748.234375,4700,1,0.3062499999999999,6930.47624206543,4700,1,0.3062499999999999,6793.289337158203,4700,1,0.3062499999999999,11791.132293701172,4700,1,0.3062499999999999,45212.65766906738,4700,1,0.3062499999999999,37392.86424255371,4700,1,0.3062499999999999,46582.10707092285,4700,1,0.3062499999999999,28821.811569213867,4700,1,0.3062499999999999,7267.486419677734,4700,1,0.3062499999999999,7156.357498168945,4700,1,0.3062499999999999,6747.770812988281,4700,1,0.3062499999999999,6964.127380371094,4700,1,0.3062499999999999,4994.983596801758,3007,3007,3007,3007,3007,3007,3007,3007,3007,3007,3007,3007,4690,4691,3007,3007,3007,4690,3007,3007,3007,3007,3007,4690,89.47368621826172,5.882352828979492,0,0,26.3157901763916,0,38.095237731933594,11.764705657958984,30.000001907348633,50,0,0,0,0,0,0,0,15.789472579956055,22.22222328186035,100,0,0,0,0,66481098752,12884893696,1617973248,0
99,1780596508507,56748.809143066406,4700,1,0.30000000000000004,6930.47932434082,4700,1,0.3062499999999999,6793.292419433594,4700,1,0.3062499999999999,11791.259887695313,4700,1,0.30000000000000004,45213.11845397949,4700,1,0.30000000000000004,37393.23681640625,4700,1,0.30000000000000004,46582.56555175781,4700,1,0.30000000000000004,28822.500579833984,4700,1,0.30000000000000004,7267.489562988281,4700,1,0.30000000000000004,7156.360580444336,4700,1,0.30000000000000004,6747.773895263672,4700,1,0.30000000000000004,6964.130462646484,4700,1,0.30000000000000004,5000.665496826172,3007,3007,3007,3007,3007,3007,3007,3007,3007,3007,3007,3007,4690,4691,3007,3007,3007,4690,3007,3007,3007,3007,3007,4690,83.33332824707031,13.636363983154297,0,0,25,10,27.77777862548828,21.052631378173828,16.666667938232422,44.4444465637207,0,0,10.526315689086914,0,0,0,0,23.809524536132813,16.666667938232422,100,0,0,0,0,66481098752,12884893696,1614360576,0
99,1780596508607,56749.423919677734,4700,1,0.30000000000000004,6930.482376098633,4700,1,0.30000000000000004,6793.295501708984,4700,1,0.30000000000000004,11791.526123046875,4700,1,0.30000000000000004,45213.51811218262,4700,1,0.30000000000000004,37393.56970214844,4700,1,0.30000000000000004,46582.97456359863,4700,1,0.30000000000000004,28823.177658081055,4700,1,0.30000000000000004,7267.492706298828,4700,1,0.30000000000000004,7156.363632202148,4700,1,0.30000000000000004,6747.776947021484,4700,1,0.30000000000000004,6964.133514404297,4700,1,0.30000000000000004,5006.377746582031,3007,3007,3007,3007,3007,3007,3007,3007,3007,3007,3007,3007,4690,4691,3007,3007,3007,4690,3007,3007,3007,3007,3007,4690,83.33332824707031,13.636363983154297,0,0,25,10,27.77777862548828,21.052631378173828,16.666667938232422,44.4444465637207,0,0,10.526315689086914,0,0,0,0,23.809524536132813,16.666667938232422,100,0,0,0,0,66481098752,12884893696,1622450176,0
99,1780596508707,56750.009201049805,4700,1,0.30000000000000004,6930.485565185547,4700,1,0.30000000000000004,6793.298583984375,4700,1,0.30000000000000004,11791.842651367188,4700,1,0.30000000000000004,45213.91435241699,4700,1,0.30000000000000004,37393.936447143555,4700,1,0.30000000000000004,46583.41635131836,4700,1,0.30000000000000004,28823.85935974121,4700,1,0.30000000000000004,7267.496063232422,4700,1,0.30000000000000004,7156.366714477539,4700,1,0.30000000000000004,6747.780059814453,4700,1,0.30000000000000004,6964.136657714844,4700,1,0.30000000000000004,5012.100997924805,3007,3007,3007,3007,3007,3007,3007,3007,3007,3007,3007,3007,4690,4691,3007,3007,3007,4690,3007,3007,3007,3007,3007,4690,86.66666412353516,10,0,0,26.3157901763916,15.000000953674316,25,0,26.3157901763916,41.17647171020508,0,0,11.111111640930176,0,0,0,0,30.000001907348633,16.666667938232422,100,0,0,0,0,66481098752,12884893696,1618673664,0
99,1780596508807,56750.609130859375,4700,1,0.3062499999999999,6930.4886474609375,4700,1,0.3062499999999999,6793.305755615234,4700,1,0.3062499999999999,11792.168518066406,4700,1,0.3062499999999999,45214.30010986328,4700,1,0.3062499999999999,37394.33348083496,4700,1,0.3062499999999999,46583.7938079834,4700,1,0.3062499999999999,28824.55387878418,4700,1,0.3062499999999999,7267.499206542969,4700,1,0.3062499999999999,7156.369903564453,4700,1,0.3062499999999999,6747.783142089844,4700,1,0.3062499999999999,6964.139739990234,4700,1,0.3062499999999999,5017.84326171875,3007,3007,3007,3007,3007,3007,3007,3007,3007,3007,3007,3007,4690,4691,3007,3007,3007,4690,3007,3007,3007,3007,3007,4690,86.66666412353516,10,0,0,26.3157901763916,15.000000953674316,25,0,26.3157901763916,41.17647171020508,0,0,11.111111640930176,0,0,0,0,30.000001907348633,16.666667938232422,100,0,0,0,0,66481098752,12884893696,1612791808,0
99,1780596508908,56751.199157714844,4700,1,0.3062499999999999,6930.491806030273,4700,1,0.3062499999999999,6793.308837890625,4700,1,0.3062499999999999,11792.425994873047,4700,1,0.3062499999999999,45214.747467041016,4700,1,0.3062499999999999,37394.73419189453,4700,1,0.3062499999999999,46584.18103027344,4700,1,0.3062499999999999,28825.24932861328,4700,1,0.3062499999999999,7267.502456665039,4700,1,0.3062499999999999,7156.373046875,4700,1,0.3062499999999999,6747.786224365234,4700,1,0.3062499999999999,6964.142822265625,4700,1,0.3062499999999999,5023.533340454102,3007,3007,3007,3007,3007,3007,3007,3007,3007,3007,3007,3007,4690,4691,3007,3007,3007,4690,3007,3007,3007,3007,3007,4690,83.33332824707031,5.263157844543457,0,0,11.764705657958984,15.789472579956055,31.57894515991211,17.647058486938477,9.523809432983398,47.05882263183594,0,0,15.789472579956055,0,0,0,0,15.789472579956055,22.22222328186035,100,0,0,0,0,66481098752,12884893696,1611489280,0
99,1780596509008,56751.817153930664,4700,1,0.3062499999999999,6930.494888305664,4700,1,0.3062499999999999,6793.311920166016,4700,1,0.3062499999999999,11792.686309814453,4700,1,0.3062499999999999,45215.22204589844,4700,1,0.3062499999999999,37394.90998840332,4700,1,0.3062499999999999,46584.64895629883,4700,1,0.3062499999999999,28825.937698364258,4700,1,0.3062499999999999,7267.505569458008,4700,1,0.3062499999999999,7156.376129150391,4700,1,0.3062499999999999,6747.789306640625,4700,1,0.3062499999999999,6964.145904541016,4700,1,0.3062499999999999,5029.181747436523,3007,3007,3007,3007,3007,3007,3007,3007,3007,3007,3007,3007,4690,4691,3007,3007,3007,4690,3007,3007,3007,3007,3007,4690,83.33332824707031,5.263157844543457,0,0,11.764705657958984,15.789472579956055,31.57894515991211,17.647058486938477,9.523809432983398,47.05882263183594,0,0,15.789472579956055,0,0,0,0,15.789472579956055,22.22222328186035,100,0,0,0,0,66481098752,12884893696,1617199104,0
99,1780596509108,56752.42485046387,4700,1,0.30000000000000004,6930.497970581055,4700,1,0.3062499999999999,6793.315002441406,4700,1,0.3062499999999999,11793.016342163086,4700,1,0.30000000000000004,45215.68653869629,4700,1,0.30000000000000004,37395.10693359375,4700,1,0.30000000000000004,46585.04621887207,4700,1,0.30000000000000004,28826.624389648438,4700,1,0.30000000000000004,7267.508651733398,4700,1,0.30000000000000004,7156.379211425781,4700,1,0.30000000000000004,6747.792419433594,4700,1,0.30000000000000004,6964.148986816406,4700,1,0.30000000000000004,5034.8721923828125,3007,3007,3007,3007,3007,3007,3007,3007,3007,3007,3007,3007,4690,4691,3007,3007,3007,4690,3007,3007,3007,3007,3007,4690,89.47368621826172,9.523809432983398,0,0,31.57894515991211,10.526315689086914,22.22222328186035,5.263157844543457,16.666667938232422,47.05882263183594,0,0,27.77777862548828,0,0,0,0,0,27.77777862548828,100,0,0,0,0,66481098752,12884893696,1614446592,0
99,1780596509208,56752.95979309082,4700,1,0.3062499999999999,6930.501113891602,4700,1,0.3062499999999999,6793.322067260742,4700,1,0.3062499999999999,11793.46403503418,4700,1,0.3062499999999999,45216.07746887207,4700,1,0.3062499999999999,37395.44813537598,4700,1,0.3062499999999999,46585.41258239746,4700,1,0.3062499999999999,28827.307083129883,4700,1,0.3062499999999999,7267.511932373047,4700,1,0.3062499999999999,7156.382293701172,4700,1,0.3062499999999999,6747.795501708984,4700,1,0.3062499999999999,6964.152069091797,4700,1,0.3062499999999999,5040.565475463867,3007,3007,3007,3007,3007,3007,3007,3007,3007,3007,3007,3007,4690,4691,3007,3007,3007,4690,3007,3007,3007,3007,3007,4690,89.47368621826172,9.523809432983398,0,0,31.57894515991211,10.526315689086914,22.22222328186035,5.263157844543457,16.666667938232422,47.05882263183594,0,0,27.77777862548828,0,0,0,0,0,27.77777862548828,100,0,0,0,0,66481098752,12884893696,1613918208,0
99,1780596509308,56753.46534729004,4700,1,0.30000000000000004,6930.504196166992,4700,1,0.30000000000000004,6793.325302124023,4700,1,0.30000000000000004,11793.854217529297,4700,1,0.30000000000000004,45216.49530029297,4700,1,0.30000000000000004,37395.833892822266,4700,1,0.30000000000000004,46585.81692504883,4700,1,0.30000000000000004,28827.998992919922,4700,1,0.30000000000000004,7267.515289306641,4700,1,0.30000000000000004,7156.3853759765625,4700,1,0.30000000000000004,6747.798583984375,4700,1,0.30000000000000004,6964.1551513671875,4700,1,0.30000000000000004,5046.324371337891,3007,3007,3007,3007,3007,3007,3007,3007,3007,3007,3007,3007,4690,4691,3007,3007,3007,4690,3007,3007,3007,3007,3007,4690,82.35294342041016,6.6666669845581055,0,0,5,33.333335876464844,27.272727966308594,15.789472579956055,0,41.17647171020508,0,0,22.22222328186035,0,0,0,0,22.72727394104004,27.77777862548828,100,0,0,0,0,66481098752,12884893696,1611907072,0
99,1780596509408,56754.062759399414,4700,1,0.3062499999999999,6930.50732421875,4700,1,0.3062499999999999,6793.328353881836,4700,1,0.3062499999999999,11794.249282836914,4700,1,0.3062499999999999,45216.90301513672,4700,1,0.3062499999999999,37396.21015930176,4700,1,0.3062499999999999,46586.261657714844,4700,1,0.3062499999999999,28828.654846191406,4700,1,0.3062499999999999,7267.518569946289,4700,1,0.3062499999999999,7156.388427734375,4700,1,0.3062499999999999,6747.8016357421875,4700,1,0.3062499999999999,6964.158203125,4700,1,0.3062499999999999,5052.076599121094,3007,3007,3007,3007,3007,3007,3007,3007,3007,3007,3007,3007,4690,4691,3007,3007,3007,4690,3007,3007,3007,3007,3007,4690,82.35294342041016,6.6666669845581055,0,0,5,33.333335876464844,27.272727966308594,15.789472579956055,0,41.17647171020508,0,0,22.22222328186035,0,0,0,0,22.72727394104004,27.77777862548828,100,0,0,0,0,66481098752,12884893696,1618788352,0
99,1780596509508,56754.68112182617,4700,1,0.3062499999999999,6930.510406494141,4700,1,0.3062499999999999,6793.331451416016,4700,1,0.3062499999999999,11794.490447998047,4700,1,0.3062499999999999,45217.22766113281,4700,1,0.3062499999999999,37396.60527038574,4700,1,0.3062499999999999,46586.732666015625,4700,1,0.3062499999999999,28829.33268737793,4700,1,0.3062499999999999,7267.52165222168,4700,1,0.3062499999999999,7156.391510009766,4700,1,0.3062499999999999,6747.804718017578,4700,1,0.3062499999999999,6964.161285400391,4700,1,0.3062499999999999,5057.737823486328,3007,3007,3007,3007,3007,3007,3007,3007,3007,3007,3007,3007,4690,4691,3007,3007,3007,4690,3007,3007,3007,3007,3007,4690,85,18.18181800842285,0,0,27.77777862548828,15.789472579956055,27.77777862548828,10,17.647058486938477,42.105262756347656,0,0,0,0,0,0,0,31.57894515991211,17.647058486938477,100,0,0,0,0,66481098752,12884893696,1616302080,0
99,1780596509608,56755.26725769043,4700,1,0.3062499999999999,6930.513488769531,4700,1,0.3062499999999999,6793.3345947265625,4700,1,0.3062499999999999,11794.598922729492,4700,1,0.3062499999999999,45217.569274902344,4700,1,0.3062499999999999,37397.06378173828,4700,1,0.3062499999999999,46587.209411621094,4700,1,0.3062499999999999,28830.017822265625,4700,1,0.3062499999999999,7267.52473449707,4700,1,0.3062499999999999,7156.394592285156,4700,1,0.3062499999999999,6747.807800292969,4700,1,0.3062499999999999,6964.164367675781,4700,1,0.3062499999999999,5063.433410644531,3007,3007,3007,3007,3007,3007,3007,3007,3007,3007,3007,3007,4690,4691,3007,3007,3007,4690,3007,3007,3007,3007,3007,4690,85,18.18181800842285,0,0,27.77777862548828,15.789472579956055,27.77777862548828,10,17.647058486938477,42.105262756347656,0,0,0,0,0,0,0,31.57894515991211,17.647058486938477,100,0,0,0,0,66481098752,12884893696,1616347136,0
99,1780596509708,56755.86567687988,4700,1,0.3062499999999999,6930.516708374023,4700,1,0.3062499999999999,6793.337738037109,4700,1,0.3062499999999999,11794.81120300293,4700,1,0.3062499999999999,45217.99188232422,4700,1,0.3062499999999999,37397.432189941406,4700,1,0.3062499999999999,46587.57954406738,4700,1,0.3062499999999999,28830.70899963379,4700,1,0.3062499999999999,7267.534912109375,4700,1,0.3062499999999999,7156.397674560547,4700,1,0.3062499999999999,6747.810943603516,4700,1,0.3062499999999999,6964.167510986328,4700,1,0.3062499999999999,5069.071487426758,3007,3007,3007,3007,3007,3007,3007,3007,3007,3007,3007,3007,4690,4691,3007,3007,3007,4690,3007,3007,3007,3007,3007,4690,88.23529815673828,0,0,0,21.052631378173828,5.263157844543457,31.57894515991211,11.764705657958984,22.22222328186035,44.4444465637207,0,0,5.263157844543457,0,0,0,0,25,26.3157901763916,100,0,0,0,0,66481098752,12884893696,1611243520,0
99,1780596509808,56756.44877624512,4700,1,0.3062499999999999,6930.519927978516,4700,1,0.3062499999999999,6793.3408203125,4700,1,0.3062499999999999,11794.888916015625,4700,1,0.3062499999999999,45218.452056884766,4700,1,0.3062499999999999,37397.83583068848,4700,1,0.3062499999999999,46588.01348876953,4700,1,0.3062499999999999,28831.397735595703,4700,1,0.3062499999999999,7267.538009643555,4700,1,0.3062499999999999,7156.4007568359375,4700,1,0.3062499999999999,6747.814025878906,4700,1,0.3062499999999999,6964.170593261719,4700,1,0.3062499999999999,5074.750183105469,3007,3007,3007,3007,3007,3007,3007,3007,3007,3007,3007,3007,4690,4691,3007,3007,3007,4690,3007,3007,3007,3007,3007,4690,88.23529815673828,0,0,0,21.052631378173828,5.263157844543457,31.57894515991211,11.764705657958984,22.22222328186035,44.4444465637207,0,0,5.263157844543457,0,0,0,0,25,26.3157901763916,100,0,0,0,0,66481098752,12884893696,1617567744,0
99,1780596509908,56757.08563232422,4700,1,0.30000000000000004,6930.523086547852,4700,1,0.30000000000000004,6793.343902587891,4700,1,0.30000000000000004,11795.067367553711,4700,1,0.30000000000000004,45218.882736206055,4700,1,0.30000000000000004,37398.20574951172,4700,1,0.30000000000000004,46588.433822631836,4700,1,0.30000000000000004,28832.086868286133,4700,1,0.30000000000000004,7267.541290283203,4700,1,0.30000000000000004,7156.403839111328,4700,1,0.30000000000000004,6747.817108154297,4700,1,0.30000000000000004,6964.173675537109,4700,1,0.30000000000000004,5080.425384521484,3007,3007,3007,3007,3007,3007,3007,3007,3007,3007,3007,3007,4690,4691,3007,3007,3007,4690,3007,3007,3007,3007,3007,4690,90,0,0,0,26.3157901763916,0,31.57894515991211,30.000001907348633,22.22222328186035,41.17647171020508,0,0,30.000001907348633,0,0,0,0,5.263157844543457,20,100,0,0,0,0,66481098752,12884893696,1614376960,0
99,1780596510008,56757.66502380371,4700,1,0.3062499999999999,6930.526138305664,4700,1,0.3062499999999999,6793.347015380859,4700,1,0.3062499999999999,11795.32585144043,4700,1,0.3062499999999999,45219.33528137207,4700,1,0.3062499999999999,37398.58403015137,4700,1,0.3062499999999999,46588.805740356445,4700,1,0.3062499999999999,28832.769638061523,4700,1,0.3062499999999999,7267.544403076172,4700,1,0.3062499999999999,7156.406890869141,4700,1,0.3062499999999999,6747.820159912109,4700,1,0.3062499999999999,6964.176727294922,4700,1,0.3062499999999999,5086.047637939453,3007,3007,3007,3007,3007,3007,3007,3007,3007,3007,3007,3007,4690,4691,3007,3007,3007,4690,3007,3007,3007,3007,3007,4690,90,0,0,0,26.3157901763916,0,31.57894515991211,30.000001907348633,22.22222328186035,41.17647171020508,0,0,30.000001907348633,0,0,0,0,5.263157844543457,20,100,0,0,0,0,66481098752,12884893696,1614327808,0
99,1780596510108,56758.23013305664,4700,1,0.3062499999999999,6930.529220581055,4700,1,0.3062499999999999,6793.35009765625,4700,1,0.3062499999999999,11795.451782226563,4700,1,0.3062499999999999,45219.813079833984,4700,1,0.3062499999999999,37398.9436340332,4700,1,0.3062499999999999,46589.27163696289,4700,1,0.3062499999999999,28833.448028564453,4700,1,0.3062499999999999,7267.5474853515625,4700,1,0.3062499999999999,7156.409973144531,4700,1,0.3062499999999999,6747.823287963867,4700,1,0.3062499999999999,6964.1798095703125,4700,1,0.3062499999999999,5091.740478515625,3007,3007,3007,3007,3007,3007,3007,3007,3007,3007,3007,3007,4690,4691,3007,3007,3007,4690,3007,3007,3007,3007,3007,4690,85,10.526315689086914,0,0,15.789472579956055,5,22.22222328186035,36.842105865478516,21.052631378173828,44.4444465637207,0,0,26.3157901763916,0,0,0,0,0,22.22222328186035,100,0,0,0,0,66481098752,12884893696,1612881920,0
99,1780596510208,56758.84753417969,4700,1,0.3062499999999999,6930.532379150391,4700,1,0.3062499999999999,6793.353164672852,4700,1,0.3062499999999999,11795.71240234375,4700,1,0.3062499999999999,45220.25811767578,4700,1,0.3062499999999999,37399.21305847168,4700,1,0.3062499999999999,46589.73207092285,4700,1,0.3062499999999999,28834.134536743164,4700,1,0.3062499999999999,7267.550628662109,4700,1,0.3062499999999999,7156.413055419922,4700,1,0.3062499999999999,6747.826370239258,4700,1,0.3062499999999999,6964.182891845703,4700,1,0.3062499999999999,5097.443298339844,3007,3007,3007,3007,3007,3007,3007,3007,3007,3007,3007,3007,4690,4691,3007,3007,3007,4690,3007,3007,3007,3007,3007,4690,85,10.526315689086914,0,0,15.789472579956055,5,22.22222328186035,36.842105865478516,21.052631378173828,44.4444465637207,0,0,26.3157901763916,0,0,0,0,0,22.22222328186035,100,0,0,0,0,66481098752,12884893696,1616748544,0
99,1780596510308,56759.438064575195,4700,1,0.3062499999999999,6930.535461425781,4700,1,0.3062499999999999,6793.356399536133,4700,1,0.3062499999999999,11796.011962890625,4700,1,0.3062499999999999,45220.68022155762,4700,1,0.3062499999999999,37399.580978393555,4700,1,0.3062499999999999,46590.190185546875,4700,1,0.3062499999999999,28834.82536315918,4700,1,0.3062499999999999,7267.553741455078,4700,1,0.3062499999999999,7156.4161376953125,4700,1,0.3062499999999999,6747.829452514648,4700,1,0.3062499999999999,6964.185974121094,4700,1,0.3062499999999999,5103.084884643555,3007,3007,3007,3007,3007,3007,3007,3007,3007,3007,3007,3007,4690,4691,3007,3007,3007,4690,3007,3007,3007,3007,3007,4690,89.47368621826172,0,0,0,30.000001907348633,16.666667938232422,17.647058486938477,10.526315689086914,27.77777862548828,50,0,0,25,0,0,0,0,14.285715103149414,25,100,0,0,0,0,66481098752,12884893696,1615380480,0
99,1780596510408,56760.03009033203,4700,1,0.3062499999999999,6930.538619995117,4700,1,0.3062499999999999,6793.35954284668,4700,1,0.3062499999999999,11796.220016479492,4700,1,0.3062499999999999,45221.02430725098,4700,1,0.3062499999999999,37400.03993225098,4700,1,0.3062499999999999,46590.631118774414,4700,1,0.3062499999999999,28835.514724731445,4700,1,0.3062499999999999,7267.556991577148,4700,1,0.3062499999999999,7156.419219970703,4700,1,0.3062499999999999,6747.832534790039,4700,1,0.3062499999999999,6964.189056396484,4700,1,0.3062499999999999,5108.747589111328,3007,3007,3007,3007,3007,3007,3007,3007,3007,3007,3007,3007,4690,4691,3007,3007,3007,4690,3007,3007,3007,3007,3007,4690,89.47368621826172,0,0,0,30.000001907348633,16.666667938232422,17.647058486938477,10.526315689086914,27.77777862548828,50,0,0,25,0,0,0,0,14.285715103149414,25,100,0,0,0,0,66481098752,12884893696,1613144064,0
99,1780596510508,56760.612228393555,4700,1,0.3062499999999999,6930.541732788086,4700,1,0.3062499999999999,6793.362686157227,4700,1,0.3062499999999999,11796.543746948242,4700,1,0.3062499999999999,45221.25354003906,4700,1,0.3062499999999999,37400.44941711426,4700,1,0.3062499999999999,46591.10386657715,4700,1,0.3062499999999999,28836.195358276367,4700,1,0.3062499999999999,7267.560165405273,4700,1,0.3062499999999999,7156.42236328125,4700,1,0.3062499999999999,6747.835662841797,4700,1,0.3062499999999999,6964.192199707031,4700,1,0.3062499999999999,5114.484222412109,3007,3007,3007,3007,3007,3007,3007,3007,3007,3007,3007,3007,4690,4691,3007,3007,3007,4690,3007,3007,3007,3007,3007,4690,83.33332824707031,18.18181800842285,0,0,21.052631378173828,10.526315689086914,10,21.052631378173828,27.77777862548828,47.36842346191406,0,0,15.789472579956055,0,0,0,0,26.3157901763916,28.571430206298828,100,0,0,0,0,66481098752,12884893696,1619189760,0
99,1780596510608,56761.24314880371,4700,1,0.3062499999999999,6930.544876098633,4700,1,0.3062499999999999,6793.365798950195,4700,1,0.3062499999999999,11796.867736816406,4700,1,0.3062499999999999,45221.60546875,4700,1,0.3062499999999999,37400.71504211426,4700,1,0.3062499999999999,46591.546127319336,4700,1,0.3062499999999999,28836.873275756836,4700,1,0.3062499999999999,7267.563278198242,4700,1,0.3062499999999999,7156.425491333008,4700,1,0.3062499999999999,6747.838790893555,4700,1,0.3062499999999999,6964.195343017578,4700,1,0.3062499999999999,5120.137512207031,3007,3007,3007,3007,3007,3007,3007,3007,3007,3007,3007,3007,4690,4691,3007,3007,3007,4690,3007,3007,3007,3007,3007,4690,83.33332824707031,18.18181800842285,0,0,21.052631378173828,10.526315689086914,10,21.052631378173828,27.77777862548828,47.36842346191406,0,0,15.789472579956055,0,0,0,0,26.3157901763916,28.571430206298828,100,0,0,0,0,66481098752,12884893696,1616531456,0
99,1780596510709,56761.8466796875,4700,1,0.30000000000000004,6930.548080444336,4700,1,0.30000000000000004,6793.368911743164,4700,1,0.30000000000000004,11797.16372680664,4700,1,0.30000000000000004,45221.967514038086,4700,1,0.30000000000000004,37401.112884521484,4700,1,0.30000000000000004,46591.942810058594,4700,1,0.30000000000000004,28837.555953979492,4700,1,0.30000000000000004,7267.575531005859,4700,1,0.30000000000000004,7156.428573608398,4700,1,0.30000000000000004,6747.841903686523,4700,1,0.30000000000000004,6964.198455810547,4700,1,0.30000000000000004,5125.8111572265625,3007,3007,3007,3007,3007,3007,3007,3007,3007,3007,3007,3007,4690,4691,3007,3007,3007,4690,3007,3007,3007,3007,3007,4690,88.8888931274414,5,0,0,29.411766052246094,21.052631378173828,15.789472579956055,19.047618865966797,25,44.4444465637207,0,0,0,0,0,0,0,21.052631378173828,11.764705657958984,100,0,0,0,0,66481098752,12884893696,1612308480,0
99,1780596510809,56762.42790222168,4700,1,0.30000000000000004,6930.551132202148,4700,1,0.30000000000000004,6793.372024536133,4700,1,0.30000000000000004,11797.527404785156,4700,1,0.30000000000000004,45222.384841918945,4700,1,0.30000000000000004,37401.48016357422,4700,1,0.30000000000000004,46592.34118652344,4700,1,0.30000000000000004,28838.249252319336,4700,1,0.30000000000000004,7267.57861328125,4700,1,0.30000000000000004,7156.431625366211,4700,1,0.30000000000000004,6747.844955444336,4700,1,0.30000000000000004,6964.201507568359,4700,1,0.30000000000000004,5131.586471557617,3007,3007,3007,3007,3007,3007,3007,3007,3007,3007,3007,3007,4690,4691,3007,3007,3007,4690,3007,3007,3007,3007,3007,4690,88.8888931274414,5,0,0,29.411766052246094,21.052631378173828,15.789472579956055,19.047618865966797,25,44.4444465637207,0,0,0,0,0,0,0,21.052631378173828,11.764705657958984,100,0,0,0,0,66481098752,12884893696,1609740288,0
99,1780596510909,56763.044692993164,4700,1,0.3062499999999999,6930.554290771484,4700,1,0.3062499999999999,6793.3751220703125,4700,1,0.3062499999999999,11797.883605957031,4700,1,0.3062499999999999,45222.81349182129,4700,1,0.3062499999999999,37401.70405578613,4700,1,0.3062499999999999,46592.77217102051,4700,1,0.3062499999999999,28838.92984008789,4700,1,0.3062499999999999,7267.581832885742,4700,1,0.3062499999999999,7156.434707641602,4700,1,0.3062499999999999,6747.848037719727,4700,1,0.3062499999999999,6964.20458984375,4700,1,0.3062499999999999,5137.300445556641,3007,3007,3007,3007,3007,3007,3007,3007,3007,3007,3007,3007,4690,4691,3007,3007,3007,4690,3007,3007,3007,3007,3007,4690,85,15.000000953674316,0,0,25,25,35,28.571430206298828,33.333335876464844,47.36842346191406,0,0,10,0,0,0,0,0,15.000000953674316,100,0,0,0,0,66481098752,12884893696,1618817024,0
99,1780596511009,56763.6213684082,4700,1,0.3062499999999999,6930.557373046875,4700,1,0.3062499999999999,6793.378204345703,4700,1,0.3062499999999999,11798.11767578125,4700,1,0.3062499999999999,45223.27342224121,4700,1,0.3062499999999999,37402.03416442871,4700,1,0.3062499999999999,46593.23843383789,4700,1,0.3062499999999999,28839.61863708496,4700,1,0.3062499999999999,7267.585189819336,4700,1,0.3062499999999999,7156.437789916992,4700,1,0.3062499999999999,6747.851119995117,4700,1,0.3062499999999999,6964.207672119141,4700,1,0.3062499999999999,5142.977310180664,3007,3007,3007,3007,3007,3007,3007,3007,3007,3007,3007,3007,4690,4691,3007,3007,3007,4690,3007,3007,3007,3007,3007,4690,85,15.000000953674316,0,0,25,25,35,28.571430206298828,33.333335876464844,47.36842346191406,0,0,10,0,0,0,0,0,15.000000953674316,100,0,0,0,0,66481098752,12884893696,1613737984,0
99,1780596511109,56764.22383117676,4700,1,0.3062499999999999,6930.560455322266,4700,1,0.3062499999999999,6793.381286621094,4700,1,0.3062499999999999,11798.46029663086,4700,1,0.3062499999999999,45223.63250732422,4700,1,0.3062499999999999,37402.462814331055,4700,1,0.3062499999999999,46593.62272644043,4700,1,0.3062499999999999,28840.296005249023,4700,1,0.3062499999999999,7267.588272094727,4700,1,0.3062499999999999,7156.440872192383,4700,1,0.3062499999999999,6747.854248046875,4700,1,0.3062499999999999,6964.210754394531,4700,1,0.3062499999999999,5148.761917114258,3007,3007,3007,3007,3007,3007,3007,3007,3007,3007,3007,3007,4690,4691,3007,3007,3007,4690,3007,3007,3007,3007,3007,4690,88.23529815673828,9.523809432983398,0,0,25,15.789472579956055,20,15.789472579956055,15.000000953674316,47.36842346191406,0,0,27.77777862548828,0,0,0,0,26.3157901763916,27.77777862548828,100,0,0,0,0,66481098752,12884893696,1613000704,0
99,1780596511209,56764.842864990234,4700,1,0.3062499999999999,6930.5635986328125,4700,1,0.3062499999999999,6793.384460449219,4700,1,0.3062499999999999,11798.706268310547,4700,1,0.3062499999999999,45224.00402832031,4700,1,0.3062499999999999,37402.94151306152,4700,1,0.3062499999999999,46594.11192321777,4700,1,0.3062499999999999,28840.908432006836,4700,1,0.3062499999999999,7267.591461181641,4700,1,0.3062499999999999,7156.443954467773,4700,1,0.3062499999999999,6747.857330322266,4700,1,0.3062499999999999,6964.213836669922,4700,1,0.3062499999999999,5154.591644287109,3007,3007,3007,3007,3007,3007,3007,3007,3007,3007,3007,3007,4690,4691,3007,3007,3007,4690,3007,3007,3007,3007,3007,4690,88.23529815673828,9.523809432983398,0,0,25,15.789472579956055,20,15.789472579956055,15.000000953674316,47.36842346191406,0,0,27.77777862548828,0,0,0,0,26.3157901763916,27.77777862548828,100,0,0,0,0,66481098752,12884893696,1620443136,0
99,1780596511309,56765.39833068848,4700,1,0.3062499999999999,6930.566711425781,4700,1,0.3062499999999999,6793.387634277344,4700,1,0.3062499999999999,11798.880569458008,4700,1,0.3062499999999999,45224.42832946777,4700,1,0.3062499999999999,37403.42448425293,4700,1,0.3062499999999999,46594.58103942871,4700,1,0.3062499999999999,28841.578735351563,4700,1,0.3062499999999999,7267.594863891602,4700,1,0.3062499999999999,7156.447036743164,4700,1,0.3062499999999999,6747.860412597656,4700,1,0.3062499999999999,6964.2169189453125,4700,1,0.3062499999999999,5160.335357666016,3007,3007,3007,3007,3007,3007,3007,3007,3007,3007,3007,3007,4690,4691,3007,3007,3007,4690,3007,3007,3007,3007,3007,4690,89.47368621826172,9.523809432983398,0,0,11.764705657958984,5.263157844543457,10.526315689086914,26.3157901763916,23.52941131591797,35,0,0,31.57894515991211,0,0,0,0,27.77777862548828,26.3157901763916,100,0,0,0,0,66481098752,12884893696,1616400384,0
99,1780596511409,56765.98402404785,4700,1,0.30000000000000004,6930.569839477539,4700,1,0.30000000000000004,6793.390716552734,4700,1,0.30000000000000004,11799.034362792969,4700,1,0.30000000000000004,45224.89569091797,4700,1,0.30000000000000004,37403.755447387695,4700,1,0.30000000000000004,46595.04167175293,4700,1,0.30000000000000004,28842.246627807617,4700,1,0.30000000000000004,7267.598007202148,4700,1,0.30000000000000004,7156.450088500977,4700,1,0.30000000000000004,6747.863464355469,4700,1,0.30000000000000004,6964.219970703125,4700,1,0.30000000000000004,5166.115753173828,3007,3007,3007,3007,3007,3007,3007,3007,3007,3007,3007,3007,4690,4691,3007,3007,3007,4690,3007,3007,3007,3007,3007,4690,89.47368621826172,9.523809432983398,0,0,11.764705657958984,5.263157844543457,10.526315689086914,26.3157901763916,23.52941131591797,35,0,0,31.57894515991211,0,0,0,0,27.77777862548828,26.3157901763916,100,0,0,0,0,66481098752,12884893696,1616187392,0
99,1780596511509,56766.61528015137,4700,1,0.3062499999999999,6930.57292175293,4700,1,0.3062499999999999,6793.393783569336,4700,1,0.3062499999999999,11799.463989257813,4700,1,0.3062499999999999,45225.34664916992,4700,1,0.3062499999999999,37404.09196472168,4700,1,0.3062499999999999,46595.51119995117,4700,1,0.3062499999999999,28842.803802490234,4700,1,0.3062499999999999,7267.601318359375,4700,1,0.3062499999999999,7156.453170776367,4700,1,0.3062499999999999,6747.866546630859,4700,1,0.3062499999999999,6964.223052978516,4700,1,0.3062499999999999,5171.968170166016,3007,3007,3007,3007,3007,3007,3007,3007,3007,3007,3007,3007,4690,4691,3007,3007,3007,4690,3007,3007,3007,3007,3007,4690,88.23529815673828,10.526315689086914,0,0,22.22222328186035,16.666667938232422,31.57894515991211,19.047618865966797,25,25,0,0,16.666667938232422,0,0,0,0,19.047618865966797,29.411766052246094,100,0,0,0,0,66481098752,12884893696,1612627968,0
99,1780596511609,56767.219650268555,4700,1,0.3062499999999999,6930.576019287109,4700,1,0.3062499999999999,6793.396896362305,4700,1,0.3062499999999999,11799.871963500977,4700,1,0.3062499999999999,45225.80895996094,4700,1,0.3062499999999999,37404.47514343262,4700,1,0.3062499999999999,46595.93704223633,4700,1,0.3062499999999999,28843.417770385742,4700,1,0.3062499999999999,7267.604522705078,4700,1,0.3062499999999999,7156.456253051758,4700,1,0.3062499999999999,6747.86962890625,4700,1,0.3062499999999999,6964.226135253906,4700,1,0.3062499999999999,5177.856964111328,3007,3007,3007,3007,3007,3007,3007,3007,3007,3007,3007,3007,4690,4691,3007,3007,3007,4690,3007,3007,3007,3007,3007,4690,88.23529815673828,10.526315689086914,0,0,22.22222328186035,16.666667938232422,31.57894515991211,19.047618865966797,25,25,0,0,16.666667938232422,0,0,0,0,19.047618865966797,29.411766052246094,100,0,0,0,0,66481098752,12884893696,1616969728,0
99,1780596511709,56767.81120300293,4700,1,0.3062499999999999,6930.579162597656,4700,1,0.3062499999999999,6793.399978637695,4700,1,0.3062499999999999,11800.059967041016,4700,1,0.3062499999999999,45226.26454162598,4700,1,0.3062499999999999,37404.90022277832,4700,1,0.3062499999999999,46596.34342956543,4700,1,0.3062499999999999,28844.10482788086,4700,1,0.3062499999999999,7267.615539550781,4700,1,0.3062499999999999,7156.459335327148,4700,1,0.3062499999999999,6747.872711181641,4700,1,0.3062499999999999,6964.229217529297,4700,1,0.3062499999999999,5183.616027832031,3007,3007,3007,3007,3007,3007,3007,3007,3007,3007,3007,3007,4690,4691,3007,3007,3007,4690,3007,3007,3007,3007,3007,4690,89.47368621826172,15.000000953674316,0,0,26.3157901763916,15.789472579956055,25,5.555555820465088,35,29.411766052246094,0,0,23.52941131591797,0,0,0,0,17.647058486938477,15.789472579956055,100,0,0,0,0,66481098752,12884893696,1615474688,0
99,1780596511809,56768.36558532715,4700,1,0.30000000000000004,6930.582244873047,4700,1,0.3062499999999999,6793.403060913086,4700,1,0.3062499999999999,11800.384643554688,4700,1,0.30000000000000004,45226.72268676758,4700,1,0.30000000000000004,37405.32341003418,4700,1,0.3062499999999999,46596.73866271973,4700,1,0.3062499999999999,28844.79457092285,4700,1,0.3062499999999999,7267.618621826172,4700,1,0.3062499999999999,7156.462417602539,4700,1,0.3062499999999999,6747.875793457031,4700,1,0.3062499999999999,6964.2322998046875,4700,1,0.3062499999999999,5189.348861694336,3007,3007,3007,3007,3007,3007,3007,3007,3007,3007,3007,3007,4690,4691,3007,3007,3007,4690,3007,3007,3007,3007,3007,4690,89.47368621826172,15.000000953674316,0,0,26.3157901763916,15.789472579956055,25,5.555555820465088,35,29.411766052246094,0,0,23.52941131591797,0,0,0,0,17.647058486938477,15.789472579956055,100,0,0,0,0,66481098752,12884893696,1613205504,0
99,1780596511909,56768.98112487793,4700,1,0.3062499999999999,6930.585510253906,4700,1,0.3062499999999999,6793.406295776367,4700,1,0.3062499999999999,11800.69418334961,4700,1,0.3062499999999999,45227.1251373291,4700,1,0.3062499999999999,37405.7257232666,4700,1,0.3062499999999999,46597.047775268555,4700,1,0.3062499999999999,28845.489990234375,4700,1,0.3062499999999999,7267.62190246582,4700,1,0.3062499999999999,7156.465728759766,4700,1,0.3062499999999999,6747.878936767578,4700,1,0.3062499999999999,6964.235488891602,4700,1,0.3062499999999999,5195.029296875,3007,3007,3007,3007,3007,3007,3007,3007,3007,3007,3007,3007,4690,4691,3007,3007,3007,4690,3007,3007,3007,3007,3007,4690,90,5,0,0,20,25,27.77777862548828,30.000001907348633,38.095237731933594,52.38095474243164,0,0,11.111111640930176,0,0,0,0,5.555555820465088,0,100,0,0,0,0,66481098752,12884893696,1613139968,0
99,1780596512009,56769.551010131836,4700,1,0.3062499999999999,6930.588592529297,4700,1,0.3062499999999999,6793.409378051758,4700,1,0.3062499999999999,11801.001083374023,4700,1,0.3062499999999999,45227.59689331055,4700,1,0.3062499999999999,37406.0499420166,4700,1,0.3062499999999999,46597.40574645996,4700,1,0.3062499999999999,28846.184020996094,4700,1,0.3062499999999999,7267.625076293945,4700,1,0.3062499999999999,7156.468811035156,4700,1,0.3062499999999999,6747.882019042969,4700,1,0.3062499999999999,6964.238571166992,4700,1,0.3062499999999999,5200.774841308594,3007,3007,3007,3007,3007,3007,3007,3007,3007,3007,3007,3007,4690,4691,3007,3007,3007,4690,3007,3007,3007,3007,3007,4690,90,5,0,0,20,25,27.77777862548828,30.000001907348633,38.095237731933594,52.38095474243164,0,0,11.111111640930176,0,0,0,0,5.555555820465088,0,100,0,0,0,0,66481098752,12884893696,1618571264,0
99,1780596512109,56770.15560913086,4700,1,0.3062499999999999,6930.5916748046875,4700,1,0.3062499999999999,6793.412460327148,4700,1,0.3062499999999999,11801.19450378418,4700,1,0.3062499999999999,45228.00386047363,4700,1,0.3062499999999999,37406.30047607422,4700,1,0.3062499999999999,46597.87855529785,4700,1,0.3062499999999999,28846.87043762207,4700,1,0.3062499999999999,7267.633331298828,4700,1,0.3062499999999999,7156.471862792969,4700,1,0.3062499999999999,6747.885070800781,4700,1,0.3062499999999999,6964.241653442383,4700,1,0.3062499999999999,5206.415710449219,3007,3007,3007,3007,3007,3007,3007,3007,3007,3007,3007,3007,4690,4691,3007,3007,3007,4690,3007,3007,3007,3007,3007,4690,84.21052551269531,5,0,0,26.3157901763916,19.047618865966797,22.22222328186035,0,27.77777862548828,47.05882263183594,0,0,30.000001907348633,0,0,0,0,16.666667938232422,11.111111640930176,100,0,0,0,0,66481098752,12884893696,1616543744,0
99,1780596512209,56770.7497253418,4700,1,0.30000000000000004,6930.594787597656,4700,1,0.30000000000000004,6793.415512084961,4700,1,0.30000000000000004,11801.54312133789,4700,1,0.30000000000000004,45228.440856933594,4700,1,0.30000000000000004,37406.461486816406,4700,1,0.30000000000000004,46598.35711669922,4700,1,0.30000000000000004,28847.55889892578,4700,1,0.30000000000000004,7267.636581420898,4700,1,0.30000000000000004,7156.474945068359,4700,1,0.30000000000000004,6747.888153076172,4700,1,0.30000000000000004,6964.244705200195,4700,1,0.30000000000000004,5212.038543701172,3007,3007,3007,3007,3007,3007,3007,3007,3007,3007,3007,3007,4690,4691,3007,3007,3007,4690,3007,3007,3007,3007,3007,4690,84.21052551269531,5,0,0,26.3157901763916,19.047618865966797,22.22222328186035,0,27.77777862548828,47.05882263183594,0,0,30.000001907348633,0,0,0,0,16.666667938232422,11.111111640930176,100,0,0,0,0,66481098752,12884893696,1615171584,0
99,1780596512309,56771.31840515137,4700,1,0.3062499999999999,6930.597885131836,4700,1,0.3062499999999999,6793.418792724609,4700,1,0.3062499999999999,11801.901733398438,4700,1,0.3062499999999999,45228.81866455078,4700,1,0.3062499999999999,37406.834213256836,4700,1,0.3062499999999999,46598.798828125,4700,1,0.3062499999999999,28848.24984741211,4700,1,0.3062499999999999,7267.639755249023,4700,1,0.3062499999999999,7156.47802734375,4700,1,0.3062499999999999,6747.8912353515625,4700,1,0.3062499999999999,6964.247787475586,4700,1,0.3062499999999999,5217.813919067383,3007,3007,3007,3007,3007,3007,3007,3007,3007,3007,3007,3007,4690,4691,3007,3007,3007,4690,3007,3007,3007,3007,3007,4690,82.35294342041016,11.111111640930176,0,0,20,5.882352828979492,27.77777862548828,15.789472579956055,31.57894515991211,50,0,0,15.000000953674316,0,0,0,0,5.263157844543457,16.666667938232422,100,0,0,0,0,66481098752,12884893696,1623396352,0
99,1780596512410,56771.86262512207,4700,1,0.3062499999999999,6930.601028442383,4700,1,0.3062499999999999,6793.421875,4700,1,0.3062499999999999,11802.226028442383,4700,1,0.3062499999999999,45229.282775878906,4700,1,0.3062499999999999,37407.21081542969,4700,1,0.3062499999999999,46599.224349975586,4700,1,0.3062499999999999,28848.942184448242,4700,1,0.3062499999999999,7267.643127441406,4700,1,0.3062499999999999,7156.481155395508,4700,1,0.3062499999999999,6747.894332885742,4700,1,0.3062499999999999,6964.250869750977,4700,1,0.3062499999999999,5223.566543579102,3007,3007,3007,3007,3007,3007,3007,3007,3007,3007,3007,3007,4690,4691,3007,3007,3007,4690,3007,3007,3007,3007,3007,4690,82.35294342041016,11.111111640930176,0,0,20,5.882352828979492,27.77777862548828,15.789472579956055,31.57894515991211,50,0,0,15.000000953674316,0,0,0,0,5.263157844543457,16.666667938232422,100,0,0,0,0,66481098752,12884893696,1616220160,0
99,1780596512510,56772.49041748047,4700,1,0.3062499999999999,6930.609725952148,4700,1,0.3062499999999999,6793.424957275391,4700,1,0.3062499999999999,11802.41325378418,4700,1,0.3062499999999999,45229.732498168945,4700,1,0.3062499999999999,37407.60935974121,4700,1,0.3062499999999999,46599.630783081055,4700,1,0.3062499999999999,28849.635208129883,4700,1,0.3062499999999999,7267.646331787109,4700,1,0.3062499999999999,7156.484237670898,4700,1,0.3062499999999999,6747.897415161133,4700,1,0.3062499999999999,6964.253952026367,4700,1,0.3062499999999999,5229.287506103516,3007,3007,3007,3007,3007,3007,3007,3007,3007,3007,3007,3007,4690,4691,3007,3007,3007,4690,3007,3007,3007,3007,3007,4690,88.23529815673828,15.000000953674316,0,0,16.666667938232422,9.523809432983398,30.000001907348633,28.571430206298828,10,43.75,0,0,21.052631378173828,0,0,0,0,19.047618865966797,22.22222328186035,100,0,0,0,0,66481098752,12884893696,1615073280,0
99,1780596512610,56773.08836364746,4700,1,0.30000000000000004,6930.612808227539,4700,1,0.3062499999999999,6793.4281005859375,4700,1,0.3062499999999999,11802.640441894531,4700,1,0.30000000000000004,45230.18418884277,4700,1,0.30000000000000004,37408.015197753906,4700,1,0.30000000000000004,46599.999572753906,4700,1,0.30000000000000004,28850.325286865234,4700,1,0.3062499999999999,7267.6494140625,4700,1,0.3062499999999999,7156.487350463867,4700,1,0.3062499999999999,6747.900497436523,4700,1,0.3062499999999999,6964.257034301758,4700,1,0.3062499999999999,5235.001159667969,3007,3007,3007,3007,3007,3007,3007,3007,3007,3007,3007,3007,4690,4691,3007,3007,3007,4690,3007,3007,3007,3007,3007,4690,88.23529815673828,15.000000953674316,0,0,16.666667938232422,9.523809432983398,30.000001907348633,28.571430206298828,10,43.75,0,0,21.052631378173828,0,0,0,0,19.047618865966797,22.22222328186035,100,0,0,0,0,66481098752,12884893696,1612296192,0
99,1780596512710,56773.70681762695,4700,1,0.30000000000000004,6930.615951538086,4700,1,0.3062499999999999,6793.431243896484,4700,1,0.3062499999999999,11802.978988647461,4700,1,0.30000000000000004,45230.575424194336,4700,1,0.30000000000000004,37408.48776245117,4700,1,0.30000000000000004,46600.4372253418,4700,1,0.30000000000000004,28850.92218017578,4700,1,0.30000000000000004,7267.652648925781,4700,1,0.30000000000000004,7156.490463256836,4700,1,0.30000000000000004,6747.903579711914,4700,1,0.30000000000000004,6964.260116577148,4700,1,0.3062499999999999,5240.853332519531,3007,3007,3007,3007,3007,3007,3007,3007,3007,3007,3007,3007,4690,4691,3007,3007,3007,4690,3007,3007,3007,3007,3007,4690,88.8888931274414,5,0,0,26.3157901763916,11.764705657958984,25,21.052631378173828,15.000000953674316,31.57894515991211,0,0,15.789472579956055,0,0,0,0,31.57894515991211,30.000001907348633,100,0,0,0,0,66481098752,12884893696,1617498112,0
99,1780596512810,56774.27102661133,4700,1,0.3062499999999999,6930.619033813477,4700,1,0.3062499999999999,6793.434326171875,4700,1,0.3062499999999999,11803.192169189453,4700,1,0.3062499999999999,45231.0329284668,4700,1,0.3062499999999999,37408.87696838379,4700,1,0.3062499999999999,46600.787673950195,4700,1,0.3062499999999999,28851.61149597168,4700,1,0.3062499999999999,7267.655700683594,4700,1,0.3062499999999999,7156.493576049805,4700,1,0.3062499999999999,6747.906631469727,4700,1,0.3062499999999999,6964.263259887695,4700,1,0.3062499999999999,5246.478088378906,3007,3007,3007,3007,3007,3007,3007,3007,3007,3007,3007,3007,4690,4691,3007,3007,3007,4690,3007,3007,3007,3007,3007,4690,88.8888931274414,5,0,0,26.3157901763916,11.764705657958984,25,21.052631378173828,15.000000953674316,31.57894515991211,0,0,15.789472579956055,0,0,0,0,31.57894515991211,30.000001907348633,100,0,0,0,0,66481098752,12884893696,1617723392,0
99,1780596512910,56774.86360168457,4700,1,0.3062499999999999,6930.622161865234,4700,1,0.3062499999999999,6793.4373779296875,4700,1,0.3062499999999999,11803.562255859375,4700,1,0.3062499999999999,45231.49084472656,4700,1,0.3062499999999999,37409.21586608887,4700,1,0.3062499999999999,46601.14840698242,4700,1,0.3062499999999999,28852.274383544922,4700,1,0.3062499999999999,7267.658843994141,4700,1,0.3062499999999999,7156.496658325195,4700,1,0.3062499999999999,6747.909759521484,4700,1,0.3062499999999999,6964.266342163086,4700,1,0.3062499999999999,5252.139312744141,3007,3007,3007,3007,3007,3007,3007,3007,3007,3007,3007,3007,4690,4691,3007,3007,3007,4690,3007,3007,3007,3007,3007,4690,85,5,0,0,21.052631378173828,11.111111640930176,27.77777862548828,16.666667938232422,0,38.88888931274414,0,0,16.666667938232422,0,0,0,0,10.526315689086914,27.77777862548828,100,0,0,0,0,66481098752,12884893696,1613062144,0
99,1780596513010,56775.49685668945,4700,1,0.3062499999999999,6930.625244140625,4700,1,0.3062499999999999,6793.440460205078,4700,1,0.3062499999999999,11803.967193603516,4700,1,0.3062499999999999,45231.98663330078,4700,1,0.3062499999999999,37409.53857421875,4700,1,0.3062499999999999,46601.53237915039,4700,1,0.3062499999999999,28852.880599975586,4700,1,0.3062499999999999,7267.661956787109,4700,1,0.3062499999999999,7156.499740600586,4700,1,0.3062499999999999,6747.912841796875,4700,1,0.3062499999999999,6964.269424438477,4700,1,0.3062499999999999,5258.019821166992,3007,3007,3007,3007,3007,3007,3007,3007,3007,3007,3007,3007,4690,4691,3007,3007,3007,4690,3007,3007,3007,3007,3007,4690,85,5,0,0,21.052631378173828,11.111111640930176,27.77777862548828,16.666667938232422,0,38.88888931274414,0,0,16.666667938232422,0,0,0,0,10.526315689086914,27.77777862548828,100,0,0,0,0,66481098752,12884893696,1612087296,0
99,1780596513110,56776.07174682617,4700,1,0.3062499999999999,6930.628326416016,4700,1,0.3062499999999999,6793.443603515625,4700,1,0.3062499999999999,11804.26318359375,4700,1,0.3062499999999999,45232.44918823242,4700,1,0.3062499999999999,37409.66264343262,4700,1,0.3062499999999999,46602.01354980469,4700,1,0.3062499999999999,28853.56150817871,4700,1,0.3062499999999999,7267.665435791016,4700,1,0.3062499999999999,7156.502822875977,4700,1,0.3062499999999999,6747.915924072266,4700,1,0.3062499999999999,6964.272506713867,4700,1,0.3062499999999999,5263.617736816406,3007,3007,3007,3007,3007,3007,3007,3007,3007,3007,3007,3007,4690,4691,3007,3007,3007,4690,3007,3007,3007,3007,3007,4690,88.8888931274414,31.57894515991211,0,0,33.333335876464844,10,31.57894515991211,20,28.571430206298828,25,0,0,31.57894515991211,0,0,0,0,0,22.22222328186035,100,0,0,0,0,66481098752,12884893696,1620754432,0
99,1780596513210,56776.65466308594,4700,1,0.3062499999999999,6930.6314697265625,4700,1,0.3062499999999999,6793.446685791016,4700,1,0.3062499999999999,11804.455444335938,4700,1,0.3062499999999999,45232.87306213379,4700,1,0.3062499999999999,37410.003646850586,4700,1,0.3062499999999999,46602.491928100586,4700,1,0.3062499999999999,28854.254196166992,4700,1,0.3062499999999999,7267.668655395508,4700,1,0.3062499999999999,7156.505905151367,4700,1,0.3062499999999999,6747.919006347656,4700,1,0.3062499999999999,6964.275588989258,4700,1,0.3062499999999999,5269.276123046875,3007,3007,3007,3007,3007,3007,3007,3007,3007,3007,3007,3007,4690,4691,3007,3007,3007,4690,3007,3007,3007,3007,3007,4690,88.8888931274414,31.57894515991211,0,0,33.333335876464844,10,31.57894515991211,20,28.571430206298828,25,0,0,31.57894515991211,0,0,0,0,0,22.22222328186035,100,0,0,0,0,66481098752,12884893696,1618460672,0
99,1780596513310,56777.24838256836,4700,1,0.3062499999999999,6930.634552001953,4700,1,0.3062499999999999,6793.449890136719,4700,1,0.3062499999999999,11804.76188659668,4700,1,0.3062499999999999,45233.21272277832,4700,1,0.3062499999999999,37410.35899353027,4700,1,0.3062499999999999,46602.95072937012,4700,1,0.3062499999999999,28854.93798828125,4700,1,0.3062499999999999,7267.671737670898,4700,1,0.3062499999999999,7156.508987426758,4700,1,0.3062499999999999,6747.922088623047,4700,1,0.3062499999999999,6964.278671264648,4700,1,0.3062499999999999,5274.987396240234,3007,3007,3007,3007,3007,3007,3007,3007,3007,3007,3007,3007,4690,4691,3007,3007,3007,4690,3007,3007,3007,3007,3007,4690,89.47368621826172,10,0,0,16.666667938232422,10,20,18.75,31.57894515991211,47.36842346191406,0,0,28.571430206298828,0,0,0,0,0,11.764705657958984,100,0,0,0,0,66481098752,12884893696,1617723392,0
99,1780596513410,56777.79357910156,4700,1,0.3062499999999999,6930.637725830078,4700,1,0.3062499999999999,6793.452972412109,4700,1,0.3062499999999999,11805.073989868164,4700,1,0.3062499999999999,45233.66883850098,4700,1,0.3062499999999999,37410.752182006836,4700,1,0.3062499999999999,46603.2966003418,4700,1,0.3062499999999999,28855.62744140625,4700,1,0.3062499999999999,7267.674896240234,4700,1,0.3062499999999999,7156.512069702148,4700,1,0.3062499999999999,6747.9251708984375,4700,1,0.3062499999999999,6964.281814575195,4700,1,0.3062499999999999,5280.68766784668,3007,3007,3007,3007,3007,3007,3007,3007,3007,3007,3007,3007,4690,4691,3007,3007,3007,4690,3007,3007,3007,3007,3007,4690,89.47368621826172,10,0,0,16.666667938232422,10,20,18.75,31.57894515991211,47.36842346191406,0,0,28.571430206298828,0,0,0,0,0,11.764705657958984,100,0,0,0,0,66481098752,12884893696,1620267008,0
99,1780596513510,56778.324310302734,4700,1,0.3062499999999999,6930.640808105469,4700,1,0.3062499999999999,6793.456115722656,4700,1,0.3062499999999999,11805.285049438477,4700,1,0.3062499999999999,45234.061599731445,4700,1,0.3062499999999999,37411.16436767578,4700,1,0.3062499999999999,46603.73368835449,4700,1,0.3062499999999999,28856.308837890625,4700,1,0.3062499999999999,7267.678070068359,4700,1,0.3062499999999999,7156.515151977539,4700,1,0.3062499999999999,6747.928253173828,4700,1,0.3062499999999999,6964.284896850586,4700,1,0.3062499999999999,5286.411193847656,3007,3007,3007,3007,3007,3007,3007,3007,3007,3007,3007,3007,4690,4691,3007,3007,3007,4690,3007,3007,3007,3007,3007,4690,81.25,5,0,0,5.263157844543457,10.526315689086914,20,26.3157901763916,25,44.4444465637207,0,0,27.77777862548828,0,0,0,0,20,5.263157844543457,100,0,0,0,0,66481098752,12884893696,1617498112,0
99,1780596513610,56778.894958496094,4700,1,0.30000000000000004,6930.643859863281,4700,1,0.30000000000000004,6793.459167480469,4700,1,0.30000000000000004,11805.571319580078,4700,1,0.30000000000000004,45234.47366333008,4700,1,0.30000000000000004,37411.42854309082,4700,1,0.30000000000000004,46604.22654724121,4700,1,0.30000000000000004,28856.99691772461,4700,1,0.30000000000000004,7267.681121826172,4700,1,0.30000000000000004,7156.518203735352,4700,1,0.30000000000000004,6747.931304931641,4700,1,0.30000000000000004,6964.287948608398,4700,1,0.30000000000000004,5292.022872924805,3007,3007,3007,3007,3007,3007,3007,3007,3007,3007,3007,3007,4690,4691,3007,3007,3007,4690,3007,3007,3007,3007,3007,4690,81.25,5,0,0,5.263157844543457,10.526315689086914,20,26.3157901763916,25,44.4444465637207,0,0,27.77777862548828,0,0,0,0,20,5.263157844543457,100,0,0,0,0,66481098752,12884893696,1614667776,0
99,1780596513710,56779.49366760254,4700,1,0.30000000000000004,6930.647033691406,4700,1,0.30000000000000004,6793.462249755859,4700,1,0.30000000000000004,11805.829986572266,4700,1,0.30000000000000004,45234.92036437988,4700,1,0.30000000000000004,37411.62861633301,4700,1,0.30000000000000004,46604.707092285156,4700,1,0.30000000000000004,28857.676727294922,4700,1,0.30000000000000004,7267.6844482421875,4700,1,0.30000000000000004,7156.521331787109,4700,1,0.30000000000000004,6747.934387207031,4700,1,0.30000000000000004,6964.291030883789,4700,1,0.30000000000000004,5297.641983032227,3007,3007,3007,3007,3007,3007,3007,3007,3007,3007,3007,3007,4690,4691,3007,3007,3007,4690,3007,3007,3007,3007,3007,4690,83.33332824707031,0,0,0,28.571430206298828,16.666667938232422,23.52941131591797,5,27.77777862548828,47.36842346191406,0,0,23.809524536132813,0,0,0,0,10.526315689086914,35,100,0,0,0,0,66481098752,12884893696,1614438400,0
99,1780596513810,56780.113540649414,4700,1,0.3062499999999999,6930.650115966797,4700,1,0.3062499999999999,6793.46533203125,4700,1,0.3062499999999999,11806.083465576172,4700,1,0.3062499999999999,45235.28466796875,4700,1,0.3062499999999999,37411.96139526367,4700,1,0.3062499999999999,46605.15037536621,4700,1,0.3062499999999999,28858.372619628906,4700,1,0.3062499999999999,7267.687530517578,4700,1,0.3062499999999999,7156.5244140625,4700,1,0.3062499999999999,6747.9375,4700,1,0.3062499999999999,6964.29411315918,4700,1,0.3062499999999999,5303.314788818359,3007,3007,3007,3007,3007,3007,3007,3007,3007,3007,3007,3007,4690,4691,3007,3007,3007,4690,3007,3007,3007,3007,3007,4690,83.33332824707031,0,0,0,28.571430206298828,16.666667938232422,23.52941131591797,5,27.77777862548828,47.36842346191406,0,0,23.809524536132813,0,0,0,0,10.526315689086914,35,100,0,0,0,0,66481098752,12884893696,1617555456,0
99,1780596513910,56780.68846130371,4700,1,0.3062499999999999,6930.653335571289,4700,1,0.3062499999999999,6793.468505859375,4700,1,0.3062499999999999,11806.146881103516,4700,1,0.3062499999999999,45235.768951416016,4700,1,0.3062499999999999,37412.29138183594,4700,1,0.3062499999999999,46605.626724243164,4700,1,0.3062499999999999,28859.06642150879,4700,1,0.3062499999999999,7267.690704345703,4700,1,0.3062499999999999,7156.527496337891,4700,1,0.3062499999999999,6747.940582275391,4700,1,0.3062499999999999,6964.29719543457,4700,1,0.3062499999999999,5308.956512451172,3007,3007,3007,3007,3007,3007,3007,3007,3007,3007,3007,3007,4690,4691,3007,3007,3007,4690,3007,3007,3007,3007,3007,4690,88.23529815673828,0,0,0,21.052631378173828,10,22.22222328186035,9.523809432983398,26.3157901763916,47.05882263183594,0,0,22.22222328186035,0,0,0,0,21.052631378173828,31.57894515991211,100,0,0,0,0,66481098752,12884893696,1616490496,0
99,1780596514010,56781.26333618164,4700,1,0.3062499999999999,6930.65641784668,4700,1,0.3062499999999999,6793.471588134766,4700,1,0.3062499999999999,11806.50569152832,4700,1,0.3062499999999999,45236.20472717285,4700,1,0.3062499999999999,37412.57189941406,4700,1,0.3062499999999999,46606.08999633789,4700,1,0.3062499999999999,28859.751007080078,4700,1,0.3062499999999999,7267.701965332031,4700,1,0.3062499999999999,7156.530578613281,4700,1,0.3062499999999999,6747.943664550781,4700,1,0.3062499999999999,6964.300277709961,4700,1,0.3062499999999999,5314.685623168945,3007,3007,3007,3007,3007,3007,3007,3007,3007,3007,3007,3007,4690,4691,3007,3007,3007,4690,3007,3007,3007,3007,3007,4690,88.23529815673828,0,0,0,21.052631378173828,10,22.22222328186035,9.523809432983398,26.3157901763916,47.05882263183594,0,0,22.22222328186035,0,0,0,0,21.052631378173828,31.57894515991211,100,0,0,0,0,66481098752,12884893696,1613242368,0
99,1780596514110,56781.84602355957,4700,1,0.3062499999999999,6930.65950012207,4700,1,0.3062499999999999,6793.474670410156,4700,1,0.3062499999999999,11806.913192749023,4700,1,0.3062499999999999,45236.36099243164,4700,1,0.3062499999999999,37413.03584289551,4700,1,0.3062499999999999,46606.52963256836,4700,1,0.3062499999999999,28860.44593811035,4700,1,0.3062499999999999,7267.705139160156,4700,1,0.3062499999999999,7156.533660888672,4700,1,0.3062499999999999,6747.946746826172,4700,1,0.3062499999999999,6964.303359985352,4700,1,0.3062499999999999,5320.421005249023,3007,3007,3007,3007,3007,3007,3007,3007,3007,3007,3007,3007,4690,4691,3007,3007,3007,4690,3007,3007,3007,3007,3007,4690,85,5.263157844543457,0,0,11.764705657958984,11.764705657958984,15.789472579956055,16.666667938232422,26.3157901763916,37.5,0,0,10,0,0,0,0,15.789472579956055,21.052631378173828,100,0,0,0,0,66481098752,12884893696,1611644928,0
99,1780596514210,56782.447036743164,4700,1,0.30000000000000004,6930.662643432617,4700,1,0.30000000000000004,6793.477783203125,4700,1,0.30000000000000004,11807.249862670898,4700,1,0.30000000000000004,45236.76860046387,4700,1,0.30000000000000004,37413.400634765625,4700,1,0.30000000000000004,46606.87745666504,4700,1,0.30000000000000004,28861.138076782227,4700,1,0.30000000000000004,7267.708312988281,4700,1,0.30000000000000004,7156.5367431640625,4700,1,0.30000000000000004,6747.9498291015625,4700,1,0.30000000000000004,6964.306442260742,4700,1,0.30000000000000004,5326.107925415039,3007,3007,3007,3007,3007,3007,3007,3007,3007,3007,3007,3007,4690,4691,3007,3007,3007,4690,3007,3007,3007,3007,3007,4690,85,5.263157844543457,0,0,11.764705657958984,11.764705657958984,15.789472579956055,16.666667938232422,26.3157901763916,37.5,0,0,10,0,0,0,0,15.789472579956055,21.052631378173828,100,0,0,0,0,66481098752,12884893696,1618874368,0
99,1780596514311,56783.02926635742,4700,1,0.3062499999999999,6930.665725708008,4700,1,0.3062499999999999,6793.48095703125,4700,1,0.3062499999999999,11807.554428100586,4700,1,0.3062499999999999,45237.24662780762,4700,1,0.3062499999999999,37413.69450378418,4700,1,0.3062499999999999,46607.2477722168,4700,1,0.3062499999999999,28861.822006225586,4700,1,0.3062499999999999,7267.711364746094,4700,1,0.3062499999999999,7156.539794921875,4700,1,0.3062499999999999,6747.952911376953,4700,1,0.3062499999999999,6964.309555053711,4700,1,0.3062499999999999,5331.82258605957,3007,3007,3007,3007,3007,3007,3007,3007,3007,3007,3007,3007,4690,4691,3007,3007,3007,4690,3007,3007,3007,3007,3007,4690,89.47368621826172,10,0,0,28.571430206298828,19.047618865966797,27.77777862548828,26.3157901763916,27.77777862548828,50,0,0,16.666667938232422,0,0,0,0,0,5,100,0,0,0,0,66481098752,12884893696,1618194432,0
99,1780596514411,56783.616470336914,4700,1,0.30000000000000004,6930.668838500977,4700,1,0.30000000000000004,6793.484039306641,4700,1,0.30000000000000004,11807.87060546875,4700,1,0.30000000000000004,45237.67051696777,4700,1,0.30000000000000004,37414.07588195801,4700,1,0.30000000000000004,46607.62351989746,4700,1,0.30000000000000004,28862.500381469727,4700,1,0.30000000000000004,7267.71452331543,4700,1,0.30000000000000004,7156.542877197266,4700,1,0.30000000000000004,6747.955963134766,4700,1,0.30000000000000004,6964.312606811523,4700,1,0.30000000000000004,5337.525314331055,3007,3007,3007,3007,3007,3007,3007,3007,3007,3007,3007,3007,4690,4691,3007,3007,3007,4690,3007,3007,3007,3007,3007,4690,89.47368621826172,10,0,0,28.571430206298828,19.047618865966797,27.77777862548828,26.3157901763916,27.77777862548828,50,0,0,16.666667938232422,0,0,0,0,0,5,100,0,0,0,0,66481098752,12884893696,1614843904,0
99,1780596514511,56784.213607788086,4700,1,0.3062499999999999,6930.671951293945,4700,1,0.3062499999999999,6793.4871826171875,4700,1,0.3062499999999999,11808.029174804688,4700,1,0.3062499999999999,45238.12466430664,4700,1,0.3062499999999999,37414.45634460449,4700,1,0.3062499999999999,46608.046966552734,4700,1,0.3062499999999999,28863.195098876953,4700,1,0.3062499999999999,7267.717803955078,4700,1,0.3062499999999999,7156.5460205078125,4700,1,0.3062499999999999,6747.9591064453125,4700,1,0.3062499999999999,6964.315734863281,4700,1,0.3062499999999999,5343.155212402344,3007,3007,3007,3007,3007,3007,3007,3007,3007,3007,3007,3007,4690,4691,3007,3007,3007,4690,3007,3007,3007,3007,3007,4690,83.33332824707031,0,0,0,22.22222328186035,15.000000953674316,33.333335876464844,22.22222328186035,21.052631378173828,44.4444465637207,0,0,22.22222328186035,0,0,0,0,5.555555820465088,16.666667938232422,100,0,0,0,0,66481098752,12884893696,1613185024,0
99,1780596514611,56784.817626953125,4700,1,0.3062499999999999,6930.675094604492,4700,1,0.3062499999999999,6793.490295410156,4700,1,0.3062499999999999,11808.275161743164,4700,1,0.3062499999999999,45238.55194091797,4700,1,0.3062499999999999,37414.847427368164,4700,1,0.3062499999999999,46608.52778625488,4700,1,0.3062499999999999,28863.846481323242,4700,1,0.3062499999999999,7267.7210693359375,4700,1,0.3062499999999999,7156.549163818359,4700,1,0.3062499999999999,6747.962249755859,4700,1,0.3062499999999999,6964.31884765625,4700,1,0.3062499999999999,5348.95329284668,3007,3007,3007,3007,3007,3007,3007,3007,3007,3007,3007,3007,4690,4691,3007,3007,3007,4690,3007,3007,3007,3007,3007,4690,83.33332824707031,0,0,0,22.22222328186035,15.000000953674316,33.333335876464844,22.22222328186035,21.052631378173828,44.4444465637207,0,0,22.22222328186035,0,0,0,0,5.555555820465088,16.666667938232422,100,0,0,0,0,66481098752,12884893696,1619955712,0
99,1780596514711,56785.418701171875,4700,1,0.3062499999999999,6930.678253173828,4700,1,0.3062499999999999,6793.493438720703,4700,1,0.3062499999999999,11808.5185546875,4700,1,0.3062499999999999,45239.0260925293,4700,1,0.3062499999999999,37415.25700378418,4700,1,0.3062499999999999,46608.90994262695,4700,1,0.3062499999999999,28864.522918701172,4700,1,0.3062499999999999,7267.730072021484,4700,1,0.3062499999999999,7156.552291870117,4700,1,0.3062499999999999,6747.96533203125,4700,1,0.3062499999999999,6964.321929931641,4700,1,0.3062499999999999,5354.753387451172,3007,3007,3007,3007,3007,3007,3007,3007,3007,3007,3007,3007,4690,4691,3007,3007,3007,4690,3007,3007,3007,3007,3007,4690,88.8888931274414,0,0,0,21.052631378173828,5,28.571430206298828,0,31.57894515991211,35.29411697387695,0,0,26.3157901763916,0,0,0,0,35,15.789472579956055,100,0,0,0,0,66481098752,12884893696,1615523840,0
99,1780596514811,56786.01481628418,4700,1,0.30000000000000004,6930.681335449219,4700,1,0.3062499999999999,6793.496520996094,4700,1,0.3062499999999999,11808.883575439453,4700,1,0.30000000000000004,45239.37159729004,4700,1,0.30000000000000004,37415.60691833496,4700,1,0.30000000000000004,46609.39659118652,4700,1,0.30000000000000004,28865.195190429688,4700,1,0.30000000000000004,7267.733352661133,4700,1,0.30000000000000004,7156.555374145508,4700,1,0.30000000000000004,6747.968444824219,4700,1,0.30000000000000004,6964.325012207031,4700,1,0.30000000000000004,5360.445541381836,3007,3007,3007,3007,3007,3007,3007,3007,3007,3007,3007,3007,4690,4691,3007,3007,3007,4690,3007,3007,3007,3007,3007,4690,88.8888931274414,0,0,0,21.052631378173828,5,28.571430206298828,0,31.57894515991211,35.29411697387695,0,0,26.3157901763916,0,0,0,0,35,15.789472579956055,100,0,0,0,0,66481098752,12884893696,1612951552,0
99,1780596514911,56786.60983276367,4700,1,0.30000000000000004,6930.684524536133,4700,1,0.3062499999999999,6793.499603271484,4700,1,0.3062499999999999,11809.128692626953,4700,1,0.30000000000000004,45239.75180053711,4700,1,0.30000000000000004,37415.97135925293,4700,1,0.30000000000000004,46609.84700012207,4700,1,0.30000000000000004,28865.883224487305,4700,1,0.30000000000000004,7267.73649597168,4700,1,0.30000000000000004,7156.558456420898,4700,1,0.30000000000000004,6747.971527099609,4700,1,0.30000000000000004,6964.328094482422,4700,1,0.30000000000000004,5366.174880981445,3007,3007,3007,3007,3007,3007,3007,3007,3007,3007,3007,3007,4690,4691,3007,3007,3007,4690,3007,3007,3007,3007,3007,4690,88.23529815673828,25,0,0,17.647058486938477,5,15.789472579956055,20,38.095237731933594,45,0,0,21.052631378173828,0,0,0,0,15.000000953674316,30.000001907348633,100,0,0,0,0,66481098752,12884893696,1611169792,0
99,1780596515011,56787.18202209473,4700,1,0.30000000000000004,6930.687576293945,4700,1,0.30000000000000004,6793.502716064453,4700,1,0.30000000000000004,11809.444442749023,4700,1,0.30000000000000004,45240.15460205078,4700,1,0.30000000000000004,37416.335678100586,4700,1,0.30000000000000004,46610.25622558594,4700,1,0.30000000000000004,28866.575271606445,4700,1,0.30000000000000004,7267.739730834961,4700,1,0.30000000000000004,7156.561508178711,4700,1,0.30000000000000004,6747.974578857422,4700,1,0.30000000000000004,6964.331146240234,4700,1,0.30000000000000004,5371.88395690918,3007,3007,3007,3007,3007,3007,3007,3007,3007,3007,3007,3007,4690,4691,3007,3007,3007,4690,3007,3007,3007,3007,3007,4690,88.23529815673828,25,0,0,17.647058486938477,5,15.789472579956055,20,38.095237731933594,45,0,0,21.052631378173828,0,0,0,0,15.000000953674316,30.000001907348633,100,0,0,0,0,66481098752,12884893696,1617010688,0
99,1780596515111,56787.79884338379,4700,1,0.3062499999999999,6930.690658569336,4700,1,0.3062499999999999,6793.505798339844,4700,1,0.3062499999999999,11809.744903564453,4700,1,0.3062499999999999,45240.607650756836,4700,1,0.3062499999999999,37416.74252319336,4700,1,0.3062499999999999,46610.49116516113,4700,1,0.3062499999999999,28867.2530670166,4700,1,0.3062499999999999,7267.74284362793,4700,1,0.3062499999999999,7156.564590454102,4700,1,0.3062499999999999,6747.9776611328125,4700,1,0.3062499999999999,6964.334228515625,4700,1,0.3062499999999999,5377.510726928711,3007,3007,3007,3007,3007,3007,3007,3007,3007,3007,3007,3007,4690,4691,3007,3007,3007,4690,3007,3007,3007,3007,3007,4690,85,10.526315689086914,0,0,21.052631378173828,14.285715103149414,22.22222328186035,16.666667938232422,17.647058486938477,47.05882263183594,0,0,16.666667938232422,0,0,0,0,20,0,100,0,0,0,0,66481098752,12884893696,1614286848,0
99,1780596515211,56788.3683013916,4700,1,0.3062499999999999,6930.693801879883,4700,1,0.3062499999999999,6793.508895874023,4700,1,0.3062499999999999,11809.891860961914,4700,1,0.3062499999999999,45241.01824951172,4700,1,0.3062499999999999,37417.22476196289,4700,1,0.3062499999999999,46610.87503051758,4700,1,0.3062499999999999,28867.934860229492,4700,1,0.3062499999999999,7267.746002197266,4700,1,0.3062499999999999,7156.567672729492,4700,1,0.3062499999999999,6747.980743408203,4700,1,0.3062499999999999,6964.337310791016,4700,1,0.3062499999999999,5383.23860168457,3007,3007,3007,3007,3007,3007,3007,3007,3007,3007,3007,3007,4690,4691,3007,3007,3007,4690,3007,3007,3007,3007,3007,4690,85,10.526315689086914,0,0,21.052631378173828,14.285715103149414,22.22222328186035,16.666667938232422,17.647058486938477,47.05882263183594,0,0,16.666667938232422,0,0,0,0,20,0,100,0,0,0,0,66481098752,12884893696,1614413824,0
99,1780596515311,56788.98812866211,4700,1,0.3062499999999999,6930.696884155273,4700,1,0.3062499999999999,6793.512069702148,4700,1,0.3062499999999999,11810.210861206055,4700,1,0.3062499999999999,45241.46488952637,4700,1,0.3062499999999999,37417.62762451172,4700,1,0.3062499999999999,46611.23017883301,4700,1,0.3062499999999999,28868.577209472656,4700,1,0.3062499999999999,7267.749374389648,4700,1,0.3062499999999999,7156.570755004883,4700,1,0.3062499999999999,6747.983825683594,4700,1,0.3062499999999999,6964.3404541015625,4700,1,0.3062499999999999,5388.983856201172,3007,3007,3007,3007,3007,3007,3007,3007,3007,3007,3007,3007,4690,4691,3007,3007,3007,4690,3007,3007,3007,3007,3007,4690,88.8888931274414,10,0,0,22.22222328186035,10,31.57894515991211,26.3157901763916,20,40,0,0,19.047618865966797,0,0,0,0,22.22222328186035,11.111111640930176,100,0,0,0,0,66481098752,12884893696,1610043392,0
99,1780596515411,56789.59506225586,4700,1,0.3062499999999999,6930.70002746582,4700,1,0.3062499999999999,6793.515213012695,4700,1,0.3062499999999999,11810.6552734375,4700,1,0.3062499999999999,45241.92221069336,4700,1,0.3062499999999999,37417.8447265625,4700,1,0.3062499999999999,46611.67906188965,4700,1,0.3062499999999999,28869.193878173828,4700,1,0.3062499999999999,7267.752593994141,4700,1,0.3062499999999999,7156.573837280273,4700,1,0.3062499999999999,6747.986907958984,4700,1,0.3062499999999999,6964.343536376953,4700,1,0.3062499999999999,5394.744430541992,3007,3007,3007,3007,3007,3007,3007,3007,3007,3007,3007,3007,4690,4691,3007,3007,3007,4690,3007,3007,3007,3007,3007,4690,88.8888931274414,10,0,0,22.22222328186035,10,31.57894515991211,26.3157901763916,20,40,0,0,19.047618865966797,0,0,0,0,22.22222328186035,11.111111640930176,100,0,0,0,0,66481098752,12884893696,1616588800,0
99,1780596515511,56790.16441345215,4700,1,0.3062499999999999,6930.703109741211,4700,1,0.3062499999999999,6793.518295288086,4700,1,0.3062499999999999,11810.897979736328,4700,1,0.3062499999999999,45242.34454345703,4700,1,0.3062499999999999,37418.170959472656,4700,1,0.3062499999999999,46612.165954589844,4700,1,0.3062499999999999,28869.873245239258,4700,1,0.3062499999999999,7267.756057739258,4700,1,0.3062499999999999,7156.576919555664,4700,1,0.3062499999999999,6747.989990234375,4700,1,0.3062499999999999,6964.346618652344,4700,1,0.3062499999999999,5400.518600463867,3007,3007,3007,3007,3007,3007,3007,3007,3007,3007,3007,3007,4690,4691,3007,3007,3007,4690,3007,3007,3007,3007,3007,4690,89.47368621826172,21.052631378173828,0,0,21.052631378173828,5.882352828979492,21.052631378173828,23.809524536132813,27.77777862548828,31.57894515991211,0,0,23.52941131591797,0,0,0,0,0,21.052631378173828,100,0,0,0,0,66481098752,12884893696,1616605184,0
99,1780596515611,56790.759338378906,4700,1,0.3062499999999999,6930.706192016602,4700,1,0.3062499999999999,6793.521377563477,4700,1,0.3062499999999999,11811.224014282227,4700,1,0.3062499999999999,45242.782287597656,4700,1,0.3062499999999999,37418.53025817871,4700,1,0.3062499999999999,46612.558334350586,4700,1,0.3062499999999999,28870.566970825195,4700,1,0.3062499999999999,7267.759567260742,4700,1,0.3062499999999999,7156.580001831055,4700,1,0.3062499999999999,6747.993072509766,4700,1,0.3062499999999999,6964.349700927734,4700,1,0.3062499999999999,5406.276412963867,3007,3007,3007,3007,3007,3007,3007,3007,3007,3007,3007,3007,4690,4691,3007,3007,3007,4690,3007,3007,3007,3007,3007,4690,89.47368621826172,21.052631378173828,0,0,21.052631378173828,5.882352828979492,21.052631378173828,23.809524536132813,27.77777862548828,31.57894515991211,0,0,23.52941131591797,0,0,0,0,0,21.052631378173828,100,0,0,0,0,66481098752,12884893696,1611763712,0
99,1780596515711,56791.360595703125,4700,1,0.3062499999999999,6930.7093505859375,4700,1,0.3062499999999999,6793.524459838867,4700,1,0.3062499999999999,11811.590866088867,4700,1,0.3062499999999999,45243.182205200195,4700,1,0.3062499999999999,37418.8956451416,4700,1,0.3062499999999999,46612.93389892578,4700,1,0.3062499999999999,28871.248123168945,4700,1,0.3062499999999999,7267.770080566406,4700,1,0.3062499999999999,7156.583053588867,4700,1,0.3062499999999999,6747.996124267578,4700,1,0.3062499999999999,6964.352783203125,4700,1,0.3062499999999999,5412.054718017578,3007,3007,3007,3007,3007,3007,3007,3007,3007,3007,3007,3007,4690,4691,3007,3007,3007,4690,3007,3007,3007,3007,3007,4690,84.21052551269531,22.22222328186035,0,0,22.22222328186035,5,10.526315689086914,26.3157901763916,20,47.05882263183594,0,0,22.22222328186035,0,0,0,0,10,22.22222328186035,100,0,0,0,0,66481098752,12884893696,1611431936,0
99,1780596515811,56791.97378540039,4700,1,0.3062499999999999,6930.71240234375,4700,1,0.3062499999999999,6793.527572631836,4700,1,0.3062499999999999,11811.944702148438,4700,1,0.3062499999999999,45243.591049194336,4700,1,0.3062499999999999,37419.36503601074,4700,1,0.3062499999999999,46613.171463012695,4700,1,0.3062499999999999,28871.93963623047,4700,1,0.3062499999999999,7267.773193359375,4700,1,0.3062499999999999,7156.586135864258,4700,1,0.3062499999999999,6747.999206542969,4700,1,0.3062499999999999,6964.3558349609375,4700,1,0.3062499999999999,5417.703567504883,3007,3007,3007,3007,3007,3007,3007,3007,3007,3007,3007,3007,4690,4691,3007,3007,3007,4690,3007,3007,3007,3007,3007,4690,84.21052551269531,22.22222328186035,0,0,22.22222328186035,5,10.526315689086914,26.3157901763916,20,47.05882263183594,0,0,22.22222328186035,0,0,0,0,10,22.22222328186035,100,0,0,0,0,66481098752,12884893696,1611436032,0
99,1780596515911,56792.55366516113,4700,1,0.3062499999999999,6930.715560913086,4700,1,0.3062499999999999,6793.530654907227,4700,1,0.3062499999999999,11812.360885620117,4700,1,0.3062499999999999,45243.92463684082,4700,1,0.3062499999999999,37419.76502990723,4700,1,0.3062499999999999,46613.58380126953,4700,1,0.3062499999999999,28872.601043701172,4700,1,0.3062499999999999,7267.776336669922,4700,1,0.3062499999999999,7156.589218139648,4700,1,0.3062499999999999,6748.002288818359,4700,1,0.3062499999999999,6964.358917236328,4700,1,0.3062499999999999,5423.496078491211,3007,3007,3007,3007,3007,3007,3007,3007,3007,3007,3007,3007,4690,4691,3007,3007,3007,4690,3007,3007,3007,3007,3007,4690,88.8888931274414,0,0,0,28.571430206298828,22.22222328186035,25,27.77777862548828,25,45,0,0,23.809524536132813,0,0,0,0,15.789472579956055,5.263157844543457,100,0,0,0,0,66481098752,12884893696,1613295616,0
99,1780596516012,56793.16682434082,4700,1,0.3062499999999999,6930.718643188477,4700,1,0.3062499999999999,6793.533737182617,4700,1,0.3062499999999999,11812.543090820313,4700,1,0.3062499999999999,45244.386154174805,4700,1,0.3062499999999999,37420.245681762695,4700,1,0.3062499999999999,46613.955139160156,4700,1,0.3062499999999999,28873.23518371582,4700,1,0.3062499999999999,7267.7794189453125,4700,1,0.3062499999999999,7156.592300415039,4700,1,0.3062499999999999,6748.00537109375,4700,1,0.3062499999999999,6964.361999511719,4700,1,0.3062499999999999,5429.339096069336,3007,3007,3007,3007,3007,3007,3007,3007,3007,3007,3007,3007,4690,4691,3007,3007,3007,4690,3007,3007,3007,3007,3007,4690,88.8888931274414,0,0,0,28.571430206298828,22.22222328186035,25,27.77777862548828,25,45,0,0,23.809524536132813,0,0,0,0,15.789472579956055,5.263157844543457,100,0,0,0,0,66481098752,12884893696,1617211392,0
99,1780596516111,56793.71731567383,4700,1,0.3062499999999999,6930.721725463867,4700,1,0.3062499999999999,6793.536819458008,4700,1,0.3062499999999999,11812.743911743164,4700,1,0.3062499999999999,45244.83821105957,4700,1,0.3062499999999999,37420.67459106445,4700,1,0.3062499999999999,46614.36088562012,4700,1,0.3062499999999999,28873.933227539063,4700,1,0.3062499999999999,7267.782531738281,4700,1,0.3062499999999999,7156.59538269043,4700,1,0.3062499999999999,6748.008453369141,4700,1,0.3062499999999999,6964.365081787109,4700,1,0.3062499999999999,5435.055282592773,3007,3007,3007,3007,3007,3007,3007,3007,3007,3007,3007,3007,4690,4691,3007,3007,3007,4690,3007,3007,3007,3007,3007,4690,84.21052551269531,5.263157844543457,0,0,28.571430206298828,10,23.52941131591797,21.052631378173828,27.77777862548828,42.105262756347656,0,0,16.666667938232422,0,0,0,0,18.75,14.285715103149414,100,0,0,0,0,66481098752,12884893696,1612320768,0
99,1780596516212,56794.31694030762,4700,1,0.3062499999999999,6930.724884033203,4700,1,0.3062499999999999,6793.539993286133,4700,1,0.3062499999999999,11813.022827148438,4700,1,0.3062499999999999,45245.2744140625,4700,1,0.3062499999999999,37421.04838562012,4700,1,0.3062499999999999,46614.78175354004,4700,1,0.3062499999999999,28874.621459960938,4700,1,0.3062499999999999,7267.785690307617,4700,1,0.3062499999999999,7156.59846496582,4700,1,0.3062499999999999,6748.011535644531,4700,1,0.3062499999999999,6964.3681640625,4700,1,0.3062499999999999,5440.776458740234,3007,3007,3007,3007,3007,3007,3007,3007,3007,3007,3007,3007,4690,4691,3007,3007,3007,4690,3007,3007,3007,3007,3007,4690,84.21052551269531,5.263157844543457,0,0,28.571430206298828,10,23.52941131591797,21.052631378173828,27.77777862548828,42.105262756347656,0,0,16.666667938232422,0,0,0,0,18.75,14.285715103149414,100,0,0,0,0,66481098752,12884893696,1617985536,0
99,1780596516312,56794.91700744629,4700,1,0.30000000000000004,6930.727966308594,4700,1,0.3062499999999999,6793.543167114258,4700,1,0.3062499999999999,11813.175704956055,4700,1,0.30000000000000004,45245.57344055176,4700,1,0.30000000000000004,37421.46208190918,4700,1,0.30000000000000004,46615.27459716797,4700,1,0.30000000000000004,28875.311004638672,4700,1,0.30000000000000004,7267.78889465332,4700,1,0.30000000000000004,7156.601547241211,4700,1,0.30000000000000004,6748.014617919922,4700,1,0.30000000000000004,6964.371246337891,4700,1,0.3062499999999999,5446.455657958984,3007,3007,3007,3007,3007,3007,3007,3007,3007,3007,3007,3007,4690,4691,3007,3007,3007,4690,3007,3007,3007,3007,3007,4690,88.8888931274414,9.523809432983398,0,0,22.22222328186035,5,20,11.111111640930176,11.764705657958984,37.5,0,0,20,0,0,0,0,21.052631378173828,35,100,0,0,0,0,66481098752,12884893696,1617424384,0
99,1780596516412,56795.47898864746,4700,1,0.30000000000000004,6930.73112487793,4700,1,0.30000000000000004,6793.546249389648,4700,1,0.30000000000000004,11813.476333618164,4700,1,0.30000000000000004,45245.920166015625,4700,1,0.30000000000000004,37421.835861206055,4700,1,0.30000000000000004,46615.68690490723,4700,1,0.30000000000000004,28876.01023864746,4700,1,0.30000000000000004,7267.792373657227,4700,1,0.30000000000000004,7156.604629516602,4700,1,0.30000000000000004,6748.0177001953125,4700,1,0.30000000000000004,6964.374328613281,4700,1,0.30000000000000004,5452.147857666016,3007,3007,3007,3007,3007,3007,3007,3007,3007,3007,3007,3007,4690,4691,3007,3007,3007,4690,3007,3007,3007,3007,3007,4690,88.8888931274414,9.523809432983398,0,0,22.22222328186035,5,20,11.111111640930176,11.764705657958984,37.5,0,0,20,0,0,0,0,21.052631378173828,35,100,0,0,0,0,66481098752,12884893696,1614671872,0
99,1780596516512,56796.11218261719,4700,1,0.3062499999999999,6930.73420715332,4700,1,0.3062499999999999,6793.549331665039,4700,1,0.3062499999999999,11813.873275756836,4700,1,0.3062499999999999,45246.30194091797,4700,1,0.3062499999999999,37422.194580078125,4700,1,0.3062499999999999,46616.08268737793,4700,1,0.3062499999999999,28876.6856842041,4700,1,0.3062499999999999,7267.795913696289,4700,1,0.3062499999999999,7156.607711791992,4700,1,0.3062499999999999,6748.020782470703,4700,1,0.3062499999999999,6964.377410888672,4700,1,0.3062499999999999,5457.932693481445,3007,3007,3007,3007,3007,3007,3007,3007,3007,3007,3007,3007,4690,4691,3007,3007,3007,4690,3007,3007,3007,3007,3007,4690,89.47368621826172,16.666667938232422,0,0,16.666667938232422,10.526315689086914,0,15.000000953674316,23.809524536132813,50,0,0,31.57894515991211,0,0,0,0,28.571430206298828,26.3157901763916,100,0,0,0,0,66481098752,12884893696,1614401536,0
99,1780596516612,56796.75427246094,4700,1,0.3062499999999999,6930.737258911133,4700,1,0.3062499999999999,6793.552444458008,4700,1,0.3062499999999999,11814.207229614258,4700,1,0.3062499999999999,45246.710021972656,4700,1,0.3062499999999999,37422.58612060547,4700,1,0.3062499999999999,46616.50282287598,4700,1,0.3062499999999999,28877.372497558594,4700,1,0.3062499999999999,7267.799240112305,4700,1,0.3062499999999999,7156.610763549805,4700,1,0.3062499999999999,6748.023834228516,4700,1,0.3062499999999999,6964.380462646484,4700,1,0.3062499999999999,5463.681182861328,3007,3007,3007,3007,3007,3007,3007,3007,3007,3007,3007,3007,4690,4691,3007,3007,3007,4690,3007,3007,3007,3007,3007,4690,89.47368621826172,16.666667938232422,0,0,16.666667938232422,10.526315689086914,0,15.000000953674316,23.809524536132813,50,0,0,31.57894515991211,0,0,0,0,28.571430206298828,26.3157901763916,100,0,0,0,0,66481098752,12884893696,1614389248,0
99,1780596516712,56797.37937927246,4700,1,0.3062499999999999,6930.774185180664,4700,1,0.3062499999999999,6793.555526733398,4700,1,0.3062499999999999,11814.545486450195,4700,1,0.3062499999999999,45247.210525512695,4700,1,0.3062499999999999,37423.07850646973,4700,1,0.3062499999999999,46616.96725463867,4700,1,0.3062499999999999,28878.062942504883,4700,1,0.3062499999999999,7267.882354736328,4700,1,0.3062499999999999,7156.614044189453,4700,1,0.3062499999999999,6748.026916503906,4700,1,0.3062499999999999,6964.412490844727,4700,1,0.3062499999999999,5469.823638916016,3007,3007,3007,3007,3007,3007,3007,3007,3007,3007,3007,3007,4690,4691,3007,3007,3007,4690,3007,3007,3007,3007,3007,4690,88.8888931274414,20,0,0,16.666667938232422,11.111111640930176,16.666667938232422,22.22222328186035,25,41.17647171020508,0,0,38.095237731933594,0,0,0,0,25,27.77777862548828,100,9.523809432983398,0,0,4.761904716491699,66481098752,12884893696,1611620352,0
99,1780596516812,56797.97384643555,4700,1,0.3062499999999999,6930.777267456055,4700,1,0.3062499999999999,6793.558609008789,4700,1,0.3062499999999999,11814.926345825195,4700,1,0.3062499999999999,45247.65246582031,4700,1,0.3062499999999999,37423.49641418457,4700,1,0.3062499999999999,46617.40171813965,4700,1,0.3062499999999999,28878.675354003906,4700,1,0.3062499999999999,7267.885498046875,4700,1,0.3062499999999999,7156.617126464844,4700,1,0.3062499999999999,6748.029998779297,4700,1,0.3062499999999999,6964.415573120117,4700,1,0.3062499999999999,5475.6802978515625,3007,3007,3007,3007,3007,3007,3007,3007,3007,3007,3007,3007,4690,4691,3007,3007,3007,4690,3007,3007,3007,3007,3007,4690,88.8888931274414,20,0,0,16.666667938232422,11.111111640930176,16.666667938232422,22.22222328186035,25,41.17647171020508,0,0,38.095237731933594,0,0,0,0,25,27.77777862548828,100,9.523809432983398,0,0,4.761904716491699,66481098752,12884893696,1613398016,0
99,1780596516912,56798.57167053223,4700,1,0.30000000000000004,6930.780426025391,4700,1,0.3062499999999999,6793.56169128418,4700,1,0.3062499999999999,11815.35952758789,4700,1,0.3062499999999999,45248.03022766113,4700,1,0.3062499999999999,37423.91059875488,4700,1,0.3062499999999999,46617.621322631836,4700,1,0.3062499999999999,28879.36656188965,4700,1,0.3062499999999999,7267.888641357422,4700,1,0.3062499999999999,7156.620208740234,4700,1,0.3062499999999999,6748.0330810546875,4700,1,0.3062499999999999,6964.418655395508,4700,1,0.3062499999999999,5481.362854003906,3007,3007,3007,3007,3007,3007,3007,3007,3007,3007,3007,3007,4690,4691,3007,3007,3007,4690,3007,3007,3007,3007,3007,4690,94.44444274902344,11.111111640930176,0,0,10,33.333335876464844,20,21.052631378173828,26.3157901763916,33.333335876464844,0,0,22.22222328186035,0,0,0,0,27.77777862548828,18.18181800842285,100,0,0,0,0,66481098752,12884893696,1611644928,0
99,1780596517012,56799.218002319336,4700,1,0.3062499999999999,6930.783508300781,4700,1,0.3062499999999999,6793.564834594727,4700,1,0.3062499999999999,11815.734024047852,4700,1,0.3062499999999999,45248.37966918945,4700,1,0.3062499999999999,37424.33784484863,4700,1,0.3062499999999999,46617.99848937988,4700,1,0.3062499999999999,28880.045684814453,4700,1,0.3062499999999999,7267.892105102539,4700,1,0.3062499999999999,7156.623291015625,4700,1,0.3062499999999999,6748.036163330078,4700,1,0.3062499999999999,6964.421737670898,4700,1,0.3062499999999999,5487.125,3007,3007,3007,3007,3007,3007,3007,3007,3007,3007,3007,3007,4690,4691,3007,3007,3007,4690,3007,3007,3007,3007,3007,4690,94.44444274902344,11.111111640930176,0,0,10,33.333335876464844,20,21.052631378173828,26.3157901763916,33.333335876464844,0,0,22.22222328186035,0,0,0,0,27.77777862548828,18.18181800842285,100,0,0,0,0,66481098752,12884893696,1620279296,0
99,1780596517112,56799.81033325195,4700,1,0.3062499999999999,6930.786590576172,4700,1,0.3062499999999999,6793.567916870117,4700,1,0.3062499999999999,11816.110107421875,4700,1,0.3062499999999999,45248.77342224121,4700,1,0.3062499999999999,37424.731201171875,4700,1,0.3062499999999999,46618.443939208984,4700,1,0.3062499999999999,28880.73207092285,4700,1,0.3062499999999999,7267.90299987793,4700,1,0.3062499999999999,7156.626373291016,4700,1,0.3062499999999999,6748.039245605469,4700,1,0.3062499999999999,6964.424819946289,4700,1,0.3062499999999999,5492.921417236328,3007,3007,3007,3007,3007,3007,3007,3007,3007,3007,3007,3007,4690,4691,3007,3007,3007,4690,3007,3007,3007,3007,3007,4690,89.47368621826172,22.22222328186035,0,0,21.052631378173828,15.000000953674316,0,26.3157901763916,21.052631378173828,41.17647171020508,0,0,21.052631378173828,0,0,0,0,15.000000953674316,11.764705657958984,100,0,0,0,0,66481098752,12884893696,1616781312,0
99,1780596517212,56800.422927856445,4700,1,0.30000000000000004,6930.78971862793,4700,1,0.30000000000000004,6793.571029663086,4700,1,0.30000000000000004,11816.467727661133,4700,1,0.30000000000000004,45249.20249938965,4700,1,0.30000000000000004,37425.12228393555,4700,1,0.30000000000000004,46618.85302734375,4700,1,0.30000000000000004,28881.389694213867,4700,1,0.30000000000000004,7267.906112670898,4700,1,0.30000000000000004,7156.629425048828,4700,1,0.30000000000000004,6748.042297363281,4700,1,0.30000000000000004,6964.427871704102,4700,1,0.30000000000000004,5498.7586669921875,3007,3007,3007,3007,3007,3007,3007,3007,3007,3007,3007,3007,4690,4691,3007,3007,3007,4690,3007,3007,3007,3007,3007,4690,89.47368621826172,22.22222328186035,0,0,21.052631378173828,15.000000953674316,0,26.3157901763916,21.052631378173828,41.17647171020508,0,0,21.052631378173828,0,0,0,0,15.000000953674316,11.764705657958984,100,0,0,0,0,66481098752,12884893696,1613561856,0
99,1780596517312,56801.034255981445,4700,1,0.3062499999999999,6930.792831420898,4700,1,0.3062499999999999,6793.574203491211,4700,1,0.3062499999999999,11816.865325927734,4700,1,0.3062499999999999,45249.64929199219,4700,1,0.3062499999999999,37425.43663024902,4700,1,0.3062499999999999,46619.16111755371,4700,1,0.3062499999999999,28882.085815429688,4700,1,0.3062499999999999,7267.909194946289,4700,1,0.3062499999999999,7156.632507324219,4700,1,0.3062499999999999,6748.045379638672,4700,1,0.3062499999999999,6964.430953979492,4700,1,0.3062499999999999,5504.3929443359375,3007,3007,3007,3007,3007,3007,3007,3007,3007,3007,3007,3007,4690,4691,3007,3007,3007,4690,3007,3007,3007,3007,3007,4690,94.73684692382813,11.111111640930176,0,0,19.047618865966797,11.764705657958984,26.3157901763916,26.3157901763916,21.052631378173828,31.25,0,0,16.666667938232422,0,0,0,0,9.523809432983398,20,100,0,0,0,0,66481098752,12884893696,1621577728,0
99,1780596517412,56801.63084411621,4700,1,0.3062499999999999,6930.795944213867,4700,1,0.3062499999999999,6793.57731628418,4700,1,0.3062499999999999,11817.117767333984,4700,1,0.3062499999999999,45250.063903808594,4700,1,0.3062499999999999,37425.82078552246,4700,1,0.3062499999999999,46619.59020996094,4700,1,0.3062499999999999,28882.77377319336,4700,1,0.3062499999999999,7267.912551879883,4700,1,0.3062499999999999,7156.635589599609,4700,1,0.3062499999999999,6748.0484619140625,4700,1,0.3062499999999999,6964.434036254883,4700,1,0.3062499999999999,5510.047256469727,3007,3007,3007,3007,3007,3007,3007,3007,3007,3007,3007,3007,4690,4691,3007,3007,3007,4690,3007,3007,3007,3007,3007,4690,94.73684692382813,11.111111640930176,0,0,19.047618865966797,11.764705657958984,26.3157901763916,26.3157901763916,21.052631378173828,31.25,0,0,16.666667938232422,0,0,0,0,9.523809432983398,20,100,0,0,0,0,66481098752,12884893696,1617149952,0
99,1780596517512,56802.209075927734,4700,1,0.3062499999999999,6930.806091308594,4700,1,0.3062499999999999,6793.58039855957,4700,1,0.3062499999999999,11817.454498291016,4700,1,0.3062499999999999,45250.543853759766,4700,1,0.3062499999999999,37426.158203125,4700,1,0.3062499999999999,46620.00747680664,4700,1,0.3062499999999999,28883.454788208008,4700,1,0.3062499999999999,7267.915664672852,4700,1,0.3062499999999999,7156.638671875,4700,1,0.3062499999999999,6748.051544189453,4700,1,0.3062499999999999,6964.437118530273,4700,1,0.3062499999999999,5515.7650146484375,3007,3007,3007,3007,3007,3007,3007,3007,3007,3007,3007,3007,4690,4691,3007,3007,3007,4690,3007,3007,3007,3007,3007,4690,89.47368621826172,19.047618865966797,0,0,14.285715103149414,15.000000953674316,27.77777862548828,11.111111640930176,30.000001907348633,41.17647171020508,0,0,22.22222328186035,0,0,0,0,5.882352828979492,23.809524536132813,100,0,0,0,0,66481098752,12884893696,1615757312,0
99,1780596517612,56802.858825683594,4700,1,0.3062499999999999,6930.809173583984,4700,1,0.3062499999999999,6793.583480834961,4700,1,0.3062499999999999,11817.855987548828,4700,1,0.3062499999999999,45250.95506286621,4700,1,0.3062499999999999,37426.549728393555,4700,1,0.3062499999999999,46620.265075683594,4700,1,0.3062499999999999,28884.13623046875,4700,1,0.3062499999999999,7267.91877746582,4700,1,0.3062499999999999,7156.641754150391,4700,1,0.3062499999999999,6748.054626464844,4700,1,0.3062499999999999,6964.440292358398,4700,1,0.3062499999999999,5521.541717529297,3007,3007,3007,3007,3007,3007,3007,3007,3007,3007,3007,3007,4690,4691,3007,3007,3007,4690,3007,3007,3007,3007,3007,4690,89.47368621826172,19.047618865966797,0,0,14.285715103149414,15.000000953674316,27.77777862548828,11.111111640930176,30.000001907348633,41.17647171020508,0,0,22.22222328186035,0,0,0,0,5.882352828979492,23.809524536132813,100,0,0,0,0,66481098752,12884893696,1613905920,0
99,1780596517712,56803.43371582031,4700,1,0.3062499999999999,6930.812316894531,4700,1,0.3062499999999999,6793.586563110352,4700,1,0.3062499999999999,11818.271728515625,4700,1,0.3062499999999999,45251.407135009766,4700,1,0.3062499999999999,37427.01510620117,4700,1,0.3062499999999999,46620.5340423584,4700,1,0.3062499999999999,28884.83367919922,4700,1,0.3062499999999999,7267.922149658203,4700,1,0.3062499999999999,7156.644836425781,4700,1,0.3062499999999999,6748.057708740234,4700,1,0.3062499999999999,6964.443374633789,4700,1,0.3062499999999999,5527.282257080078,3007,3007,3007,3007,3007,3007,3007,3007,3007,3007,3007,3007,4690,4691,3007,3007,3007,4690,3007,3007,3007,3007,3007,4690,90,16.666667938232422,0,0,11.111111640930176,20,26.3157901763916,28.571430206298828,0,50,0,0,16.666667938232422,0,0,0,0,26.3157901763916,5.555555820465088,100,0,0,0,0,66481098752,12884893696,1622810624,0
99,1780596517812,56803.9889831543,4700,1,0.3062499999999999,6930.815399169922,4700,1,0.3062499999999999,6793.589706420898,4700,1,0.3062499999999999,11818.478164672852,4700,1,0.3062499999999999,45251.86999511719,4700,1,0.3062499999999999,37427.42463684082,4700,1,0.3062499999999999,46621.0041809082,4700,1,0.3062499999999999,28885.528869628906,4700,1,0.3062499999999999,7267.925231933594,4700,1,0.3062499999999999,7156.647918701172,4700,1,0.3062499999999999,6748.060791015625,4700,1,0.3062499999999999,6964.44645690918,4700,1,0.3062499999999999,5533.031799316406,3007,3007,3007,3007,3007,3007,3007,3007,3007,3007,3007,3007,4690,4691,3007,3007,3007,4690,3007,3007,3007,3007,3007,4690,90,16.666667938232422,0,0,11.111111640930176,20,26.3157901763916,28.571430206298828,0,50,0,0,16.666667938232422,0,0,0,0,26.3157901763916,5.555555820465088,100,0,0,0,0,66481098752,12884893696,1616306176,0
99,1780596517912,56804.564880371094,4700,1,0.3062499999999999,6930.833145141602,4700,1,0.3062499999999999,6793.610580444336,4700,1,0.3062499999999999,11818.57666015625,4700,1,0.3062499999999999,45252.309005737305,4700,1,0.3062499999999999,37427.8406829834,4700,1,0.3062499999999999,46621.465255737305,4700,1,0.3062499999999999,28886.183837890625,4700,1,0.3062499999999999,7267.959823608398,4700,1,0.3062499999999999,7156.664520263672,4700,1,0.3062499999999999,6748.071975708008,4700,1,0.3062499999999999,6964.457534790039,4700,1,0.3062499999999999,5538.715744018555,3007,3007,3007,3007,3007,3007,3007,3007,3007,3007,3007,3007,4690,4691,3007,3007,3007,4690,3007,3007,3007,3007,3007,4690,88.8888931274414,5,0,0,4.761904716491699,0,26.3157901763916,16.666667938232422,31.57894515991211,33.333335876464844,0,0,22.22222328186035,0,0,0,0,28.571430206298828,17.647058486938477,95.23809814453125,0,0,0,0,66481098752,12884893696,1624195072,0
99,1780596518013,56805.16062927246,4700,1,0.3062499999999999,6930.846832275391,4700,1,0.3062499999999999,6793.632385253906,4700,1,0.3062499999999999,11818.865585327148,4700,1,0.3062499999999999,45252.67402648926,4700,1,0.3062499999999999,37428.18753051758,4700,1,0.3062499999999999,46621.90185546875,4700,1,0.3062499999999999,28886.788146972656,4700,1,0.3062499999999999,7267.969192504883,4700,1,0.3062499999999999,7156.672698974609,4700,1,0.3062499999999999,6748.076065063477,4700,1,0.3062499999999999,6964.463592529297,4700,1,0.3062499999999999,5544.124176025391,3007,3007,3007,3007,3007,3007,3007,3007,3007,3007,3007,3007,4690,4691,3007,3007,3007,4690,3007,3007,3007,3007,3007,4690,88.8888931274414,5,0,0,4.761904716491699,0,26.3157901763916,16.666667938232422,31.57894515991211,33.333335876464844,0,0,22.22222328186035,0,0,0,0,28.571430206298828,17.647058486938477,95.23809814453125,0,0,0,0,66481098752,12884893696,1624674304,0
99,1780596518113,56805.771087646484,4700,1,0.3062499999999999,6930.850357055664,4700,1,0.3062499999999999,6793.640167236328,4700,1,0.3062499999999999,11819.214096069336,4700,1,0.3062499999999999,45253.12124633789,4700,1,0.3062499999999999,37428.58236694336,4700,1,0.3062499999999999,46622.21565246582,4700,1,0.3062499999999999,28887.469665527344,4700,1,0.3062499999999999,7267.973251342773,4700,1,0.3062499999999999,7156.675888061523,4700,1,0.3062499999999999,6748.079620361328,4700,1,0.3062499999999999,6964.467102050781,4700,1,0.3062499999999999,5549.777313232422,3007,3007,3007,3007,3007,3007,3007,3007,3007,3007,3007,3007,4690,4691,3007,3007,3007,4690,3007,3007,3007,3007,3007,4690,94.11764526367188,10.526315689086914,0,0,5.555555820465088,15.789472579956055,26.3157901763916,19.047618865966797,15.000000953674316,42.105262756347656,0,0,21.052631378173828,0,0,0,0,22.22222328186035,17.647058486938477,95,0,0,0,0,66481098752,12884893696,1623556096,0
99,1780596518213,56806.3709564209,4700,1,0.3062499999999999,6930.853546142578,4700,1,0.3062499999999999,6793.645095825195,4700,1,0.3062499999999999,11819.596878051758,4700,1,0.3062499999999999,45253.4705657959,4700,1,0.3062499999999999,37428.922302246094,4700,1,0.3062499999999999,46622.69679260254,4700,1,0.3062499999999999,28888.162979125977,4700,1,0.3062499999999999,7267.976425170898,4700,1,0.3062499999999999,7156.678985595703,4700,1,0.3062499999999999,6748.082702636719,4700,1,0.3062499999999999,6964.470184326172,4700,1,0.3062499999999999,5555.58203125,3007,3007,3007,3007,3007,3007,3007,3007,3007,3007,3007,3007,4690,4691,3007,3007,3007,4690,3007,3007,3007,3007,3007,4690,94.11764526367188,10.526315689086914,0,0,5.555555820465088,15.789472579956055,26.3157901763916,19.047618865966797,15.000000953674316,42.105262756347656,0,0,21.052631378173828,0,0,0,0,22.22222328186035,17.647058486938477,95,0,0,0,0,66481098752,12884893696,1622691840,0
99,1780596518313,56806.95182800293,4700,1,0.3062499999999999,6930.856628417969,4700,1,0.3062499999999999,6793.654876708984,4700,1,0.3062499999999999,11820.02001953125,4700,1,0.3062499999999999,45253.76118469238,4700,1,0.3062499999999999,37429.40138244629,4700,1,0.3062499999999999,46623.10411071777,4700,1,0.3062499999999999,28888.8475189209,4700,1,0.3062499999999999,7267.979537963867,4700,1,0.3062499999999999,7156.682067871094,4700,1,0.3062499999999999,6748.085784912109,4700,1,0.3062499999999999,6964.4732666015625,4700,1,0.3062499999999999,5561.372009277344,3007,3007,3007,3007,3007,3007,3007,3007,3007,3007,3007,3007,4690,4691,3007,3007,3007,4690,3007,3007,3007,3007,3007,4690,89.47368621826172,23.52941131591797,0,0,14.285715103149414,5,5,26.3157901763916,27.77777862548828,50,0,0,16.666667938232422,0,0,0,0,20,31.81818199157715,100,0,0,0,0,66481098752,12884893696,1623277568,0
99,1780596518413,56807.551696777344,4700,1,0.3062499999999999,6930.859771728516,4700,1,0.3062499999999999,6793.658020019531,4700,1,0.3062499999999999,11820.365463256836,4700,1,0.3062499999999999,45254.14616394043,4700,1,0.3062499999999999,37429.81416320801,4700,1,0.3062499999999999,46623.54698181152,4700,1,0.3062499999999999,28889.54005432129,4700,1,0.3062499999999999,7267.982727050781,4700,1,0.3062499999999999,7156.6851806640625,4700,1,0.3062499999999999,6748.088882446289,4700,1,0.3062499999999999,6964.476348876953,4700,1,0.3062499999999999,5567.136245727539,3007,3007,3007,3007,3007,3007,3007,3007,3007,3007,3007,3007,4690,4691,3007,3007,3007,4690,3007,3007,3007,3007,3007,4690,89.47368621826172,23.52941131591797,0,0,14.285715103149414,5,5,26.3157901763916,27.77777862548828,50,0,0,16.666667938232422,0,0,0,0,20,31.81818199157715,100,0,0,0,0,66481098752,12884893696,1624895488,0
99,1780596518513,56808.10218811035,4700,1,0.3062499999999999,6930.862884521484,4700,1,0.3062499999999999,6793.6611328125,4700,1,0.3062499999999999,11820.730697631836,4700,1,0.3062499999999999,45254.54571533203,4700,1,0.3062499999999999,37430.23866271973,4700,1,0.3062499999999999,46623.974670410156,4700,1,0.3062499999999999,28890.23553466797,4700,1,0.3062499999999999,7267.9859619140625,4700,1,0.3062499999999999,7156.688293457031,4700,1,0.3062499999999999,6748.091995239258,4700,1,0.3062499999999999,6964.4794921875,4700,1,0.3062499999999999,5572.916107177734,3007,3007,3007,3007,3007,3007,3007,3007,3007,3007,3007,3007,4690,4691,3007,3007,3007,4690,3007,3007,3007,3007,3007,4690,89.47368621826172,10.526315689086914,0,0,5.263157844543457,15.789472579956055,22.22222328186035,16.666667938232422,26.3157901763916,55,0,0,15.000000953674316,0,0,0,0,21.052631378173828,16.666667938232422,100,0,0,0,0,66481098752,12884893696,1623695360,0
99,1780596518613,56808.67254638672,4700,1,0.3062499999999999,6930.866012573242,4700,1,0.3062499999999999,6793.668548583984,4700,1,0.3062499999999999,11820.919799804688,4700,1,0.3062499999999999,45255.00556945801,4700,1,0.3062499999999999,37430.706481933594,4700,1,0.3062499999999999,46624.3459777832,4700,1,0.3062499999999999,28890.933349609375,4700,1,0.3062499999999999,7267.989303588867,4700,1,0.3062499999999999,7156.691421508789,4700,1,0.3062499999999999,6748.095123291016,4700,1,0.3062499999999999,6964.482666015625,4700,1,0.3062499999999999,5578.619064331055,3007,3007,3007,3007,3007,3007,3007,3007,3007,3007,3007,3007,4690,4691,3007,3007,3007,4690,3007,3007,3007,3007,3007,4690,89.47368621826172,10.526315689086914,0,0,5.263157844543457,15.789472579956055,22.22222328186035,16.666667938232422,26.3157901763916,55,0,0,15.000000953674316,0,0,0,0,21.052631378173828,16.666667938232422,100,0,0,0,0,66481098752,12884893696,1621868544,0
99,1780596518713,56809.281814575195,4700,1,0.30000000000000004,6930.869155883789,4700,1,0.30000000000000004,6793.672088623047,4700,1,0.30000000000000004,11821.114776611328,4700,1,0.30000000000000004,45255.48515319824,4700,1,0.30000000000000004,37431.094329833984,4700,1,0.30000000000000004,46624.73355102539,4700,1,0.30000000000000004,28891.616241455078,4700,1,0.30000000000000004,7267.992385864258,4700,1,0.30000000000000004,7156.694473266602,4700,1,0.30000000000000004,6748.098205566406,4700,1,0.30000000000000004,6964.485748291016,4700,1,0.30000000000000004,5584.3004150390625,3007,3007,3007,3007,3007,3007,3007,3007,3007,3007,3007,3007,4690,4691,3007,3007,3007,4690,3007,3007,3007,3007,3007,4690,88.8888931274414,9.523809432983398,0,0,5.263157844543457,0,31.57894515991211,12.5,17.647058486938477,47.36842346191406,0,0,26.3157901763916,0,0,0,0,16.666667938232422,10,100,0,0,0,0,66481098752,12884893696,1620697088,0
99,1780596518813,56809.87030029297,4700,1,0.3062499999999999,6930.87223815918,4700,1,0.3062499999999999,6793.6751708984375,4700,1,0.3062499999999999,11821.409286499023,4700,1,0.3062499999999999,45255.94250488281,4700,1,0.3062499999999999,37431.47006225586,4700,1,0.3062499999999999,46625.18405151367,4700,1,0.3062499999999999,28892.303619384766,4700,1,0.3062499999999999,7267.995620727539,4700,1,0.3062499999999999,7156.697555541992,4700,1,0.3062499999999999,6748.101287841797,4700,1,0.3062499999999999,6964.488845825195,4700,1,0.3062499999999999,5590.072311401367,3007,3007,3007,3007,3007,3007,3007,3007,3007,3007,3007,3007,4690,4691,3007,3007,3007,4690,3007,3007,3007,3007,3007,4690,88.8888931274414,9.523809432983398,0,0,5.263157844543457,0,31.57894515991211,12.5,17.647058486938477,47.36842346191406,0,0,26.3157901763916,0,0,0,0,16.666667938232422,10,100,0,0,0,0,66481098752,12884893696,1628221440,0
99,1780596518913,56810.507736206055,4700,1,0.3062499999999999,6930.875381469727,4700,1,0.3062499999999999,6793.682083129883,4700,1,0.3062499999999999,11821.61897277832,4700,1,0.3062499999999999,45256.4168548584,4700,1,0.3062499999999999,37431.87782287598,4700,1,0.3062499999999999,46625.50262451172,4700,1,0.3062499999999999,28892.990005493164,4700,1,0.3062499999999999,7267.998764038086,4700,1,0.3062499999999999,7156.700668334961,4700,1,0.3062499999999999,6748.104400634766,4700,1,0.3062499999999999,6964.491958618164,4700,1,0.3062499999999999,5595.880645751953,3007,3007,3007,3007,3007,3007,3007,3007,3007,3007,3007,3007,4690,4691,3007,3007,3007,4690,3007,3007,3007,3007,3007,4690,94.44444274902344,5.263157844543457,0,0,20,22.72727394104004,21.052631378173828,15.789472579956055,26.3157901763916,37.5,0,0,31.57894515991211,0,0,0,0,25,11.111111640930176,100,0,0,0,0,66481098752,12884893696,1621741568,0
99,1780596519013,56811.09411621094,4700,1,0.3062499999999999,6930.878463745117,4700,1,0.3062499999999999,6793.68522644043,4700,1,0.3062499999999999,11821.890548706055,4700,1,0.3062499999999999,45256.9022064209,4700,1,0.3062499999999999,37432.17332458496,4700,1,0.3062499999999999,46625.92045593262,4700,1,0.3062499999999999,28893.67626953125,4700,1,0.3062499999999999,7268.001937866211,4700,1,0.3062499999999999,7156.703826904297,4700,1,0.3062499999999999,6748.107482910156,4700,1,0.3062499999999999,6964.495040893555,4700,1,0.3062499999999999,5601.538864135742,3007,3007,3007,3007,3007,3007,3007,3007,3007,3007,3007,3007,4690,4691,3007,3007,3007,4690,3007,3007,3007,3007,3007,4690,94.44444274902344,5.263157844543457,0,0,20,22.72727394104004,21.052631378173828,15.789472579956055,26.3157901763916,37.5,0,0,31.57894515991211,0,0,0,0,25,11.111111640930176,100,0,0,0,0,66481098752,12884893696,1622724608,0
99,1780596519113,56811.692138671875,4700,1,0.30000000000000004,6930.881546020508,4700,1,0.3062499999999999,6793.68830871582,4700,1,0.3062499999999999,11822.12614440918,4700,1,0.3062499999999999,45257.333572387695,4700,1,0.3062499999999999,37432.4864654541,4700,1,0.3062499999999999,46626.40512084961,4700,1,0.3062499999999999,28894.361892700195,4700,1,0.3062499999999999,7268.005020141602,4700,1,0.3062499999999999,7156.7069091796875,4700,1,0.3062499999999999,6748.110565185547,4700,1,0.3062499999999999,6964.498123168945,4700,1,0.3062499999999999,5607.328887939453,3007,3007,3007,3007,3007,3007,3007,3007,3007,3007,3007,3007,4690,4691,3007,3007,3007,4690,3007,3007,3007,3007,3007,4690,88.8888931274414,5.263157844543457,0,0,0,15.000000953674316,31.57894515991211,10,16.666667938232422,50,0,0,22.22222328186035,0,0,0,0,15.789472579956055,35,100,0,0,0,0,66481098752,12884893696,1626968064,0
99,1780596519213,56812.30332946777,4700,1,0.3062499999999999,6930.884704589844,4700,1,0.3062499999999999,6793.69303894043,4700,1,0.3062499999999999,11822.36311340332,4700,1,0.3062499999999999,45257.76741027832,4700,1,0.3062499999999999,37432.77992248535,4700,1,0.3062499999999999,46626.867126464844,4700,1,0.3062499999999999,28895.051345825195,4700,1,0.3062499999999999,7268.008102416992,4700,1,0.3062499999999999,7156.709991455078,4700,1,0.3062499999999999,6748.1136474609375,4700,1,0.3062499999999999,6964.501205444336,4700,1,0.3062499999999999,5613.050765991211,3007,3007,3007,3007,3007,3007,3007,3007,3007,3007,3007,3007,4690,4691,3007,3007,3007,4690,3007,3007,3007,3007,3007,4690,88.8888931274414,5.263157844543457,0,0,0,15.000000953674316,31.57894515991211,10,16.666667938232422,50,0,0,22.22222328186035,0,0,0,0,15.789472579956055,35,100,0,0,0,0,66481098752,12884893696,1626136576,0
99,1780596519313,56812.85575866699,4700,1,0.30000000000000004,6930.887786865234,4700,1,0.30000000000000004,6793.700790405273,4700,1,0.30000000000000004,11822.764572143555,4700,1,0.30000000000000004,45258.19770812988,4700,1,0.30000000000000004,37433.17597961426,4700,1,0.30000000000000004,46627.230056762695,4700,1,0.30000000000000004,28895.745223999023,4700,1,0.30000000000000004,7268.011276245117,4700,1,0.30000000000000004,7156.713073730469,4700,1,0.30000000000000004,6748.116729736328,4700,1,0.30000000000000004,6964.504287719727,4700,1,0.30000000000000004,5618.843292236328,3007,3007,3007,3007,3007,3007,3007,3007,3007,3007,3007,3007,4690,4691,3007,3007,3007,4690,3007,3007,3007,3007,3007,4690,89.47368621826172,10.526315689086914,0,0,5.263157844543457,21.052631378173828,31.57894515991211,17.647058486938477,11.111111640930176,47.36842346191406,0,0,21.052631378173828,0,0,0,0,0,26.3157901763916,100,0,0,0,0,66481098752,12884893696,1619656704,0
99,1780596519413,56813.45440673828,4700,1,0.3062499999999999,6930.890930175781,4700,1,0.3062499999999999,6793.703903198242,4700,1,0.3062499999999999,11823.126220703125,4700,1,0.3062499999999999,45258.57292175293,4700,1,0.3062499999999999,37433.521911621094,4700,1,0.3062499999999999,46627.65788269043,4700,1,0.3062499999999999,28896.429092407227,4700,1,0.3062499999999999,7268.01432800293,4700,1,0.3062499999999999,7156.716125488281,4700,1,0.3062499999999999,6748.119781494141,4700,1,0.3062499999999999,6964.507369995117,4700,1,0.3062499999999999,5624.56803894043,3007,3007,3007,3007,3007,3007,3007,3007,3007,3007,3007,3007,4690,4691,3007,3007,3007,4690,3007,3007,3007,3007,3007,4690,89.47368621826172,10.526315689086914,0,0,5.263157844543457,21.052631378173828,31.57894515991211,17.647058486938477,11.111111640930176,47.36842346191406,0,0,21.052631378173828,0,0,0,0,0,26.3157901763916,100,0,0,0,0,66481098752,12884893696,1613934592,0
99,1780596519513,56814.09716796875,4700,1,0.3062499999999999,6930.894012451172,4700,1,0.3062499999999999,6793.706985473633,4700,1,0.3062499999999999,11823.539794921875,4700,1,0.3062499999999999,45258.78161621094,4700,1,0.3062499999999999,37433.9275970459,4700,1,0.3062499999999999,46628.12173461914,4700,1,0.3062499999999999,28897.08917236328,4700,1,0.3062499999999999,7268.017471313477,4700,1,0.3062499999999999,7156.719207763672,4700,1,0.3062499999999999,6748.122863769531,4700,1,0.3062499999999999,6964.510452270508,4700,1,0.3062499999999999,5630.345947265625,3007,3007,3007,3007,3007,3007,3007,3007,3007,3007,3007,3007,4690,4691,3007,3007,3007,4690,3007,3007,3007,3007,3007,4690,95,10.526315689086914,0,0,20,26.3157901763916,23.809524536132813,35,25,37.5,0,0,9.523809432983398,0,0,0,0,5,27.77777862548828,100,0,0,0,0,66481098752,12884893696,1621663744,0
99,1780596519613,56814.69682312012,4700,1,0.30000000000000004,6930.8970947265625,4700,1,0.30000000000000004,6793.7100830078125,4700,1,0.30000000000000004,11823.873565673828,4700,1,0.30000000000000004,45259.22993469238,4700,1,0.30000000000000004,37434.32411193848,4700,1,0.30000000000000004,46628.55389404297,4700,1,0.30000000000000004,28897.774002075195,4700,1,0.30000000000000004,7268.020797729492,4700,1,0.30000000000000004,7156.7222900390625,4700,1,0.30000000000000004,6748.125946044922,4700,1,0.30000000000000004,6964.513534545898,4700,1,0.30000000000000004,5636.19709777832,3007,3007,3007,3007,3007,3007,3007,3007,3007,3007,3007,3007,4690,4691,3007,3007,3007,4690,3007,3007,3007,3007,3007,4690,95,10.526315689086914,0,0,20,26.3157901763916,23.809524536132813,35,25,37.5,0,0,9.523809432983398,0,0,0,0,5,27.77777862548828,100,0,0,0,0,66481098752,12884893696,1619243008,0
99,1780596519713,56815.32629394531,4700,1,0.3062499999999999,6930.900314331055,4700,1,0.3062499999999999,6793.713470458984,4700,1,0.3062499999999999,11824.19223022461,4700,1,0.3062499999999999,45259.64614868164,4700,1,0.3062499999999999,37434.73547363281,4700,1,0.3062499999999999,46628.975814819336,4700,1,0.3062499999999999,28898.461151123047,4700,1,0.3062499999999999,7268.024124145508,4700,1,0.3062499999999999,7156.725372314453,4700,1,0.3062499999999999,6748.129089355469,4700,1,0.3062499999999999,6964.516677856445,4700,1,0.3062499999999999,5641.962539672852,3007,3007,3007,3007,3007,3007,3007,3007,3007,3007,3007,3007,4690,4691,3007,3007,3007,4690,3007,3007,3007,3007,3007,4690,88.8888931274414,16.666667938232422,0,0,5.882352828979492,5,31.57894515991211,26.3157901763916,23.52941131591797,47.36842346191406,0,0,5.882352828979492,0,0,0,0,10.526315689086914,10.526315689086914,100,0,0,0,0,66481098752,12884893696,1616125952,0
99,1780596519814,56815.92172241211,4700,1,0.3062499999999999,6930.903396606445,4700,1,0.3062499999999999,6793.716552734375,4700,1,0.3062499999999999,11824.490417480469,4700,1,0.3062499999999999,45260.038345336914,4700,1,0.3062499999999999,37435.210357666016,4700,1,0.3062499999999999,46629.35932922363,4700,1,0.3062499999999999,28899.14845275879,4700,1,0.3062499999999999,7268.027236938477,4700,1,0.3062499999999999,7156.728454589844,4700,1,0.3062499999999999,6748.132171630859,4700,1,0.3062499999999999,6964.519760131836,4700,1,0.3062499999999999,5647.740966796875,3007,3007,3007,3007,3007,3007,3007,3007,3007,3007,3007,3007,4690,4691,3007,3007,3007,4690,3007,3007,3007,3007,3007,4690,88.8888931274414,16.666667938232422,0,0,5.882352828979492,5,31.57894515991211,26.3157901763916,23.52941131591797,47.36842346191406,0,0,5.882352828979492,0,0,0,0,10.526315689086914,10.526315689086914,100,0,0,0,0,66481098752,12884893696,1615163392,0
99,1780596519914,56816.51593017578,4700,1,0.30000000000000004,6930.906585693359,4700,1,0.3062499999999999,6793.7197265625,4700,1,0.3062499999999999,11824.817611694336,4700,1,0.30000000000000004,45260.43998718262,4700,1,0.30000000000000004,37435.669189453125,4700,1,0.30000000000000004,46629.75117492676,4700,1,0.30000000000000004,28899.835693359375,4700,1,0.30000000000000004,7268.03059387207,4700,1,0.3062499999999999,7156.731536865234,4700,1,0.3062499999999999,6748.13525390625,4700,1,0.3062499999999999,6964.522842407227,4700,1,0.3062499999999999,5653.477005004883,3007,3007,3007,3007,3007,3007,3007,3007,3007,3007,3007,3007,4690,4691,3007,3007,3007,4690,3007,3007,3007,3007,3007,4690,88.8888931274414,16.666667938232422,0,0,14.285715103149414,0,10.526315689086914,31.57894515991211,15.789472579956055,47.36842346191406,0,0,22.22222328186035,0,0,0,0,22.22222328186035,21.052631378173828,100,0,0,0,0,66481098752,12884893696,1619881984,0
99,1780596520014,56817.06541442871,4700,1,0.3062499999999999,6930.90966796875,4700,1,0.3062499999999999,6793.722808837891,4700,1,0.3062499999999999,11825.084091186523,4700,1,0.3062499999999999,45260.79656982422,4700,1,0.3062499999999999,37436.102951049805,4700,1,0.3062499999999999,46630.20068359375,4700,1,0.3062499999999999,28900.52116394043,4700,1,0.3062499999999999,7268.033676147461,4700,1,0.3062499999999999,7156.734588623047,4700,1,0.3062499999999999,6748.1383056640625,4700,1,0.3062499999999999,6964.525924682617,4700,1,0.3062499999999999,5659.22087097168,3007,3007,3007,3007,3007,3007,3007,3007,3007,3007,3007,3007,4690,4691,3007,3007,3007,4690,3007,3007,3007,3007,3007,4690,88.8888931274414,16.666667938232422,0,0,14.285715103149414,0,10.526315689086914,31.57894515991211,15.789472579956055,47.36842346191406,0,0,22.22222328186035,0,0,0,0,22.22222328186035,21.052631378173828,100,0,0,0,0,66481098752,12884893696,1618079744,0
99,1780596520114,56817.61932373047,4700,1,0.30000000000000004,6930.9127197265625,4700,1,0.30000000000000004,6793.725921630859,4700,1,0.30000000000000004,11825.412216186523,4700,1,0.30000000000000004,45261.18754577637,4700,1,0.30000000000000004,37436.4733581543,4700,1,0.30000000000000004,46630.673248291016,4700,1,0.30000000000000004,28901.217376708984,4700,1,0.30000000000000004,7268.037414550781,4700,1,0.30000000000000004,7156.7376708984375,4700,1,0.30000000000000004,6748.141387939453,4700,1,0.30000000000000004,6964.52897644043,4700,1,0.30000000000000004,5664.972122192383,3007,3007,3007,3007,3007,3007,3007,3007,3007,3007,3007,3007,4690,4691,3007,3007,3007,4690,3007,3007,3007,3007,3007,4690,88.23529815673828,20,0,0,0,5.263157844543457,10.526315689086914,15.789472579956055,22.22222328186035,52.6315803527832,0,0,21.052631378173828,0,0,0,0,21.052631378173828,23.52941131591797,100,0,0,0,0,66481098752,12884893696,1616678912,0
99,1780596520214,56818.20314025879,4700,1,0.3062499999999999,6930.915863037109,4700,1,0.3062499999999999,6793.7291259765625,4700,1,0.3062499999999999,11825.708404541016,4700,1,0.3062499999999999,45261.53773498535,4700,1,0.3062499999999999,37436.90267944336,4700,1,0.3062499999999999,46631.109283447266,4700,1,0.3062499999999999,28901.908645629883,4700,1,0.3062499999999999,7268.040557861328,4700,1,0.3062499999999999,7156.740753173828,4700,1,0.3062499999999999,6748.144470214844,4700,1,0.3062499999999999,6964.53205871582,4700,1,0.3062499999999999,5670.702362060547,3007,3007,3007,3007,3007,3007,3007,3007,3007,3007,3007,3007,4690,4691,3007,3007,3007,4690,3007,3007,3007,3007,3007,4690,88.23529815673828,20,0,0,0,5.263157844543457,10.526315689086914,15.789472579956055,22.22222328186035,52.6315803527832,0,0,21.052631378173828,0,0,0,0,21.052631378173828,23.52941131591797,100,0,0,0,0,66481098752,12884893696,1613742080,0
99,1780596520314,56818.757888793945,4700,1,0.3062499999999999,6930.9189453125,4700,1,0.3062499999999999,6793.732269287109,4700,1,0.3062499999999999,11826.088317871094,4700,1,0.3062499999999999,45261.94290161133,4700,1,0.3062499999999999,37437.304138183594,4700,1,0.3062499999999999,46631.56018066406,4700,1,0.3062499999999999,28902.603469848633,4700,1,0.3062499999999999,7268.0439453125,4700,1,0.3062499999999999,7156.743835449219,4700,1,0.3062499999999999,6748.147552490234,4700,1,0.3062499999999999,6964.535140991211,4700,1,0.3062499999999999,5676.457229614258,3007,3007,3007,3007,3007,3007,3007,3007,3007,3007,3007,3007,4690,4691,3007,3007,3007,4690,3007,3007,3007,3007,3007,4690,88.8888931274414,11.764705657958984,0,0,0,15.000000953674316,10,11.111111640930176,26.3157901763916,52.6315803527832,0,0,27.77777862548828,0,0,0,0,26.3157901763916,21.052631378173828,100,0,0,0,0,66481098752,12884893696,1619496960,0
99,1780596520414,56819.3748626709,4700,1,0.3062499999999999,6930.922088623047,4700,1,0.3062499999999999,6793.735443115234,4700,1,0.3062499999999999,11826.41958618164,4700,1,0.3062499999999999,45262.389068603516,4700,1,0.3062499999999999,37437.70259094238,4700,1,0.3062499999999999,46631.991439819336,4700,1,0.3062499999999999,28903.2744140625,4700,1,0.3062499999999999,7268.047180175781,4700,1,0.3062499999999999,7156.746917724609,4700,1,0.3062499999999999,6748.150634765625,4700,1,0.3062499999999999,6964.538223266602,4700,1,0.3062499999999999,5682.261642456055,3007,3007,3007,3007,3007,3007,3007,3007,3007,3007,3007,3007,4690,4691,3007,3007,3007,4690,3007,3007,3007,3007,3007,4690,88.8888931274414,11.764705657958984,0,0,0,15.000000953674316,10,11.111111640930176,26.3157901763916,52.6315803527832,0,0,27.77777862548828,0,0,0,0,26.3157901763916,21.052631378173828,100,0,0,0,0,66481098752,12884893696,1617883136,0
99,1780596520514,56820.01805114746,4700,1,0.3062499999999999,6930.9251708984375,4700,1,0.3062499999999999,6793.738586425781,4700,1,0.3062499999999999,11826.817565917969,4700,1,0.3062499999999999,45262.78889465332,4700,1,0.3062499999999999,37438.073669433594,4700,1,0.3062499999999999,46632.363861083984,4700,1,0.3062499999999999,28903.96189880371,4700,1,0.3062499999999999,7268.050354003906,4700,1,0.3062499999999999,7156.75,4700,1,0.3062499999999999,6748.153717041016,4700,1,0.3062499999999999,6964.541305541992,4700,1,0.3062499999999999,5687.982986450195,3007,3007,3007,3007,3007,3007,3007,3007,3007,3007,3007,3007,4690,4691,3007,3007,3007,4690,3007,3007,3007,3007,3007,4690,94.73684692382813,25,0,0,11.764705657958984,0,16.666667938232422,22.22222328186035,28.571430206298828,38.88888931274414,0,0,25,0,0,0,0,10.526315689086914,28.571430206298828,100,0,0,0,0,66481098752,12884893696,1616130048,0
99,1780596520614,56820.604431152344,4700,1,0.3062499999999999,6930.928253173828,4700,1,0.3062499999999999,6793.741668701172,4700,1,0.3062499999999999,11827.085342407227,4700,1,0.3062499999999999,45263.24496459961,4700,1,0.3062499999999999,37438.438217163086,4700,1,0.3062499999999999,46632.79502868652,4700,1,0.3062499999999999,28904.64599609375,4700,1,0.3062499999999999,7268.053527832031,4700,1,0.3062499999999999,7156.753082275391,4700,1,0.3062499999999999,6748.156799316406,4700,1,0.3062499999999999,6964.544387817383,4700,1,0.3062499999999999,5693.709167480469,3007,3007,3007,3007,3007,3007,3007,3007,3007,3007,3007,3007,4690,4691,3007,3007,3007,4690,3007,3007,3007,3007,3007,4690,94.73684692382813,25,0,0,11.764705657958984,0,16.666667938232422,22.22222328186035,28.571430206298828,38.88888931274414,0,0,25,0,0,0,0,10.526315689086914,28.571430206298828,100,0,0,0,0,66481098752,12884893696,1621512192,0
99,1780596520714,56821.15760803223,4700,1,0.3062499999999999,6930.933044433594,4700,1,0.3062499999999999,6793.744888305664,4700,1,0.3062499999999999,11827.376510620117,4700,1,0.3062499999999999,45263.66418457031,4700,1,0.3062499999999999,37438.80158996582,4700,1,0.3062499999999999,46633.27047729492,4700,1,0.3062499999999999,28905.333923339844,4700,1,0.3062499999999999,7268.056610107422,4700,1,0.3062499999999999,7156.756164550781,4700,1,0.3062499999999999,6748.159881591797,4700,1,0.3062499999999999,6964.547470092773,4700,1,0.3062499999999999,5699.472183227539,3007,3007,3007,3007,3007,3007,3007,3007,3007,3007,3007,3007,4690,4691,3007,3007,3007,4690,3007,3007,3007,3007,3007,4690,88.23529815673828,13.636363983154297,0,0,13.636363983154297,15.000000953674316,17.647058486938477,5,22.22222328186035,47.05882263183594,0,0,22.22222328186035,0,0,0,0,30.000001907348633,17.647058486938477,100,0,0,0,0,66481098752,12884893696,1621823488,0
99,1780596520814,56821.73092651367,4700,1,0.30000000000000004,6930.936126708984,4700,1,0.30000000000000004,6793.747970581055,4700,1,0.30000000000000004,11827.561233520508,4700,1,0.30000000000000004,45264.123123168945,4700,1,0.30000000000000004,37439.17399597168,4700,1,0.30000000000000004,46633.71353149414,4700,1,0.30000000000000004,28906.01919555664,4700,1,0.30000000000000004,7268.059722900391,4700,1,0.30000000000000004,7156.759216308594,4700,1,0.30000000000000004,6748.1629638671875,4700,1,0.30000000000000004,6964.550552368164,4700,1,0.30000000000000004,5705.234848022461,3007,3007,3007,3007,3007,3007,3007,3007,3007,3007,3007,3007,4690,4691,3007,3007,3007,4690,3007,3007,3007,3007,3007,4690,88.23529815673828,13.636363983154297,0,0,13.636363983154297,15.000000953674316,17.647058486938477,5,22.22222328186035,47.05882263183594,0,0,22.22222328186035,0,0,0,0,30.000001907348633,17.647058486938477,100,0,0,0,0,66481098752,12884893696,1619910656,0
99,1780596520914,56822.36267089844,4700,1,0.3062499999999999,6930.939254760742,4700,1,0.3062499999999999,6793.75114440918,4700,1,0.3062499999999999,11827.93000793457,4700,1,0.3062499999999999,45264.51933288574,4700,1,0.3062499999999999,37439.55432128906,4700,1,0.3062499999999999,46634.08915710449,4700,1,0.3062499999999999,28906.707946777344,4700,1,0.3062499999999999,7268.0628662109375,4700,1,0.3062499999999999,7156.762298583984,4700,1,0.3062499999999999,6748.166015625,4700,1,0.3062499999999999,6964.553604125977,4700,1,0.3062499999999999,5711.01171875,3007,3007,3007,3007,3007,3007,3007,3007,3007,3007,3007,3007,4690,4691,3007,3007,3007,4690,3007,3007,3007,3007,3007,4690,90,5.555555820465088,0,0,10.526315689086914,5.263157844543457,28.571430206298828,10.526315689086914,26.3157901763916,44.4444465637207,0,0,31.81818199157715,0,0,0,0,22.22222328186035,20,100,0,0,0,0,66481098752,12884893696,1615794176,0
99,1780596521014,56822.94862365723,4700,1,0.3062499999999999,6930.942337036133,4700,1,0.3062499999999999,6793.75422668457,4700,1,0.3062499999999999,11828.316650390625,4700,1,0.3062499999999999,45264.90299987793,4700,1,0.3062499999999999,37439.939682006836,4700,1,0.3062499999999999,46634.54130554199,4700,1,0.3062499999999999,28907.395584106445,4700,1,0.3062499999999999,7268.066101074219,4700,1,0.3062499999999999,7156.765380859375,4700,1,0.3062499999999999,6748.169097900391,4700,1,0.3062499999999999,6964.556686401367,4700,1,0.3062499999999999,5716.824325561523,3007,3007,3007,3007,3007,3007,3007,3007,3007,3007,3007,3007,4690,4691,3007,3007,3007,4690,3007,3007,3007,3007,3007,4690,90,5.555555820465088,0,0,10.526315689086914,5.263157844543457,28.571430206298828,10.526315689086914,26.3157901763916,44.4444465637207,0,0,31.81818199157715,0,0,0,0,22.22222328186035,20,100,0,0,0,0,66481098752,12884893696,1622925312,0
99,1780596521114,56823.60404968262,4700,1,0.3062499999999999,6930.945419311523,4700,1,0.3062499999999999,6793.757308959961,4700,1,0.3062499999999999,11828.706619262695,4700,1,0.3062499999999999,45265.250228881836,4700,1,0.3062499999999999,37440.28268432617,4700,1,0.3062499999999999,46635.01655578613,4700,1,0.3062499999999999,28908.076110839844,4700,1,0.3062499999999999,7268.069183349609,4700,1,0.3062499999999999,7156.768463134766,4700,1,0.3062499999999999,6748.172180175781,4700,1,0.3062499999999999,6964.559768676758,4700,1,0.3062499999999999,5722.668365478516,3007,3007,3007,3007,3007,3007,3007,3007,3007,3007,3007,3007,4690,4691,3007,3007,3007,4690,3007,3007,3007,3007,3007,4690,89.47368621826172,20,0,0,15.000000953674316,16.666667938232422,23.52941131591797,26.3157901763916,17.647058486938477,47.05882263183594,0,0,0,0,0,0,0,9.523809432983398,31.57894515991211,100,0,0,0,0,66481098752,12884893696,1620283392,0
99,1780596521214,56824.19430541992,4700,1,0.30000000000000004,6930.94856262207,4700,1,0.3062499999999999,6793.760482788086,4700,1,0.3062499999999999,11829.043899536133,4700,1,0.30000000000000004,45265.691009521484,4700,1,0.30000000000000004,37440.66145324707,4700,1,0.30000000000000004,46635.45422363281,4700,1,0.30000000000000004,28908.768844604492,4700,1,0.30000000000000004,7268.072296142578,4700,1,0.3062499999999999,7156.771545410156,4700,1,0.3062499999999999,6748.175262451172,4700,1,0.3062499999999999,6964.562850952148,4700,1,0.3062499999999999,5728.421966552734,3007,3007,3007,3007,3007,3007,3007,3007,3007,3007,3007,3007,4690,4691,3007,3007,3007,4690,3007,3007,3007,3007,3007,4690,89.47368621826172,20,0,0,15.000000953674316,16.666667938232422,23.52941131591797,26.3157901763916,17.647058486938477,47.05882263183594,0,0,0,0,0,0,0,9.523809432983398,31.57894515991211,100,0,0,0,0,66481098752,12884893696,1617809408,0
99,1780596521314,56824.796478271484,4700,1,0.3062499999999999,6930.951644897461,4700,1,0.3062499999999999,6793.763687133789,4700,1,0.3062499999999999,11829.399841308594,4700,1,0.3062499999999999,45266.1365814209,4700,1,0.3062499999999999,37440.99368286133,4700,1,0.3062499999999999,46635.88975524902,4700,1,0.3062499999999999,28909.45669555664,4700,1,0.3062499999999999,7268.075408935547,4700,1,0.3062499999999999,7156.774627685547,4700,1,0.3062499999999999,6748.1783447265625,4700,1,0.3062499999999999,6964.565933227539,4700,1,0.3062499999999999,5734.225814819336,3007,3007,3007,3007,3007,3007,3007,3007,3007,3007,3007,3007,4690,4691,3007,3007,3007,4690,3007,3007,3007,3007,3007,4690,94.73684692382813,0,0,0,5.263157844543457,5.882352828979492,26.3157901763916,20,16.666667938232422,44.4444465637207,0,0,21.052631378173828,0,0,0,0,10.526315689086914,21.052631378173828,100,0,0,0,0,66481098752,12884893696,1614135296,0
99,1780596521414,56825.389236450195,4700,1,0.3062499999999999,6930.954803466797,4700,1,0.3062499999999999,6793.766830444336,4700,1,0.3062499999999999,11829.677139282227,4700,1,0.3062499999999999,45266.586837768555,4700,1,0.3062499999999999,37441.37286376953,4700,1,0.3062499999999999,46636.29170227051,4700,1,0.3062499999999999,28910.143844604492,4700,1,0.3062499999999999,7268.078582763672,4700,1,0.3062499999999999,7156.7777099609375,4700,1,0.3062499999999999,6748.181427001953,4700,1,0.3062499999999999,6964.56901550293,4700,1,0.3062499999999999,5740.013458251953,3007,3007,3007,3007,3007,3007,3007,3007,3007,3007,3007,3007,4690,4691,3007,3007,3007,4690,3007,3007,3007,3007,3007,4690,94.73684692382813,0,0,0,5.263157844543457,5.882352828979492,26.3157901763916,20,16.666667938232422,44.4444465637207,0,0,21.052631378173828,0,0,0,0,10.526315689086914,21.052631378173828,100,0,0,0,0,66481098752,12884893696,1620041728,0
99,1780596521514,56825.97644042969,4700,1,0.3062499999999999,6930.9578857421875,4700,1,0.3062499999999999,6793.769912719727,4700,1,0.3062499999999999,11829.99560546875,4700,1,0.3062499999999999,45266.99597167969,4700,1,0.3062499999999999,37441.82032775879,4700,1,0.3062499999999999,46636.67108154297,4700,1,0.3062499999999999,28910.813034057617,4700,1,0.3062499999999999,7268.081634521484,4700,1,0.3062499999999999,7156.78076171875,4700,1,0.3062499999999999,6748.184478759766,4700,1,0.3062499999999999,6964.572067260742,4700,1,0.3062499999999999,5745.80793762207,3007,3007,3007,3007,3007,3007,3007,3007,3007,3007,3007,3007,4690,4691,3007,3007,3007,4690,3007,3007,3007,3007,3007,4690,90,10,0,0,0,20,22.22222328186035,20,31.57894515991211,50,0,0,21.052631378173828,0,0,0,0,22.22222328186035,5.555555820465088,100,0,0,0,0,66481098752,12884893696,1619894272,0
99,1780596521615,56826.578552246094,4700,1,0.30000000000000004,6930.9609375,4700,1,0.30000000000000004,6793.772964477539,4700,1,0.30000000000000004,11830.150680541992,4700,1,0.30000000000000004,45267.40759277344,4700,1,0.30000000000000004,37442.221282958984,4700,1,0.30000000000000004,46637.127197265625,4700,1,0.30000000000000004,28911.50910949707,4700,1,0.30000000000000004,7268.084777832031,4700,1,0.30000000000000004,7156.783828735352,4700,1,0.30000000000000004,6748.187561035156,4700,1,0.30000000000000004,6964.575149536133,4700,1,0.30000000000000004,5751.444290161133,3007,3007,3007,3007,3007,3007,3007,3007,3007,3007,3007,3007,4690,4691,3007,3007,3007,4690,3007,3007,3007,3007,3007,4690,90,10,0,0,0,20,22.22222328186035,20,31.57894515991211,50,0,0,21.052631378173828,0,0,0,0,22.22222328186035,5.555555820465088,100,0,0,0,0,66481098752,12884893696,1617002496,0
99,1780596521715,56827.18605041504,4700,1,0.3062499999999999,6930.964080810547,4700,1,0.3062499999999999,6793.7762451171875,4700,1,0.3062499999999999,11830.479034423828,4700,1,0.3062499999999999,45267.796463012695,4700,1,0.3062499999999999,37442.54106140137,4700,1,0.3062499999999999,46637.59834289551,4700,1,0.3062499999999999,28912.191360473633,4700,1,0.3062499999999999,7268.08854675293,4700,1,0.3062499999999999,7156.786911010742,4700,1,0.3062499999999999,6748.190628051758,4700,1,0.3062499999999999,6964.578231811523,4700,1,0.3062499999999999,5757.201766967773,3007,3007,3007,3007,3007,3007,3007,3007,3007,3007,3007,3007,4690,4691,3007,3007,3007,4690,3007,3007,3007,3007,3007,4690,88.8888931274414,15.000000953674316,0,0,19.047618865966797,5,17.647058486938477,10,27.77777862548828,43.75,0,0,11.111111640930176,0,0,0,0,17.647058486938477,26.3157901763916,100,0,0,0,0,66481098752,12884893696,1622413312,0
99,1780596521815,56827.74627685547,4700,1,0.3062499999999999,6930.967330932617,4700,1,0.3062499999999999,6793.779327392578,4700,1,0.3062499999999999,11830.724884033203,4700,1,0.3062499999999999,45268.23030090332,4700,1,0.3062499999999999,37442.95851135254,4700,1,0.3062499999999999,46638.01867675781,4700,1,0.3062499999999999,28912.88478088379,4700,1,0.3062499999999999,7268.091690063477,4700,1,0.3062499999999999,7156.789993286133,4700,1,0.3062499999999999,6748.193710327148,4700,1,0.3062499999999999,6964.581314086914,4700,1,0.3062499999999999,5762.959060668945,3007,3007,3007,3007,3007,3007,3007,3007,3007,3007,3007,3007,4690,4691,3007,3007,3007,4690,3007,3007,3007,3007,3007,4690,88.8888931274414,15.000000953674316,0,0,19.047618865966797,5,17.647058486938477,10,27.77777862548828,43.75,0,0,11.111111640930176,0,0,0,0,17.647058486938477,26.3157901763916,100,0,0,0,0,66481098752,12884893696,1619353600,0
99,1780596521915,56828.374099731445,4700,1,0.3062499999999999,6930.981796264648,4700,1,0.3062499999999999,6793.782501220703,4700,1,0.3062499999999999,11831.04020690918,4700,1,0.3062499999999999,45268.5807800293,4700,1,0.3062499999999999,37443.348052978516,4700,1,0.3062499999999999,46638.44761657715,4700,1,0.3062499999999999,28913.56787109375,4700,1,0.3062499999999999,7268.094802856445,4700,1,0.3062499999999999,7156.793121337891,4700,1,0.3062499999999999,6748.196823120117,4700,1,0.3062499999999999,6964.584442138672,4700,1,0.3062499999999999,5768.729217529297,3007,3007,3007,3007,3007,3007,3007,3007,3007,3007,3007,3007,4690,4691,3007,3007,3007,4690,3007,3007,3007,3007,3007,4690,90,10,0,0,5.263157844543457,5.555555820465088,21.052631378173828,15.789472579956055,25,44.4444465637207,0,0,15.789472579956055,0,0,0,0,22.22222328186035,21.052631378173828,100,0,0,0,0,66481098752,12884893696,1617391616,0
99,1780596522015,56829.00003051758,4700,1,0.3062499999999999,6930.9901123046875,4700,1,0.3062499999999999,6793.785583496094,4700,1,0.3062499999999999,11831.370956420898,4700,1,0.3062499999999999,45268.931228637695,4700,1,0.3062499999999999,37443.77014160156,4700,1,0.3062499999999999,46638.861389160156,4700,1,0.3062499999999999,28914.248962402344,4700,1,0.3062499999999999,7268.097885131836,4700,1,0.3062499999999999,7156.796203613281,4700,1,0.3062499999999999,6748.199905395508,4700,1,0.3062499999999999,6964.5875244140625,4700,1,0.3062499999999999,5774.502136230469,3007,3007,3007,3007,3007,3007,3007,3007,3007,3007,3007,3007,4690,4691,3007,3007,3007,4690,3007,3007,3007,3007,3007,4690,90,10,0,0,5.263157844543457,5.555555820465088,21.052631378173828,15.789472579956055,25,44.4444465637207,0,0,15.789472579956055,0,0,0,0,22.22222328186035,21.052631378173828,100,0,0,0,0,66481098752,12884893696,1615511552,0
99,1780596522115,56829.597885131836,4700,1,0.3062499999999999,6931.004745483398,4700,1,0.3062499999999999,6793.789154052734,4700,1,0.3062499999999999,11831.708312988281,4700,1,0.3062499999999999,45269.37466430664,4700,1,0.3062499999999999,37444.15689086914,4700,1,0.3062499999999999,46639.273834228516,4700,1,0.3062499999999999,28914.93765258789,4700,1,0.3062499999999999,7268.100997924805,4700,1,0.3062499999999999,7156.799285888672,4700,1,0.3062499999999999,6748.202987670898,4700,1,0.3062499999999999,6964.590606689453,4700,1,0.3062499999999999,5780.326995849609,3007,3007,3007,3007,3007,3007,3007,3007,3007,3007,3007,3007,4690,4691,3007,3007,3007,4690,3007,3007,3007,3007,3007,4690,94.44444274902344,15.789472579956055,9.090909004211426,0,15.789472579956055,15.000000953674316,22.22222328186035,5.555555820465088,21.052631378173828,52.38095474243164,0,0,11.111111640930176,0,0,0,0,25,25,100,0,0,0,0,66481098752,12884893696,1619746816,0
99,1780596522215,56830.1981048584,4700,1,0.3062499999999999,6931.011810302734,4700,1,0.3062499999999999,6793.792327880859,4700,1,0.3062499999999999,11832.049026489258,4700,1,0.3062499999999999,45269.796646118164,4700,1,0.3062499999999999,37444.518798828125,4700,1,0.3062499999999999,46639.70736694336,4700,1,0.3062499999999999,28915.630126953125,4700,1,0.3062499999999999,7268.104156494141,4700,1,0.3062499999999999,7156.8023681640625,4700,1,0.3062499999999999,6748.206069946289,4700,1,0.3062499999999999,6964.593688964844,4700,1,0.3062499999999999,5786.114318847656,3007,3007,3007,3007,3007,3007,3007,3007,3007,3007,3007,3007,4690,4691,3007,3007,3007,4690,3007,3007,3007,3007,3007,4690,94.44444274902344,15.789472579956055,9.090909004211426,0,15.789472579956055,15.000000953674316,22.22222328186035,5.555555820465088,21.052631378173828,52.38095474243164,0,0,11.111111640930176,0,0,0,0,25,25,100,0,0,0,0,66481098752,12884893696,1619374080,0
99,1780596522315,56830.76631164551,4700,1,0.3062499999999999,6931.014892578125,4700,1,0.3062499999999999,6793.795516967773,4700,1,0.3062499999999999,11832.501525878906,4700,1,0.3062499999999999,45270.199783325195,4700,1,0.3062499999999999,37444.958572387695,4700,1,0.3062499999999999,46640.01985168457,4700,1,0.3062499999999999,28916.316009521484,4700,1,0.3062499999999999,7268.109970092773,4700,1,0.3062499999999999,7156.805419921875,4700,1,0.3062499999999999,6748.209121704102,4700,1,0.3062499999999999,6964.596740722656,4700,1,0.3062499999999999,5791.93424987793,3007,3007,3007,3007,3007,3007,3007,3007,3007,3007,3007,3007,4690,4691,3007,3007,3007,4690,3007,3007,3007,3007,3007,4690,88.8888931274414,16.666667938232422,0,0,5.263157844543457,11.111111640930176,15.789472579956055,17.647058486938477,16.666667938232422,50,0,0,30.000001907348633,0,0,0,0,16.666667938232422,10.526315689086914,100,0,0,0,0,66481098752,12884893696,1617481728,0
99,1780596522415,56831.336975097656,4700,1,0.30000000000000004,6931.018005371094,4700,1,0.30000000000000004,6793.79866027832,4700,1,0.30000000000000004,11832.717742919922,4700,1,0.30000000000000004,45270.59436035156,4700,1,0.30000000000000004,37445.44372558594,4700,1,0.30000000000000004,46640.4836730957,4700,1,0.30000000000000004,28917.014572143555,4700,1,0.30000000000000004,7268.11311340332,4700,1,0.30000000000000004,7156.808502197266,4700,1,0.30000000000000004,6748.212203979492,4700,1,0.30000000000000004,6964.599822998047,4700,1,0.30000000000000004,5797.632034301758,3007,3007,3007,3007,3007,3007,3007,3007,3007,3007,3007,3007,4690,4691,3007,3007,3007,4690,3007,3007,3007,3007,3007,4690,88.8888931274414,16.666667938232422,0,0,5.263157844543457,11.111111640930176,15.789472579956055,17.647058486938477,16.666667938232422,50,0,0,30.000001907348633,0,0,0,0,16.666667938232422,10.526315689086914,100,0,0,0,0,66481098752,12884893696,1616760832,0
99,1780596522515,56831.94721984863,4700,1,0.30000000000000004,6931.021591186523,4700,1,0.30000000000000004,6793.801849365234,4700,1,0.30000000000000004,11832.864059448242,4700,1,0.30000000000000004,45271.02638244629,4700,1,0.30000000000000004,37445.85238647461,4700,1,0.30000000000000004,46640.920318603516,4700,1,0.30000000000000004,28917.69790649414,4700,1,0.30000000000000004,7268.116561889648,4700,1,0.30000000000000004,7156.811630249023,4700,1,0.30000000000000004,6748.21533203125,4700,1,0.30000000000000004,6964.602966308594,4700,1,0.30000000000000004,5803.347061157227,3007,3007,3007,3007,3007,3007,3007,3007,3007,3007,3007,3007,4690,4691,3007,3007,3007,4690,3007,3007,3007,3007,3007,4690,88.23529815673828,5,0,0,14.285715103149414,13.636363983154297,31.57894515991211,21.052631378173828,22.22222328186035,50,0,0,10.526315689086914,0,0,0,0,22.22222328186035,22.22222328186035,100,0,0,0,0,66481098752,12884893696,1622499328,0
99,1780596522615,56832.546783447266,4700,1,0.3062499999999999,6931.024826049805,4700,1,0.3062499999999999,6793.805114746094,4700,1,0.3062499999999999,11833.025329589844,4700,1,0.3062499999999999,45271.462814331055,4700,1,0.3062499999999999,37446.24800109863,4700,1,0.3062499999999999,46641.36721801758,4700,1,0.3062499999999999,28918.380401611328,4700,1,0.3062499999999999,7268.119903564453,4700,1,0.3062499999999999,7156.81477355957,4700,1,0.3062499999999999,6748.218490600586,4700,1,0.3062499999999999,6964.615814208984,4700,1,0.3062499999999999,5809.144058227539,3007,3007,3007,3007,3007,3007,3007,3007,3007,3007,3007,3007,4690,4691,3007,3007,3007,4690,3007,3007,3007,3007,3007,4690,88.23529815673828,5,0,0,14.285715103149414,13.636363983154297,31.57894515991211,21.052631378173828,22.22222328186035,50,0,0,10.526315689086914,0,0,0,0,22.22222328186035,22.22222328186035,100,0,0,0,0,66481098752,12884893696,1622863872,0
99,1780596522715,56833.11071777344,4700,1,0.30000000000000004,6931.02799987793,4700,1,0.3062499999999999,6793.815139770508,4700,1,0.3062499999999999,11833.386581420898,4700,1,0.30000000000000004,45271.78852844238,4700,1,0.30000000000000004,37446.690170288086,4700,1,0.3062499999999999,46641.8303527832,4700,1,0.3062499999999999,28919.073852539063,4700,1,0.3062499999999999,7268.122985839844,4700,1,0.3062499999999999,7156.817855834961,4700,1,0.3062499999999999,6748.221572875977,4700,1,0.3062499999999999,6964.618896484375,4700,1,0.3062499999999999,5814.903305053711,3007,3007,3007,3007,3007,3007,3007,3007,3007,3007,3007,3007,4690,4691,3007,3007,3007,4690,3007,3007,3007,3007,3007,4690,90,15.789472579956055,0,0,10,0,5.555555820465088,21.052631378173828,33.333335876464844,55,0,0,30.000001907348633,0,0,0,0,22.22222328186035,31.57894515991211,100,0,0,0,0,66481098752,12884893696,1620094976,0
99,1780596522815,56833.68104553223,4700,1,0.3062499999999999,6931.03108215332,4700,1,0.3062499999999999,6793.818283081055,4700,1,0.3062499999999999,11833.749008178711,4700,1,0.3062499999999999,45272.08805847168,4700,1,0.3062499999999999,37447.10037231445,4700,1,0.3062499999999999,46642.294372558594,4700,1,0.3062499999999999,28919.762725830078,4700,1,0.3062499999999999,7268.126190185547,4700,1,0.3062499999999999,7156.820938110352,4700,1,0.3062499999999999,6748.224655151367,4700,1,0.3062499999999999,6964.621978759766,4700,1,0.3062499999999999,5820.660446166992,3007,3007,3007,3007,3007,3007,3007,3007,3007,3007,3007,3007,4690,4691,3007,3007,3007,4690,3007,3007,3007,3007,3007,4690,90,15.789472579956055,0,0,10,0,5.555555820465088,21.052631378173828,33.333335876464844,55,0,0,30.000001907348633,0,0,0,0,22.22222328186035,31.57894515991211,100,0,0,0,0,66481098752,12884893696,1619959808,0
99,1780596522915,56834.28561401367,4700,1,0.3062499999999999,6931.034225463867,4700,1,0.3062499999999999,6793.821426391602,4700,1,0.3062499999999999,11834.083969116211,4700,1,0.3062499999999999,45272.51188659668,4700,1,0.3062499999999999,37447.49726867676,4700,1,0.3062499999999999,46642.585540771484,4700,1,0.3062499999999999,28920.449295043945,4700,1,0.3062499999999999,7268.129318237305,4700,1,0.3062499999999999,7156.824081420898,4700,1,0.3062499999999999,6748.227798461914,4700,1,0.3062499999999999,6964.625061035156,4700,1,0.3062499999999999,5826.467849731445,3007,3007,3007,3007,3007,3007,3007,3007,3007,3007,3007,3007,4690,4691,3007,3007,3007,4690,3007,3007,3007,3007,3007,4690,94.44444274902344,27.77777862548828,0,0,10,5,19.047618865966797,29.411766052246094,16.666667938232422,47.36842346191406,0,0,16.666667938232422,0,0,0,0,14.285715103149414,19.047618865966797,100,0,0,0,0,66481098752,12884893696,1622568960,0
99,1780596523015,56834.877197265625,4700,1,0.30000000000000004,6931.0438232421875,4700,1,0.30000000000000004,6793.824615478516,4700,1,0.30000000000000004,11834.414581298828,4700,1,0.30000000000000004,45272.9552154541,4700,1,0.30000000000000004,37447.920486450195,4700,1,0.30000000000000004,46642.89929199219,4700,1,0.30000000000000004,28921.108642578125,4700,1,0.30000000000000004,7268.136764526367,4700,1,0.30000000000000004,7156.827133178711,4700,1,0.30000000000000004,6748.230850219727,4700,1,0.30000000000000004,6964.628265380859,4700,1,0.30000000000000004,5832.157241821289,3007,3007,3007,3007,3007,3007,3007,3007,3007,3007,3007,3007,4690,4691,3007,3007,3007,4690,3007,3007,3007,3007,3007,4690,94.44444274902344,27.77777862548828,0,0,10,5,19.047618865966797,29.411766052246094,16.666667938232422,47.36842346191406,0,0,16.666667938232422,0,0,0,0,14.285715103149414,19.047618865966797,100,0,0,0,0,66481098752,12884893696,1620148224,0
99,1780596523115,56835.46780395508,4700,1,0.30000000000000004,6931.04963684082,4700,1,0.30000000000000004,6793.827697753906,4700,1,0.30000000000000004,11834.664093017578,4700,1,0.30000000000000004,45273.28189086914,4700,1,0.30000000000000004,37448.20071411133,4700,1,0.30000000000000004,46643.16596984863,4700,1,0.30000000000000004,28921.56413269043,4700,1,0.30000000000000004,7268.142105102539,4700,1,0.30000000000000004,7156.830215454102,4700,1,0.30000000000000004,6748.233932495117,4700,1,0.30000000000000004,6964.63134765625,4700,1,0.30000000000000004,5837.281433105469,3007,3007,3007,3007,3007,3007,3007,3007,3007,3007,3007,3007,4690,4691,3007,3007,3007,4690,3007,3007,3007,3007,3007,4690,95.23809814453125,15.000000953674316,0,0,15.000000953674316,0,12.5,10.526315689086914,5.263157844543457,36.842105865478516,0,0,10.526315689086914,0,0,0,0,5.882352828979492,20,77.77777862548828,0,0,0,0,66481098752,12884893696,1618563072,0
99,1780596523215,56836.04136657715,4700,1,0.30000000000000004,6931.052795410156,4700,1,0.30000000000000004,6793.8309326171875,4700,1,0.30000000000000004,11834.939208984375,4700,1,0.30000000000000004,45273.55888366699,4700,1,0.30000000000000004,37448.492126464844,4700,1,0.30000000000000004,46643.47039794922,4700,1,0.30000000000000004,28922.011962890625,4700,1,0.30000000000000004,7268.14518737793,4700,1,0.30000000000000004,7156.833297729492,4700,1,0.30000000000000004,6748.237014770508,4700,1,0.30000000000000004,6964.634429931641,4700,1,0.30000000000000004,5842.413955688477,3007,3007,3007,3007,3007,3007,3007,3007,3007,3007,3007,3007,4690,4691,3007,3007,3007,4690,3007,3007,3007,3007,3007,4690,95.23809814453125,15.000000953674316,0,0,15.000000953674316,0,12.5,10.526315689086914,5.263157844543457,36.842105865478516,0,0,10.526315689086914,0,0,0,0,5.882352828979492,20,77.77777862548828,0,0,0,0,66481098752,12884893696,1617534976,0
99,1780596523316,56836.67695617676,4700,1,0.3062499999999999,6931.078033447266,4700,1,0.3062499999999999,6793.834335327148,4700,1,0.3062499999999999,11835.29019165039,4700,1,0.3062499999999999,45273.97520446777,4700,1,0.3062499999999999,37448.91003417969,4700,1,0.3062499999999999,46643.896575927734,4700,1,0.3062499999999999,28922.595474243164,4700,1,0.3062499999999999,7268.148422241211,4700,1,0.3062499999999999,7156.836380004883,4700,1,0.3062499999999999,6748.240097045898,4700,1,0.3062499999999999,6964.637710571289,4700,1,0.3062499999999999,5848.21467590332,3007,3007,3007,3007,3007,3007,3007,3007,3007,3007,3007,3007,4690,4691,3007,3007,3007,4690,3007,3007,3007,3007,3007,4690,94.73684692382813,11.111111640930176,0,0,15.000000953674316,5.555555820465088,25,22.72727394104004,15.789472579956055,26.3157901763916,0,0,11.111111640930176,0,0,0,0,22.22222328186035,25,73.68421173095703,0,0,0,0,66481098752,12884893696,1618272256,0
99,1780596523416,56837.255126953125,4700,1,0.3062499999999999,6931.0811767578125,4700,1,0.3062499999999999,6793.837478637695,4700,1,0.3062499999999999,11835.640548706055,4700,1,0.3062499999999999,45274.47450256348,4700,1,0.3062499999999999,37449.437728881836,4700,1,0.3062499999999999,46644.39903259277,4700,1,0.3062499999999999,28923.135620117188,4700,1,0.3062499999999999,7268.15234375,4700,1,0.3062499999999999,7156.839462280273,4700,1,0.3062499999999999,6748.243179321289,4700,1,0.3062499999999999,6964.64079284668,4700,1,0.3062499999999999,5854.205841064453,3007,3007,3007,3007,3007,3007,3007,3007,3007,3007,3007,3007,4690,4691,3007,3007,3007,4690,3007,3007,3007,3007,3007,4690,94.73684692382813,11.111111640930176,0,0,15.000000953674316,5.555555820465088,25,22.72727394104004,15.789472579956055,26.3157901763916,0,0,11.111111640930176,0,0,0,0,22.22222328186035,25,73.68421173095703,0,0,0,0,66481098752,12884893696,1621250048,0
99,1780596523516,56837.856521606445,4700,1,0.3062499999999999,6931.084259033203,4700,1,0.3062499999999999,6793.840560913086,4700,1,0.3062499999999999,11835.995330810547,4700,1,0.3062499999999999,45274.91209411621,4700,1,0.3062499999999999,37449.8303527832,4700,1,0.3062499999999999,46644.850326538086,4700,1,0.3062499999999999,28923.770797729492,4700,1,0.3062499999999999,7268.155456542969,4700,1,0.3062499999999999,7156.842544555664,4700,1,0.3062499999999999,6748.24626159668,4700,1,0.3062499999999999,6964.64387512207,4700,1,0.3062499999999999,5860.019546508789,3007,3007,3007,3007,3007,3007,3007,3007,3007,3007,3007,3007,4690,4691,3007,3007,3007,4690,3007,3007,3007,3007,3007,4690,100,15.000000953674316,0,0,5,16.666667938232422,23.52941131591797,29.411766052246094,27.77777862548828,15.000000953674316,0,0,26.3157901763916,0,0,0,0,25,31.57894515991211,100,0,0,0,0,66481098752,12884893696,1624985600,0
99,1780596523616,56838.43098449707,4700,1,0.30000000000000004,6931.087341308594,4700,1,0.30000000000000004,6793.843704223633,4700,1,0.30000000000000004,11836.262619018555,4700,1,0.30000000000000004,45275.3680267334,4700,1,0.30000000000000004,37450.17887878418,4700,1,0.30000000000000004,46645.25177001953,4700,1,0.30000000000000004,28924.4647064209,4700,1,0.30000000000000004,7268.158767700195,4700,1,0.30000000000000004,7156.845626831055,4700,1,0.30000000000000004,6748.24934387207,4700,1,0.30000000000000004,6964.646957397461,4700,1,0.30000000000000004,5865.797637939453,3007,3007,3007,3007,3007,3007,3007,3007,3007,3007,3007,3007,4690,4691,3007,3007,3007,4690,3007,3007,3007,3007,3007,4690,100,15.000000953674316,0,0,5,16.666667938232422,23.52941131591797,29.411766052246094,27.77777862548828,15.000000953674316,0,0,26.3157901763916,0,0,0,0,25,31.57894515991211,100,0,0,0,0,66481098752,12884893696,1620774912,0
99,1780596523716,56839.08093261719,4700,1,0.3062499999999999,6931.09049987793,4700,1,0.3062499999999999,6793.846908569336,4700,1,0.3062499999999999,11836.492904663086,4700,1,0.3062499999999999,45275.785064697266,4700,1,0.3062499999999999,37450.51379394531,4700,1,0.3062499999999999,46645.66468811035,4700,1,0.3062499999999999,28925.144912719727,4700,1,0.3062499999999999,7268.162063598633,4700,1,0.3062499999999999,7156.848678588867,4700,1,0.3062499999999999,6748.252395629883,4700,1,0.3062499999999999,6964.650009155273,4700,1,0.3062499999999999,5871.560501098633,3007,3007,3007,3007,3007,3007,3007,3007,3007,3007,3007,3007,4690,4691,3007,3007,3007,4690,3007,3007,3007,3007,3007,4690,90,5.555555820465088,0,0,11.111111640930176,5,23.52941131591797,5,20,47.05882263183594,0,0,30.000001907348633,0,0,0,0,26.3157901763916,30.000001907348633,100,0,0,0,0,66481098752,12884893696,1629089792,0
99,1780596523816,56839.7223815918,4700,1,0.3062499999999999,6931.09358215332,4700,1,0.3062499999999999,6793.849990844727,4700,1,0.3062499999999999,11836.783096313477,4700,1,0.3062499999999999,45276.00540161133,4700,1,0.3062499999999999,37450.967529296875,4700,1,0.3062499999999999,46646.09605407715,4700,1,0.3062499999999999,28925.831665039063,4700,1,0.3062499999999999,7268.1651611328125,4700,1,0.3062499999999999,7156.851760864258,4700,1,0.3062499999999999,6748.255477905273,4700,1,0.3062499999999999,6964.653091430664,4700,1,0.3062499999999999,5877.264541625977,3007,3007,3007,3007,3007,3007,3007,3007,3007,3007,3007,3007,4690,4691,3007,3007,3007,4690,3007,3007,3007,3007,3007,4690,90,5.555555820465088,0,0,11.111111640930176,5,23.52941131591797,5,20,47.05882263183594,0,0,30.000001907348633,0,0,0,0,26.3157901763916,30.000001907348633,100,0,0,0,0,66481098752,12884893696,1628102656,0
99,1780596523916,56840.355880737305,4700,1,0.3062499999999999,6931.096710205078,4700,1,0.3062499999999999,6793.853103637695,4700,1,0.3062499999999999,11837.086990356445,4700,1,0.3062499999999999,45276.34860229492,4700,1,0.3062499999999999,37451.37608337402,4700,1,0.3062499999999999,46646.49075317383,4700,1,0.3062499999999999,28926.51741027832,4700,1,0.3062499999999999,7268.16845703125,4700,1,0.3062499999999999,7156.854873657227,4700,1,0.3062499999999999,6748.258560180664,4700,1,0.3062499999999999,6964.656173706055,4700,1,0.3062499999999999,5882.933029174805,3007,3007,3007,3007,3007,3007,3007,3007,3007,3007,3007,3007,4690,4691,3007,3007,3007,4690,3007,3007,3007,3007,3007,4690,94.44444274902344,20,0,0,25,22.72727394104004,11.111111640930176,16.666667938232422,16.666667938232422,41.17647171020508,0,0,9.523809432983398,0,0,0,0,17.647058486938477,16.666667938232422,100,0,0,0,0,66481098752,12884893696,1624870912,0
99,1780596524016,56840.95405578613,4700,1,0.3062499999999999,6931.099807739258,4700,1,0.3062499999999999,6793.856262207031,4700,1,0.3062499999999999,11837.463684082031,4700,1,0.3062499999999999,45276.76200866699,4700,1,0.3062499999999999,37451.710189819336,4700,1,0.3062499999999999,46646.90216064453,4700,1,0.3062499999999999,28927.202438354492,4700,1,0.3062499999999999,7268.173812866211,4700,1,0.3062499999999999,7156.857955932617,4700,1,0.3062499999999999,6748.261642456055,4700,1,0.3062499999999999,6964.659255981445,4700,1,0.3062499999999999,5888.695755004883,3007,3007,3007,3007,3007,3007,3007,3007,3007,3007,3007,3007,4690,4691,3007,3007,3007,4690,3007,3007,3007,3007,3007,4690,94.44444274902344,20,0,0,25,22.72727394104004,11.111111640930176,16.666667938232422,16.666667938232422,41.17647171020508,0,0,9.523809432983398,0,0,0,0,17.647058486938477,16.666667938232422,100,0,0,0,0,66481098752,12884893696,1623670784,0
99,1780596524116,56841.5530090332,4700,1,0.3062499999999999,6931.102890014648,4700,1,0.3062499999999999,6793.859344482422,4700,1,0.3062499999999999,11837.795333862305,4700,1,0.3062499999999999,45277.21188354492,4700,1,0.3062499999999999,37452.184967041016,4700,1,0.3062499999999999,46647.215881347656,4700,1,0.3062499999999999,28927.892303466797,4700,1,0.3062499999999999,7268.177230834961,4700,1,0.3062499999999999,7156.861038208008,4700,1,0.3062499999999999,6748.264724731445,4700,1,0.3062499999999999,6964.662338256836,4700,1,0.3062499999999999,5894.485748291016,3007,3007,3007,3007,3007,3007,3007,3007,3007,3007,3007,3007,4690,4691,3007,3007,3007,4690,3007,3007,3007,3007,3007,4690,88.8888931274414,25,0,0,10.526315689086914,5.263157844543457,25,30.000001907348633,5.555555820465088,41.17647171020508,0,0,26.3157901763916,0,0,0,0,10.526315689086914,16.666667938232422,100,0,0,0,0,66481098752,12884893696,1632141312,0
99,1780596524216,56842.19317626953,4700,1,0.3062499999999999,6931.106033325195,4700,1,0.3062499999999999,6793.862518310547,4700,1,0.3062499999999999,11838.234619140625,4700,1,0.3062499999999999,45277.66535949707,4700,1,0.3062499999999999,37452.621810913086,4700,1,0.3062499999999999,46647.663818359375,4700,1,0.3062499999999999,28928.468460083008,4700,1,0.3062499999999999,7268.180694580078,4700,1,0.3062499999999999,7156.864120483398,4700,1,0.3062499999999999,6748.267807006836,4700,1,0.3062499999999999,6964.665420532227,4700,1,0.3062499999999999,5900.391525268555,3007,3007,3007,3007,3007,3007,3007,3007,3007,3007,3007,3007,4690,4691,3007,3007,3007,4690,3007,3007,3007,3007,3007,4690,88.8888931274414,25,0,0,10.526315689086914,5.263157844543457,25,30.000001907348633,5.555555820465088,41.17647171020508,0,0,26.3157901763916,0,0,0,0,10.526315689086914,16.666667938232422,100,0,0,0,0,66481098752,12884893696,1625997312,0
99,1780596524316,56842.80676269531,4700,1,0.3062499999999999,6931.109115600586,4700,1,0.3062499999999999,6793.865692138672,4700,1,0.3062499999999999,11838.627426147461,4700,1,0.3062499999999999,45277.929290771484,4700,1,0.3062499999999999,37453.073303222656,4700,1,0.3062499999999999,46648.05030822754,4700,1,0.3062499999999999,28929.149612426758,4700,1,0.3062499999999999,7268.184234619141,4700,1,0.3062499999999999,7156.867202758789,4700,1,0.3062499999999999,6748.270889282227,4700,1,0.3062499999999999,6964.668563842773,4700,1,0.3062499999999999,5906.164901733398,3007,3007,3007,3007,3007,3007,3007,3007,3007,3007,3007,3007,4690,4691,3007,3007,3007,4690,3007,3007,3007,3007,3007,4690,95.23809814453125,26.3157901763916,0,0,20,16.666667938232422,15.789472579956055,18.75,20,30.000001907348633,0,0,20,0,0,0,0,21.052631378173828,26.3157901763916,100,0,0,0,0,66481098752,12884893696,1627029504,0
99,1780596524416,56843.35690307617,4700,1,0.30000000000000004,6931.112274169922,4700,1,0.30000000000000004,6793.868881225586,4700,1,0.30000000000000004,11838.928466796875,4700,1,0.30000000000000004,45278.33250427246,4700,1,0.30000000000000004,37453.46942138672,4700,1,0.30000000000000004,46648.5055847168,4700,1,0.30000000000000004,28929.84214782715,4700,1,0.30000000000000004,7268.187744140625,4700,1,0.30000000000000004,7156.870330810547,4700,1,0.30000000000000004,6748.274002075195,4700,1,0.30000000000000004,6964.671646118164,4700,1,0.30000000000000004,5911.900131225586,3007,3007,3007,3007,3007,3007,3007,3007,3007,3007,3007,3007,4690,4691,3007,3007,3007,4690,3007,3007,3007,3007,3007,4690,95.23809814453125,26.3157901763916,0,0,20,16.666667938232422,15.789472579956055,18.75,20,30.000001907348633,0,0,20,0,0,0,0,21.052631378173828,26.3157901763916,100,0,0,0,0,66481098752,12884893696,1624469504,0
99,1780596524516,56843.93992614746,4700,1,0.30000000000000004,6931.1153564453125,4700,1,0.30000000000000004,6793.871963500977,4700,1,0.30000000000000004,11839.21157836914,4700,1,0.30000000000000004,45278.795181274414,4700,1,0.30000000000000004,37453.889892578125,4700,1,0.30000000000000004,46648.988693237305,4700,1,0.30000000000000004,28930.519470214844,4700,1,0.30000000000000004,7268.1907958984375,4700,1,0.30000000000000004,7156.873382568359,4700,1,0.30000000000000004,6748.277053833008,4700,1,0.30000000000000004,6964.674697875977,4700,1,0.30000000000000004,5917.68132019043,3007,3007,3007,3007,3007,3007,3007,3007,3007,3007,3007,3007,4690,4691,3007,3007,3007,4690,3007,3007,3007,3007,3007,4690,88.23529815673828,19.047618865966797,0,0,5,5,26.3157901763916,26.3157901763916,31.57894515991211,52.6315803527832,0,0,26.3157901763916,0,0,0,0,19.047618865966797,23.52941131591797,100,0,0,0,0,66481098752,12884893696,1624817664,0
99,1780596524616,56844.53257751465,4700,1,0.3062499999999999,6931.118408203125,4700,1,0.3062499999999999,6793.875015258789,4700,1,0.3062499999999999,11839.628982543945,4700,1,0.3062499999999999,45279.14027404785,4700,1,0.3062499999999999,37454.35350036621,4700,1,0.3062499999999999,46649.34706115723,4700,1,0.3062499999999999,28931.216857910156,4700,1,0.3062499999999999,7268.193893432617,4700,1,0.3062499999999999,7156.87646484375,4700,1,0.3062499999999999,6748.280136108398,4700,1,0.3062499999999999,6964.677780151367,4700,1,0.3062499999999999,5923.4349365234375,3007,3007,3007,3007,3007,3007,3007,3007,3007,3007,3007,3007,4690,4691,3007,3007,3007,4690,3007,3007,3007,3007,3007,4690,88.23529815673828,19.047618865966797,0,0,5,5,26.3157901763916,26.3157901763916,31.57894515991211,52.6315803527832,0,0,26.3157901763916,0,0,0,0,19.047618865966797,23.52941131591797,100,0,0,0,0,66481098752,12884893696,1621483520,0
99,1780596524716,56845.140701293945,4700,1,0.3062499999999999,6931.121566772461,4700,1,0.3062499999999999,6793.878234863281,4700,1,0.3062499999999999,11839.920013427734,4700,1,0.3062499999999999,45279.60137939453,4700,1,0.3062499999999999,37454.78108215332,4700,1,0.3062499999999999,46649.70886230469,4700,1,0.3062499999999999,28931.90802001953,4700,1,0.3062499999999999,7268.197067260742,4700,1,0.3062499999999999,7156.879547119141,4700,1,0.3062499999999999,6748.283218383789,4700,1,0.3062499999999999,6964.680862426758,4700,1,0.3062499999999999,5929.182586669922,3007,3007,3007,3007,3007,3007,3007,3007,3007,3007,3007,3007,4690,4691,3007,3007,3007,4690,3007,3007,3007,3007,3007,4690,89.47368621826172,16.666667938232422,0,0,5.555555820465088,5.263157844543457,0,26.3157901763916,15.789472579956055,44.4444465637207,0,0,25,0,0,0,0,12.5,19.047618865966797,100,0,0,0,0,66481098752,12884893696,1617567744,0
99,1780596524816,56845.695556640625,4700,1,0.3062499999999999,6931.124649047852,4700,1,0.3062499999999999,6793.881378173828,4700,1,0.3062499999999999,11840.311431884766,4700,1,0.3062499999999999,45280.03982543945,4700,1,0.3062499999999999,37455.19857788086,4700,1,0.3062499999999999,46650.09043884277,4700,1,0.3062499999999999,28932.603561401367,4700,1,0.3062499999999999,7268.200332641602,4700,1,0.3062499999999999,7156.882629394531,4700,1,0.3062499999999999,6748.28630065918,4700,1,0.3062499999999999,6964.683944702148,4700,1,0.3062499999999999,5935.037109375,3007,3007,3007,3007,3007,3007,3007,3007,3007,3007,3007,3007,4690,4691,3007,3007,3007,4690,3007,3007,3007,3007,3007,4690,89.47368621826172,16.666667938232422,0,0,5.555555820465088,5.263157844543457,0,26.3157901763916,15.789472579956055,44.4444465637207,0,0,25,0,0,0,0,12.5,19.047618865966797,100,0,0,0,0,66481098752,12884893696,1614381056,0
99,1780596524916,56846.25421142578,4700,1,0.30000000000000004,6931.1278076171875,4700,1,0.3062499999999999,6793.884521484375,4700,1,0.3062499999999999,11840.579483032227,4700,1,0.30000000000000004,45280.501388549805,4700,1,0.30000000000000004,37455.62545776367,4700,1,0.30000000000000004,46650.55772399902,4700,1,0.30000000000000004,28933.294845581055,4700,1,0.30000000000000004,7268.203475952148,4700,1,0.3062499999999999,7156.885711669922,4700,1,0.3062499999999999,6748.2894287109375,4700,1,0.3062499999999999,6964.687057495117,4700,1,0.3062499999999999,5940.826766967773,3007,3007,3007,3007,3007,3007,3007,3007,3007,3007,3007,3007,4690,4691,3007,3007,3007,4690,3007,3007,3007,3007,3007,4690,88.8888931274414,10,0,0,0,21.052631378173828,27.77777862548828,25,11.111111640930176,50,0,0,15.789472579956055,0,0,0,0,15.789472579956055,31.57894515991211,100,0,0,0,0,66481098752,12884893696,1623048192,0
99,1780596525016,56846.81211853027,4700,1,0.3062499999999999,6931.130889892578,4700,1,0.3062499999999999,6793.887603759766,4700,1,0.3062499999999999,11840.893051147461,4700,1,0.3062499999999999,45280.954513549805,4700,1,0.3062499999999999,37456.05665588379,4700,1,0.3062499999999999,46650.98631286621,4700,1,0.3062499999999999,28933.967239379883,4700,1,0.3062499999999999,7268.206680297852,4700,1,0.3062499999999999,7156.8887939453125,4700,1,0.3062499999999999,6748.292510986328,4700,1,0.3062499999999999,6964.690139770508,4700,1,0.3062499999999999,5946.654296875,3007,3007,3007,3007,3007,3007,3007,3007,3007,3007,3007,3007,4690,4691,3007,3007,3007,4690,3007,3007,3007,3007,3007,4690,88.8888931274414,10,0,0,0,21.052631378173828,27.77777862548828,25,11.111111640930176,50,0,0,15.789472579956055,0,0,0,0,15.789472579956055,31.57894515991211,100,0,0,0,0,66481098752,12884893696,1618579456,0
99,1780596525116,56847.38749694824,4700,1,0.30000000000000004,6931.133972167969,4700,1,0.30000000000000004,6793.890686035156,4700,1,0.30000000000000004,11841.206405639648,4700,1,0.30000000000000004,45281.38235473633,4700,1,0.30000000000000004,37456.49189758301,4700,1,0.30000000000000004,46651.50018310547,4700,1,0.30000000000000004,28934.6036529541,4700,1,0.30000000000000004,7268.209762573242,4700,1,0.30000000000000004,7156.891845703125,4700,1,0.30000000000000004,6748.295593261719,4700,1,0.30000000000000004,6964.693222045898,4700,1,0.30000000000000004,5952.525619506836,3007,3007,3007,3007,3007,3007,3007,3007,3007,3007,3007,3007,4690,4691,3007,3007,3007,4690,3007,3007,3007,3007,3007,4690,90,15.000000953674316,0,0,0,5.263157844543457,26.3157901763916,23.52941131591797,31.57894515991211,35.29411697387695,0,0,21.052631378173828,0,0,0,0,21.052631378173828,30.000001907348633,100,0,0,0,0,66481098752,12884893696,1619005440,0
99,1780596525217,56847.97659301758,4700,1,0.30000000000000004,6931.137115478516,4700,1,0.30000000000000004,6793.8939208984375,4700,1,0.30000000000000004,11841.53628540039,4700,1,0.30000000000000004,45281.7985534668,4700,1,0.30000000000000004,37456.889877319336,4700,1,0.30000000000000004,46651.96015930176,4700,1,0.30000000000000004,28935.295791625977,4700,1,0.30000000000000004,7268.212936401367,4700,1,0.30000000000000004,7156.894927978516,4700,1,0.30000000000000004,6748.298645019531,4700,1,0.30000000000000004,6964.696273803711,4700,1,0.30000000000000004,5958.274017333984,3007,3007,3007,3007,3007,3007,3007,3007,3007,3007,3007,3007,4690,4691,3007,3007,3007,4690,3007,3007,3007,3007,3007,4690,90,15.000000953674316,0,0,0,5.263157844543457,26.3157901763916,23.52941131591797,31.57894515991211,35.29411697387695,0,0,21.052631378173828,0,0,0,0,21.052631378173828,30.000001907348633,100,0,0,0,0,66481098752,12884893696,1614364672,0
99,1780596525317,56848.60711669922,4700,1,0.3062499999999999,6931.140167236328,4700,1,0.3062499999999999,6793.897079467773,4700,1,0.3062499999999999,11841.890426635742,4700,1,0.3062499999999999,45282.207458496094,4700,1,0.3062499999999999,37457.30130004883,4700,1,0.3062499999999999,46652.369049072266,4700,1,0.3062499999999999,28935.978225708008,4700,1,0.3062499999999999,7268.216171264648,4700,1,0.3062499999999999,7156.898010253906,4700,1,0.3062499999999999,6748.301727294922,4700,1,0.3062499999999999,6964.699356079102,4700,1,0.3062499999999999,5964.033309936523,3007,3007,3007,3007,3007,3007,3007,3007,3007,3007,3007,3007,4690,4691,3007,3007,3007,4690,3007,3007,3007,3007,3007,4690,88.8888931274414,22.22222328186035,0,0,10,0,11.111111640930176,5.882352828979492,30.000001907348633,37.5,0,0,33.333335876464844,0,0,0,0,26.3157901763916,20,100,0,0,0,0,66481098752,12884893696,1622220800,0
99,1780596525417,56849.24125671387,4700,1,0.3062499999999999,6931.143341064453,4700,1,0.3062499999999999,6793.90022277832,4700,1,0.3062499999999999,11842.149932861328,4700,1,0.3062499999999999,45282.63851928711,4700,1,0.3062499999999999,37457.63423156738,4700,1,0.3062499999999999,46652.85270690918,4700,1,0.3062499999999999,28936.671356201172,4700,1,0.3062499999999999,7268.2193603515625,4700,1,0.3062499999999999,7156.901092529297,4700,1,0.3062499999999999,6748.3048095703125,4700,1,0.3062499999999999,6964.702484130859,4700,1,0.3062499999999999,5969.737213134766,3007,3007,3007,3007,3007,3007,3007,3007,3007,3007,3007,3007,4690,4691,3007,3007,3007,4690,3007,3007,3007,3007,3007,4690,88.8888931274414,22.22222328186035,0,0,10,0,11.111111640930176,5.882352828979492,30.000001907348633,37.5,0,0,33.333335876464844,0,0,0,0,26.3157901763916,20,100,0,0,0,0,66481098752,12884893696,1618305024,0
99,1780596525517,56849.83659362793,4700,1,0.3062499999999999,6931.146423339844,4700,1,0.3062499999999999,6793.903305053711,4700,1,0.3062499999999999,11842.46028137207,4700,1,0.3062499999999999,45283.095138549805,4700,1,0.3062499999999999,37457.98789978027,4700,1,0.3062499999999999,46653.268310546875,4700,1,0.3062499999999999,28937.358428955078,4700,1,0.3062499999999999,7268.222442626953,4700,1,0.3062499999999999,7156.9041748046875,4700,1,0.3062499999999999,6748.307891845703,4700,1,0.3062499999999999,6964.70556640625,4700,1,0.3062499999999999,5975.564514160156,3007,3007,3007,3007,3007,3007,3007,3007,3007,3007,3007,3007,4690,4691,3007,3007,3007,4690,3007,3007,3007,3007,3007,4690,94.11764526367188,20,0,0,9.523809432983398,9.523809432983398,16.666667938232422,22.72727394104004,35,47.36842346191406,0,0,31.57894515991211,0,0,0,0,15.789472579956055,16.666667938232422,100,0,0,0,0,66481098752,12884893696,1616998400,0
99,1780596525617,56850.39828491211,4700,1,0.3062499999999999,6931.149505615234,4700,1,0.3062499999999999,6793.906448364258,4700,1,0.3062499999999999,11842.665145874023,4700,1,0.3062499999999999,45283.563888549805,4700,1,0.3062499999999999,37458.42445373535,4700,1,0.3062499999999999,46653.65213012695,4700,1,0.3062499999999999,28938.049560546875,4700,1,0.3062499999999999,7268.225524902344,4700,1,0.3062499999999999,7156.907257080078,4700,1,0.3062499999999999,6748.310974121094,4700,1,0.3062499999999999,6964.708648681641,4700,1,0.3062499999999999,5981.288909912109,3007,3007,3007,3007,3007,3007,3007,3007,3007,3007,3007,3007,4690,4691,3007,3007,3007,4690,3007,3007,3007,3007,3007,4690,94.11764526367188,20,0,0,9.523809432983398,9.523809432983398,16.666667938232422,22.72727394104004,35,47.36842346191406,0,0,31.57894515991211,0,0,0,0,15.789472579956055,16.666667938232422,100,0,0,0,0,66481098752,12884893696,1615761408,0
99,1780596525717,56851.00393676758,4700,1,0.3062499999999999,6931.15266418457,4700,1,0.3062499999999999,6793.916732788086,4700,1,0.3062499999999999,11842.907012939453,4700,1,0.3062499999999999,45284.00830078125,4700,1,0.3062499999999999,37458.82371520996,4700,1,0.3062499999999999,46654.027908325195,4700,1,0.3062499999999999,28938.73712158203,4700,1,0.3062499999999999,7268.228607177734,4700,1,0.3062499999999999,7156.910339355469,4700,1,0.3062499999999999,6748.314056396484,4700,1,0.3062499999999999,6964.711730957031,4700,1,0.3062499999999999,5987.021392822266,3007,3007,3007,3007,3007,3007,3007,3007,3007,3007,3007,3007,4690,4691,3007,3007,3007,4690,3007,3007,3007,3007,3007,4690,89.47368621826172,5,0,0,10,0,26.3157901763916,11.111111640930176,29.411766052246094,47.05882263183594,0,0,31.57894515991211,0,0,0,0,21.052631378173828,0,100,0,0,0,0,66481098752,12884893696,1621479424,0
99,1780596525817,56851.602798461914,4700,1,0.30000000000000004,6931.155746459961,4700,1,0.30000000000000004,6793.919815063477,4700,1,0.30000000000000004,11843.289947509766,4700,1,0.30000000000000004,45284.37448120117,4700,1,0.30000000000000004,37459.226303100586,4700,1,0.30000000000000004,46654.37646484375,4700,1,0.30000000000000004,28939.414505004883,4700,1,0.30000000000000004,7268.231658935547,4700,1,0.30000000000000004,7156.913391113281,4700,1,0.30000000000000004,6748.317169189453,4700,1,0.30000000000000004,6964.714813232422,4700,1,0.30000000000000004,5992.731185913086,3007,3007,3007,3007,3007,3007,3007,3007,3007,3007,3007,3007,4690,4691,3007,3007,3007,4690,3007,3007,3007,3007,3007,4690,89.47368621826172,5,0,0,10,0,26.3157901763916,11.111111640930176,29.411766052246094,47.05882263183594,0,0,31.57894515991211,0,0,0,0,21.052631378173828,0,100,0,0,0,0,66481098752,12884893696,1617809408,0
99,1780596525917,56852.18911743164,4700,1,0.3062499999999999,6931.158966064453,4700,1,0.3062499999999999,6793.92301940918,4700,1,0.3062499999999999,11843.592971801758,4700,1,0.3062499999999999,45284.820373535156,4700,1,0.3062499999999999,37459.64633178711,4700,1,0.3062499999999999,46654.765365600586,4700,1,0.3062499999999999,28940.10383605957,4700,1,0.3062499999999999,7268.2347412109375,4700,1,0.3062499999999999,7156.916473388672,4700,1,0.3062499999999999,6748.320220947266,4700,1,0.3062499999999999,6964.7178955078125,4700,1,0.3062499999999999,5998.553787231445,3007,3007,3007,3007,3007,3007,3007,3007,3007,3007,3007,3007,4690,4691,3007,3007,3007,4690,3007,3007,3007,3007,3007,4690,89.47368621826172,5.555555820465088,0,0,0,26.3157901763916,26.3157901763916,11.111111640930176,27.77777862548828,37.5,0,0,23.809524536132813,0,0,0,0,27.77777862548828,0,100,0,0,0,0,66481098752,12884893696,1616785408,0
99,1780596526017,56852.80924987793,4700,1,0.30000000000000004,6931.162017822266,4700,1,0.30000000000000004,6793.92610168457,4700,1,0.30000000000000004,11843.810470581055,4700,1,0.30000000000000004,45285.22998046875,4700,1,0.30000000000000004,37460.132080078125,4700,1,0.30000000000000004,46655.16925048828,4700,1,0.30000000000000004,28940.794357299805,4700,1,0.30000000000000004,7268.237945556641,4700,1,0.30000000000000004,7156.9195556640625,4700,1,0.30000000000000004,6748.323303222656,4700,1,0.30000000000000004,6964.720947265625,4700,1,0.30000000000000004,6004.253219604492,3007,3007,3007,3007,3007,3007,3007,3007,3007,3007,3007,3007,4690,4691,3007,3007,3007,4690,3007,3007,3007,3007,3007,4690,89.47368621826172,5.555555820465088,0,0,0,26.3157901763916,26.3157901763916,11.111111640930176,27.77777862548828,37.5,0,0,23.809524536132813,0,0,0,0,27.77777862548828,0,100,0,0,0,0,66481098752,12884893696,1622671360,0
99,1780596526117,56853.42697143555,4700,1,0.3062499999999999,6931.165100097656,4700,1,0.3062499999999999,6793.92919921875,4700,1,0.3062499999999999,11844.150131225586,4700,1,0.3062499999999999,45285.63748168945,4700,1,0.3062499999999999,37460.58369445801,4700,1,0.3062499999999999,46655.55401611328,4700,1,0.3062499999999999,28941.468551635742,4700,1,0.3062499999999999,7268.2412109375,4700,1,0.3062499999999999,7156.922637939453,4700,1,0.3062499999999999,6748.326385498047,4700,1,0.3062499999999999,6964.724029541016,4700,1,0.3062499999999999,6010.063186645508,3007,3007,3007,3007,3007,3007,3007,3007,3007,3007,3007,3007,4690,4691,3007,3007,3007,4690,3007,3007,3007,3007,3007,4690,90,21.052631378173828,0,0,5.263157844543457,4.761904716491699,6.25,26.3157901763916,16.666667938232422,47.36842346191406,0,0,16.666667938232422,0,0,0,0,35,15.789472579956055,100,0,0,0,0,66481098752,12884893696,1620877312,0
99,1780596526217,56854.01678466797,4700,1,0.30000000000000004,6931.168243408203,4700,1,0.30000000000000004,6793.932388305664,4700,1,0.30000000000000004,11844.467971801758,4700,1,0.30000000000000004,45286.07081604004,4700,1,0.30000000000000004,37460.984619140625,4700,1,0.30000000000000004,46655.981369018555,4700,1,0.30000000000000004,28942.161529541016,4700,1,0.30000000000000004,7268.244781494141,4700,1,0.30000000000000004,7156.925720214844,4700,1,0.30000000000000004,6748.3294677734375,4700,1,0.30000000000000004,6964.727111816406,4700,1,0.30000000000000004,6015.866668701172,3007,3007,3007,3007,3007,3007,3007,3007,3007,3007,3007,3007,4690,4691,3007,3007,3007,4690,3007,3007,3007,3007,3007,4690,90,21.052631378173828,0,0,5.263157844543457,4.761904716491699,6.25,26.3157901763916,16.666667938232422,47.36842346191406,0,0,16.666667938232422,0,0,0,0,35,15.789472579956055,100,0,0,0,0,66481098752,12884893696,1621417984,0
99,1780596526317,56854.621994018555,4700,1,0.3062499999999999,6931.171325683594,4700,1,0.3062499999999999,6793.935699462891,4700,1,0.3062499999999999,11844.83561706543,4700,1,0.3062499999999999,45286.52980041504,4700,1,0.3062499999999999,37461.474365234375,4700,1,0.3062499999999999,46656.47189331055,4700,1,0.3062499999999999,28942.714935302734,4700,1,0.3062499999999999,7268.248016357422,4700,1,0.3062499999999999,7156.928802490234,4700,1,0.3062499999999999,6748.332550048828,4700,1,0.3062499999999999,6964.730194091797,4700,1,0.3062499999999999,6021.861740112305,3007,3007,3007,3007,3007,3007,3007,3007,3007,3007,3007,3007,4690,4691,3007,3007,3007,4690,3007,3007,3007,3007,3007,4690,94.44444274902344,23.809524536132813,0,0,15.000000953674316,5.555555820465088,40,21.052631378173828,35,16.666667938232422,0,0,11.111111640930176,0,0,0,0,31.57894515991211,25,100,0,0,0,0,66481098752,12884893696,1614872576,0
99,1780596526417,56855.23500061035,4700,1,0.3062499999999999,6931.187362670898,4700,1,0.3062499999999999,6793.939254760742,4700,1,0.3062499999999999,11845.16195678711,4700,1,0.3062499999999999,45286.979888916016,4700,1,0.3062499999999999,37461.89306640625,4700,1,0.3062499999999999,46656.93862915039,4700,1,0.3062499999999999,28943.396423339844,4700,1,0.3062499999999999,7268.251281738281,4700,1,0.3062499999999999,7156.931884765625,4700,1,0.3062499999999999,6748.335632324219,4700,1,0.3062499999999999,6964.7332763671875,4700,1,0.3062499999999999,6027.805725097656,3007,3007,3007,3007,3007,3007,3007,3007,3007,3007,3007,3007,4690,4691,3007,3007,3007,4690,3007,3007,3007,3007,3007,4690,94.44444274902344,23.809524536132813,0,0,15.000000953674316,5.555555820465088,40,21.052631378173828,35,16.666667938232422,0,0,11.111111640930176,0,0,0,0,31.57894515991211,25,100,0,0,0,0,66481098752,12884893696,1614606336,0
99,1780596526517,56855.85334777832,4700,1,0.3062499999999999,6931.209579467773,4700,1,0.3062499999999999,6793.942367553711,4700,1,0.3062499999999999,11845.563385009766,4700,1,0.3062499999999999,45287.410385131836,4700,1,0.3062499999999999,37462.31716918945,4700,1,0.3062499999999999,46657.34635925293,4700,1,0.3062499999999999,28944.067138671875,4700,1,0.3062499999999999,7268.254852294922,4700,1,0.3062499999999999,7156.935028076172,4700,1,0.3062499999999999,6748.338775634766,4700,1,0.3062499999999999,6964.736419677734,4700,1,0.3062499999999999,6033.75666809082,3007,3007,3007,3007,3007,3007,3007,3007,3007,3007,3007,3007,4690,4691,3007,3007,3007,4690,3007,3007,3007,3007,3007,4690,89.47368621826172,22.22222328186035,0,0,27.77777862548828,15.000000953674316,31.57894515991211,26.3157901763916,22.22222328186035,37.5,0,0,15.000000953674316,0,0,0,0,30.000001907348633,26.3157901763916,100,0,0,0,0,66481098752,12884893696,1616273408,0
99,1780596526617,56856.47299194336,4700,1,0.30000000000000004,6931.21272277832,4700,1,0.30000000000000004,6793.94548034668,4700,1,0.30000000000000004,11845.92514038086,4700,1,0.30000000000000004,45287.84939575195,4700,1,0.30000000000000004,37462.735580444336,4700,1,0.30000000000000004,46657.794021606445,4700,1,0.30000000000000004,28944.677185058594,4700,1,0.30000000000000004,7268.258056640625,4700,1,0.30000000000000004,7156.938140869141,4700,1,0.30000000000000004,6748.341888427734,4700,1,0.30000000000000004,6964.739562988281,4700,1,0.30000000000000004,6039.685256958008,3007,3007,3007,3007,3007,3007,3007,3007,3007,3007,3007,3007,4690,4691,3007,3007,3007,4690,3007,3007,3007,3007,3007,4690,89.47368621826172,22.22222328186035,0,0,27.77777862548828,15.000000953674316,31.57894515991211,26.3157901763916,22.22222328186035,37.5,0,0,15.000000953674316,0,0,0,0,30.000001907348633,26.3157901763916,100,0,0,0,0,66481098752,12884893696,1620578304,0
99,1780596526717,56857.049087524414,4700,1,0.3062499999999999,6931.215881347656,4700,1,0.3062499999999999,6793.955871582031,4700,1,0.3062499999999999,11846.195175170898,4700,1,0.3062499999999999,45288.296142578125,4700,1,0.3062499999999999,37463.2127532959,4700,1,0.3062499999999999,46658.265548706055,4700,1,0.3062499999999999,28945.331939697266,4700,1,0.3062499999999999,7268.261611938477,4700,1,0.3062499999999999,7156.941223144531,4700,1,0.3062499999999999,6748.344970703125,4700,1,0.3062499999999999,6964.742614746094,4700,1,0.3062499999999999,6045.586090087891,3007,3007,3007,3007,3007,3007,3007,3007,3007,3007,3007,3007,4690,4691,3007,3007,3007,4690,3007,3007,3007,3007,3007,4690,88.8888931274414,10.526315689086914,0,0,16.666667938232422,15.000000953674316,31.57894515991211,16.666667938232422,21.052631378173828,33.333335876464844,0,0,27.77777862548828,0,0,0,0,22.22222328186035,35,100,0,0,0,0,66481098752,12884893696,1616949248,0
99,1780596526817,56857.6589050293,4700,1,0.3062499999999999,6931.218933105469,4700,1,0.3062499999999999,6793.958923339844,4700,1,0.3062499999999999,11846.467651367188,4700,1,0.3062499999999999,45288.76770019531,4700,1,0.3062499999999999,37463.62449645996,4700,1,0.3062499999999999,46658.72119140625,4700,1,0.3062499999999999,28945.96437072754,4700,1,0.3062499999999999,7268.264877319336,4700,1,0.3062499999999999,7156.944305419922,4700,1,0.3062499999999999,6748.348083496094,4700,1,0.3062499999999999,6964.745697021484,4700,1,0.3062499999999999,6051.388427734375,3007,3007,3007,3007,3007,3007,3007,3007,3007,3007,3007,3007,4690,4691,3007,3007,3007,4690,3007,3007,3007,3007,3007,4690,88.8888931274414,10.526315689086914,0,0,16.666667938232422,15.000000953674316,31.57894515991211,16.666667938232422,21.052631378173828,33.333335876464844,0,0,27.77777862548828,0,0,0,0,22.22222328186035,35,100,0,0,0,0,66481098752,12884893696,1620262912,0
99,1780596526918,56858.20977783203,4700,1,0.3062499999999999,6931.222122192383,4700,1,0.3062499999999999,6793.962066650391,4700,1,0.3062499999999999,11846.821762084961,4700,1,0.3062499999999999,45289.2243347168,4700,1,0.3062499999999999,37463.958892822266,4700,1,0.3062499999999999,46659.14872741699,4700,1,0.3062499999999999,28946.625289916992,4700,1,0.3062499999999999,7268.267959594727,4700,1,0.3062499999999999,7156.9473876953125,4700,1,0.3062499999999999,6748.351165771484,4700,1,0.3062499999999999,6964.748779296875,4700,1,0.3062499999999999,6057.177185058594,3007,3007,3007,3007,3007,3007,3007,3007,3007,3007,3007,3007,4690,4691,3007,3007,3007,4690,3007,3007,3007,3007,3007,4690,89.47368621826172,5,0,0,15.000000953674316,20,27.77777862548828,22.22222328186035,21.052631378173828,27.77777862548828,0,0,17.647058486938477,0,0,0,0,10,31.57894515991211,100,0,0,0,0,66481098752,12884893696,1619308544,0
99,1780596527018,56858.8143157959,4700,1,0.30000000000000004,6931.225204467773,4700,1,0.3062499999999999,6793.965148925781,4700,1,0.3062499999999999,11846.905364990234,4700,1,0.30000000000000004,45289.69467163086,4700,1,0.30000000000000004,37464.30813598633,4700,1,0.30000000000000004,46659.623764038086,4700,1,0.3062499999999999,28947.29768371582,4700,1,0.3062499999999999,7268.271041870117,4700,1,0.3062499999999999,7156.950469970703,4700,1,0.3062499999999999,6748.354248046875,4700,1,0.3062499999999999,6964.751861572266,4700,1,0.3062499999999999,6062.895858764648,3007,3007,3007,3007,3007,3007,3007,3007,3007,3007,3007,3007,4690,4691,3007,3007,3007,4690,3007,3007,3007,3007,3007,4690,89.47368621826172,5,0,0,15.000000953674316,20,27.77777862548828,22.22222328186035,21.052631378173828,27.77777862548828,0,0,17.647058486938477,0,0,0,0,10,31.57894515991211,100,0,0,0,0,66481098752,12884893696,1618812928,0
99,1780596527118,56859.39959716797,4700,1,0.30000000000000004,6931.228286743164,4700,1,0.3062499999999999,6793.968719482422,4700,1,0.3062499999999999,11847.046829223633,4700,1,0.30000000000000004,45290.13362121582,4700,1,0.30000000000000004,37464.69677734375,4700,1,0.30000000000000004,46660.081802368164,4700,1,0.30000000000000004,28947.99349975586,4700,1,0.30000000000000004,7268.274215698242,4700,1,0.30000000000000004,7156.953552246094,4700,1,0.3062499999999999,6748.357330322266,4700,1,0.3062499999999999,6964.754943847656,4700,1,0.3062499999999999,6068.64924621582,3007,3007,3007,3007,3007,3007,3007,3007,3007,3007,3007,3007,4690,4691,3007,3007,3007,4690,3007,3007,3007,3007,3007,4690,85.71428680419922,0,0,0,25,0,25,5.263157844543457,35,47.36842346191406,0,0,30.000001907348633,0,0,0,0,22.22222328186035,33.333335876464844,100,0,0,0,0,66481098752,12884893696,1624596480,0
99,1780596527218,56860.05186462402,4700,1,0.3062499999999999,6931.231430053711,4700,1,0.3062499999999999,6793.971908569336,4700,1,0.3062499999999999,11847.374908447266,4700,1,0.3062499999999999,45290.60713195801,4700,1,0.3062499999999999,37465.08578491211,4700,1,0.3062499999999999,46660.54470825195,4700,1,0.3062499999999999,28948.583404541016,4700,1,0.3062499999999999,7268.277328491211,4700,1,0.3062499999999999,7156.956634521484,4700,1,0.3062499999999999,6748.360412597656,4700,1,0.3062499999999999,6964.758026123047,4700,1,0.3062499999999999,6074.552597045898,3007,3007,3007,3007,3007,3007,3007,3007,3007,3007,3007,3007,4690,4691,3007,3007,3007,4690,3007,3007,3007,3007,3007,4690,85.71428680419922,0,0,0,25,0,25,5.263157844543457,35,47.36842346191406,0,0,30.000001907348633,0,0,0,0,22.22222328186035,33.333335876464844,100,0,0,0,0,66481098752,12884893696,1623597056,0
99,1780596527318,56860.57336425781,4700,1,0.3062499999999999,6931.234512329102,4700,1,0.3062499999999999,6793.975158691406,4700,1,0.3062499999999999,11847.713012695313,4700,1,0.3062499999999999,45291.02310180664,4700,1,0.3062499999999999,37465.49473571777,4700,1,0.3062499999999999,46660.9845123291,4700,1,0.3062499999999999,28949.262817382813,4700,1,0.3062499999999999,7268.280670166016,4700,1,0.3062499999999999,7156.959716796875,4700,1,0.3062499999999999,6748.363525390625,4700,1,0.3062499999999999,6964.761138916016,4700,1,0.3062499999999999,6080.3394775390625,3007,3007,3007,3007,3007,3007,3007,3007,3007,3007,3007,3007,4690,4691,3007,3007,3007,4690,3007,3007,3007,3007,3007,4690,88.8888931274414,15.000000953674316,0,0,16.666667938232422,11.111111640930176,18.75,14.285715103149414,26.3157901763916,23.52941131591797,0,0,26.3157901763916,0,0,0,0,27.77777862548828,21.052631378173828,100,0,0,0,0,66481098752,12884893696,1618362368,0
99,1780596527418,56861.13684082031,4700,1,0.3062499999999999,6931.2376708984375,4700,1,0.3062499999999999,6793.978302001953,4700,1,0.3062499999999999,11847.999984741211,4700,1,0.3062499999999999,45291.44451904297,4700,1,0.3062499999999999,37465.8864440918,4700,1,0.3062499999999999,46661.463317871094,4700,1,0.3062499999999999,28949.938766479492,4700,1,0.3062499999999999,7268.283798217773,4700,1,0.3062499999999999,7156.9627685546875,4700,1,0.3062499999999999,6748.3665771484375,4700,1,0.3062499999999999,6964.764190673828,4700,1,0.3062499999999999,6086.093154907227,3007,3007,3007,3007,3007,3007,3007,3007,3007,3007,3007,3007,4690,4691,3007,3007,3007,4690,3007,3007,3007,3007,3007,4690,88.8888931274414,15.000000953674316,0,0,16.666667938232422,11.111111640930176,18.75,14.285715103149414,26.3157901763916,23.52941131591797,0,0,26.3157901763916,0,0,0,0,27.77777862548828,21.052631378173828,100,0,0,0,0,66481098752,12884893696,1617768448,0
99,1780596527518,56861.7345123291,4700,1,0.3062499999999999,6931.24348449707,4700,1,0.3062499999999999,6793.981414794922,4700,1,0.3062499999999999,11848.316345214844,4700,1,0.3062499999999999,45291.92352294922,4700,1,0.3062499999999999,37466.275817871094,4700,1,0.3062499999999999,46661.86082458496,4700,1,0.3062499999999999,28950.583053588867,4700,1,0.3062499999999999,7268.287078857422,4700,1,0.3062499999999999,7156.965850830078,4700,1,0.3062499999999999,6748.369659423828,4700,1,0.3062499999999999,6964.767288208008,4700,1,0.3062499999999999,6091.898513793945,3007,3007,3007,3007,3007,3007,3007,3007,3007,3007,3007,3007,4690,4691,3007,3007,3007,4690,3007,3007,3007,3007,3007,4690,89.47368621826172,10,0,0,15.000000953674316,20,26.3157901763916,20,36.842105865478516,33.333335876464844,0,0,30.000001907348633,0,0,0,0,30.000001907348633,20,100,0,0,0,0,66481098752,12884893696,1620152320,0
99,1780596527618,56862.3504486084,4700,1,0.3062499999999999,6931.246566772461,4700,1,0.3062499999999999,6793.9844970703125,4700,1,0.3062499999999999,11848.586410522461,4700,1,0.3062499999999999,45292.36962890625,4700,1,0.3062499999999999,37466.63363647461,4700,1,0.3062499999999999,46662.25587463379,4700,1,0.3062499999999999,28951.259689331055,4700,1,0.3062499999999999,7268.2901611328125,4700,1,0.3062499999999999,7156.968933105469,4700,1,0.3062499999999999,6748.372741699219,4700,1,0.3062499999999999,6964.770370483398,4700,1,0.3062499999999999,6097.658660888672,3007,3007,3007,3007,3007,3007,3007,3007,3007,3007,3007,3007,4690,4691,3007,3007,3007,4690,3007,3007,3007,3007,3007,4690,89.47368621826172,10,0,0,15.000000953674316,20,26.3157901763916,20,36.842105865478516,33.333335876464844,0,0,30.000001907348633,0,0,0,0,30.000001907348633,20,100,0,0,0,0,66481098752,12884893696,1618939904,0
99,1780596527718,56862.96957397461,4700,1,0.3062499999999999,6931.249725341797,4700,1,0.3062499999999999,6793.989227294922,4700,1,0.3062499999999999,11848.897430419922,4700,1,0.3062499999999999,45292.78698730469,4700,1,0.3062499999999999,37466.940353393555,4700,1,0.3062499999999999,46662.65042114258,4700,1,0.3062499999999999,28951.94937133789,4700,1,0.3062499999999999,7268.293304443359,4700,1,0.3062499999999999,7156.972015380859,4700,1,0.3062499999999999,6748.375823974609,4700,1,0.3062499999999999,6964.773452758789,4700,1,0.3062499999999999,6103.3934326171875,3007,3007,3007,3007,3007,3007,3007,3007,3007,3007,3007,3007,4690,4691,3007,3007,3007,4690,3007,3007,3007,3007,3007,4690,88.8888931274414,0,0,0,22.22222328186035,20,22.22222328186035,4.761904716491699,26.3157901763916,37.5,0,0,17.647058486938477,0,0,0,0,22.22222328186035,20,100,0,0,0,0,66481098752,12884893696,1616711680,0
99,1780596527818,56863.58106994629,4700,1,0.30000000000000004,6931.2528076171875,4700,1,0.3062499999999999,6793.9923095703125,4700,1,0.3062499999999999,11849.273849487305,4700,1,0.30000000000000004,45293.18553161621,4700,1,0.30000000000000004,37467.280502319336,4700,1,0.30000000000000004,46663.07777404785,4700,1,0.30000000000000004,28952.63623046875,4700,1,0.30000000000000004,7268.29638671875,4700,1,0.30000000000000004,7156.97509765625,4700,1,0.30000000000000004,6748.37890625,4700,1,0.3062499999999999,6964.77653503418,4700,1,0.3062499999999999,6109.1580810546875,3007,3007,3007,3007,3007,3007,3007,3007,3007,3007,3007,3007,4690,4691,3007,3007,3007,4690,3007,3007,3007,3007,3007,4690,88.8888931274414,0,0,0,22.22222328186035,20,22.22222328186035,4.761904716491699,26.3157901763916,37.5,0,0,17.647058486938477,0,0,0,0,22.22222328186035,20,100,0,0,0,0,66481098752,12884893696,1623015424,0
99,1780596527918,56864.169998168945,4700,1,0.3062499999999999,6931.255966186523,4700,1,0.3062499999999999,6793.9957275390625,4700,1,0.3062499999999999,11849.66195678711,4700,1,0.3062499999999999,45293.51203918457,4700,1,0.3062499999999999,37467.661376953125,4700,1,0.3062499999999999,46663.54440307617,4700,1,0.3062499999999999,28953.314529418945,4700,1,0.3062499999999999,7268.299713134766,4700,1,0.3062499999999999,7156.978179931641,4700,1,0.3062499999999999,6748.381988525391,4700,1,0.3062499999999999,6964.77961730957,4700,1,0.3062499999999999,6114.950744628906,3007,3007,3007,3007,3007,3007,3007,3007,3007,3007,3007,3007,4690,4691,3007,3007,3007,4690,3007,3007,3007,3007,3007,4690,88.23529815673828,9.523809432983398,0,0,16.666667938232422,31.57894515991211,0,10.526315689086914,36.3636360168457,44.4444465637207,0,0,30.000001907348633,0,0,0,0,23.809524536132813,26.3157901763916,100,0,0,0,0,66481098752,12884893696,1620099072,0
99,1780596528018,56864.77571105957,4700,1,0.3062499999999999,6931.273345947266,4700,1,0.3062499999999999,6794.047744750977,4700,1,0.3062499999999999,11850.074951171875,4700,1,0.3062499999999999,45293.93356323242,4700,1,0.3062499999999999,37467.97932434082,4700,1,0.3062499999999999,46663.87403869629,4700,1,0.3062499999999999,28953.86979675293,4700,1,0.3062499999999999,7268.335479736328,4700,1,0.3062499999999999,7156.993438720703,4700,1,0.3062499999999999,6748.414627075195,4700,1,0.3062499999999999,6964.812149047852,4700,1,0.3062499999999999,6120.6968994140625,3007,3007,3007,3007,3007,3007,3007,3007,3007,3007,3007,3007,4690,4691,3007,3007,3007,4690,3007,3007,3007,3007,3007,4690,88.23529815673828,9.523809432983398,0,0,16.666667938232422,31.57894515991211,0,10.526315689086914,36.3636360168457,44.4444465637207,0,0,30.000001907348633,0,0,0,0,23.809524536132813,26.3157901763916,100,0,0,0,0,66481098752,12884893696,1618456576,0
99,1780596528118,56865.38122558594,4700,1,0.3062499999999999,6931.276992797852,4700,1,0.3062499999999999,6794.051162719727,4700,1,0.3062499999999999,11850.53237915039,4700,1,0.3062499999999999,45294.281188964844,4700,1,0.3062499999999999,37468.441986083984,4700,1,0.3062499999999999,46664.1749420166,4700,1,0.3062499999999999,28954.514419555664,4700,1,0.3062499999999999,7268.3394775390625,4700,1,0.3062499999999999,7156.996871948242,4700,1,0.3062499999999999,6748.418563842773,4700,1,0.3062499999999999,6964.81559753418,4700,1,0.3062499999999999,6126.4737548828125,3007,3007,3007,3007,3007,3007,3007,3007,3007,3007,3007,3007,4690,4691,3007,3007,3007,4690,3007,3007,3007,3007,3007,4690,90,25,0,5,22.22222328186035,31.57894515991211,15.000000953674316,21.052631378173828,15.000000953674316,35,0,0,17.647058486938477,0,0,0,0,21.052631378173828,10.526315689086914,95,0,0,0,0,66481098752,12884893696,1616670720,0
99,1780596528218,56865.974548339844,4700,1,0.3062499999999999,6931.2801513671875,4700,1,0.3062499999999999,6794.054351806641,4700,1,0.3062499999999999,11850.934555053711,4700,1,0.3062499999999999,45294.628341674805,4700,1,0.3062499999999999,37468.79899597168,4700,1,0.3062499999999999,46664.59159851074,4700,1,0.3062499999999999,28955.201873779297,4700,1,0.3062499999999999,7268.343032836914,4700,1,0.3062499999999999,7156.999984741211,4700,1,0.3062499999999999,6748.421905517578,4700,1,0.3062499999999999,6964.81867980957,4700,1,0.3062499999999999,6132.1883544921875,3007,3007,3007,3007,3007,3007,3007,3007,3007,3007,3007,3007,4690,4691,3007,3007,3007,4690,3007,3007,3007,3007,3007,4690,90,25,0,5,22.22222328186035,31.57894515991211,15.000000953674316,21.052631378173828,15.000000953674316,35,0,0,17.647058486938477,0,0,0,0,21.052631378173828,10.526315689086914,95,0,0,0,0,66481098752,12884893696,1617035264,0
99,1780596528318,56866.569076538086,4700,1,0.3062499999999999,6931.283248901367,4700,1,0.3062499999999999,6794.070510864258,4700,1,0.3062499999999999,11851.318481445313,4700,1,0.3062499999999999,45294.96684265137,4700,1,0.3062499999999999,37469.08695983887,4700,1,0.3062499999999999,46665.06544494629,4700,1,0.3062499999999999,28955.89015197754,4700,1,0.3062499999999999,7268.346145629883,4700,1,0.3062499999999999,7157.003067016602,4700,1,0.3062499999999999,6748.424987792969,4700,1,0.3062499999999999,6964.821792602539,4700,1,0.3062499999999999,6137.919158935547,3007,3007,3007,3007,3007,3007,3007,3007,3007,3007,3007,3007,4690,4691,3007,3007,3007,4690,3007,3007,3007,3007,3007,4690,89.47368621826172,15.789472579956055,0,0,28.571430206298828,21.052631378173828,15.789472579956055,5,26.3157901763916,44.4444465637207,0,0,15.000000953674316,0,0,0,0,28.571430206298828,33.333335876464844,100,0,0,0,0,66481098752,12884893696,1621966848,0
99,1780596528418,56867.21008300781,4700,1,0.3062499999999999,6931.286407470703,4700,1,0.3062499999999999,6794.074737548828,4700,1,0.3062499999999999,11851.62028503418,4700,1,0.3062499999999999,45295.287658691406,4700,1,0.3062499999999999,37469.50961303711,4700,1,0.3062499999999999,46665.52020263672,4700,1,0.3062499999999999,28956.580169677734,4700,1,0.3062499999999999,7268.349395751953,4700,1,0.3062499999999999,7157.006149291992,4700,1,0.3062499999999999,6748.428131103516,4700,1,0.3062499999999999,6964.82487487793,4700,1,0.3062499999999999,6143.722930908203,3007,3007,3007,3007,3007,3007,3007,3007,3007,3007,3007,3007,4690,4691,3007,3007,3007,4690,3007,3007,3007,3007,3007,4690,89.47368621826172,15.789472579956055,0,0,28.571430206298828,21.052631378173828,15.789472579956055,5,26.3157901763916,44.4444465637207,0,0,15.000000953674316,0,0,0,0,28.571430206298828,33.333335876464844,100,0,0,0,0,66481098752,12884893696,1625546752,0
99,1780596528518,56867.80302429199,4700,1,0.3062499999999999,6931.289489746094,4700,1,0.3062499999999999,6794.077941894531,4700,1,0.3062499999999999,11851.912475585938,4700,1,0.3062499999999999,45295.7688293457,4700,1,0.3062499999999999,37469.849853515625,4700,1,0.3062499999999999,46665.98910522461,4700,1,0.3062499999999999,28957.243591308594,4700,1,0.3062499999999999,7268.352600097656,4700,1,0.3062499999999999,7157.009231567383,4700,1,0.3062499999999999,6748.431213378906,4700,1,0.3062499999999999,6964.82795715332,4700,1,0.3062499999999999,6149.5238037109375,3007,3007,3007,3007,3007,3007,3007,3007,3007,3007,3007,3007,4690,4691,3007,3007,3007,4690,3007,3007,3007,3007,3007,4690,90,5.555555820465088,0,0,22.22222328186035,10.526315689086914,23.809524536132813,16.666667938232422,27.77777862548828,47.619049072265625,0,0,25,0,0,0,0,10.526315689086914,16.666667938232422,100,0,0,0,0,66481098752,12884893696,1625153536,0
99,1780596528618,56868.3844909668,4700,1,0.3062499999999999,6931.292572021484,4700,1,0.3062499999999999,6794.081024169922,4700,1,0.3062499999999999,11852.046371459961,4700,1,0.3062499999999999,45296.129333496094,4700,1,0.3062499999999999,37470.330307006836,4700,1,0.3062499999999999,46666.44090270996,4700,1,0.3062499999999999,28957.932235717773,4700,1,0.3062499999999999,7268.355743408203,4700,1,0.3062499999999999,7157.012313842773,4700,1,0.3062499999999999,6748.434295654297,4700,1,0.3062499999999999,6964.831039428711,4700,1,0.3062499999999999,6155.157440185547,3007,3007,3007,3007,3007,3007,3007,3007,3007,3007,3007,3007,4690,4691,3007,3007,3007,4690,3007,3007,3007,3007,3007,4690,90,5.555555820465088,0,0,22.22222328186035,10.526315689086914,23.809524536132813,16.666667938232422,27.77777862548828,47.619049072265625,0,0,25,0,0,0,0,10.526315689086914,16.666667938232422,100,0,0,0,0,66481098752,12884893696,1633341440,0
99,1780596528719,56868.99067687988,4700,1,0.3062499999999999,6931.295761108398,4700,1,0.3062499999999999,6794.088226318359,4700,1,0.3062499999999999,11852.162948608398,4700,1,0.3062499999999999,45296.44665527344,4700,1,0.3062499999999999,37470.77951049805,4700,1,0.3062499999999999,46666.889221191406,4700,1,0.3062499999999999,28958.617401123047,4700,1,0.3062499999999999,7268.358856201172,4700,1,0.3062499999999999,7157.01545715332,4700,1,0.3062499999999999,6748.437561035156,4700,1,0.3062499999999999,6964.834167480469,4700,1,0.3062499999999999,6160.846481323242,3007,3007,3007,3007,3007,3007,3007,3007,3007,3007,3007,3007,4690,4691,3007,3007,3007,4690,3007,3007,3007,3007,3007,4690,88.23529815673828,9.090909004211426,0,0,25,5,30.000001907348633,35,22.22222328186035,50,0,0,0,0,0,0,0,22.22222328186035,26.3157901763916,100,0,0,0,0,66481098752,12884893696,1629532160,0
99,1780596528819,56869.585998535156,4700,1,0.3062499999999999,6931.298812866211,4700,1,0.3062499999999999,6794.09130859375,4700,1,0.3062499999999999,11852.218658447266,4700,1,0.3062499999999999,45296.81996154785,4700,1,0.3062499999999999,37471.227615356445,4700,1,0.3062499999999999,46667.349182128906,4700,1,0.3062499999999999,28959.31462097168,4700,1,0.3062499999999999,7268.361968994141,4700,1,0.3062499999999999,7157.018508911133,4700,1,0.3062499999999999,6748.440612792969,4700,1,0.3062499999999999,6964.837219238281,4700,1,0.3062499999999999,6166.4610595703125,3007,3007,3007,3007,3007,3007,3007,3007,3007,3007,3007,3007,4690,4691,3007,3007,3007,4690,3007,3007,3007,3007,3007,4690,88.23529815673828,9.090909004211426,0,0,25,5,30.000001907348633,35,22.22222328186035,50,0,0,0,0,0,0,0,22.22222328186035,26.3157901763916,100,0,0,0,0,66481098752,12884893696,1629241344,0
99,1780596528919,56870.177474975586,4700,1,0.3062499999999999,6931.301986694336,4700,1,0.3062499999999999,6794.094390869141,4700,1,0.3062499999999999,11852.439926147461,4700,1,0.3062499999999999,45297.130111694336,4700,1,0.3062499999999999,37471.6354675293,4700,1,0.3062499999999999,46667.83474731445,4700,1,0.3062499999999999,28960.013763427734,4700,1,0.3062499999999999,7268.365051269531,4700,1,0.3062499999999999,7157.021591186523,4700,1,0.3062499999999999,6748.443756103516,4700,1,0.3062499999999999,6964.840301513672,4700,1,0.3062499999999999,6172.134811401367,3007,3007,3007,3007,3007,3007,3007,3007,3007,3007,3007,3007,4690,4691,3007,3007,3007,4690,3007,3007,3007,3007,3007,4690,83.33332824707031,0,0,0,25,5.263157844543457,23.52941131591797,22.22222328186035,31.57894515991211,50,0,0,0,0,0,0,0,28.571430206298828,30.000001907348633,100,0,0,0,0,66481098752,12884893696,1624178688,0
99,1780596529019,56870.755920410156,4700,1,0.3062499999999999,6931.305038452148,4700,1,0.3062499999999999,6794.097442626953,4700,1,0.3062499999999999,11852.753494262695,4700,1,0.3062499999999999,45297.29203796387,4700,1,0.3062499999999999,37472.10731506348,4700,1,0.3062499999999999,46668.28086853027,4700,1,0.3062499999999999,28960.707427978516,4700,1,0.3062499999999999,7268.368301391602,4700,1,0.3062499999999999,7157.024658203125,4700,1,0.3062499999999999,6748.446838378906,4700,1,0.3062499999999999,6964.8433837890625,4700,1,0.3062499999999999,6177.738708496094,3007,3007,3007,3007,3007,3007,3007,3007,3007,3007,3007,3007,4690,4691,3007,3007,3007,4690,3007,3007,3007,3007,3007,4690,83.33332824707031,0,0,0,25,5.263157844543457,23.52941131591797,22.22222328186035,31.57894515991211,50,0,0,0,0,0,0,0,28.571430206298828,30.000001907348633,100,0,0,0,0,66481098752,12884893696,1633435648,0
99,1780596529119,56871.377365112305,4700,1,0.3062499999999999,6931.308120727539,4700,1,0.3062499999999999,6794.10417175293,4700,1,0.3062499999999999,11853.052764892578,4700,1,0.3062499999999999,45297.720779418945,4700,1,0.3062499999999999,37472.43453979492,4700,1,0.3062499999999999,46668.74937438965,4700,1,0.3062499999999999,28961.386627197266,4700,1,0.3062499999999999,7268.371566772461,4700,1,0.3062499999999999,7157.027740478516,4700,1,0.3062499999999999,6748.449920654297,4700,1,0.3062499999999999,6964.846466064453,4700,1,0.3062499999999999,6183.475326538086,3007,3007,3007,3007,3007,3007,3007,3007,3007,3007,3007,3007,4690,4691,3007,3007,3007,4690,3007,3007,3007,3007,3007,4690,88.23529815673828,22.22222328186035,0,0,21.052631378173828,0,20,30.000001907348633,26.3157901763916,50,0,0,5.263157844543457,0,0,0,0,15.000000953674316,26.3157901763916,100,0,0,0,0,66481098752,12884893696,1629548544,0
99,1780596529219,56871.991622924805,4700,1,0.3062499999999999,6931.311279296875,4700,1,0.3062499999999999,6794.113204956055,4700,1,0.3062499999999999,11853.360641479492,4700,1,0.3062499999999999,45298.12986755371,4700,1,0.3062499999999999,37472.759521484375,4700,1,0.3062499999999999,46669.22856140137,4700,1,0.3062499999999999,28962.07847595215,4700,1,0.3062499999999999,7268.377136230469,4700,1,0.3062499999999999,7157.030822753906,4700,1,0.3062499999999999,6748.453063964844,4700,1,0.3062499999999999,6964.849548339844,4700,1,0.3062499999999999,6189.310974121094,3007,3007,3007,3007,3007,3007,3007,3007,3007,3007,3007,3007,4690,4691,3007,3007,3007,4690,3007,3007,3007,3007,3007,4690,88.23529815673828,22.22222328186035,0,0,21.052631378173828,0,20,30.000001907348633,26.3157901763916,50,0,0,5.263157844543457,0,0,0,0,15.000000953674316,26.3157901763916,100,0,0,0,0,66481098752,12884893696,1627787264,0
99,1780596529319,56872.560623168945,4700,1,0.3062499999999999,6931.314361572266,4700,1,0.3062499999999999,6794.116424560547,4700,1,0.3062499999999999,11853.699981689453,4700,1,0.3062499999999999,45298.57554626465,4700,1,0.3062499999999999,37473.19493103027,4700,1,0.3062499999999999,46669.63148498535,4700,1,0.3062499999999999,28962.753021240234,4700,1,0.3062499999999999,7268.380340576172,4700,1,0.3062499999999999,7157.033905029297,4700,1,0.3062499999999999,6748.456146240234,4700,1,0.3062499999999999,6964.852630615234,4700,1,0.3062499999999999,6195.133682250977,3007,3007,3007,3007,3007,3007,3007,3007,3007,3007,3007,3007,4690,4691,3007,3007,3007,4690,3007,3007,3007,3007,3007,4690,82.35294342041016,16.666667938232422,0,0,21.052631378173828,9.523809432983398,30.000001907348633,23.809524536132813,22.22222328186035,41.17647171020508,0,0,11.111111640930176,0,0,0,0,16.666667938232422,21.052631378173828,100,0,0,0,0,66481098752,12884893696,1622540288,0
99,1780596529419,56873.16665649414,4700,1,0.3062499999999999,6931.317520141602,4700,1,0.3062499999999999,6794.1195068359375,4700,1,0.3062499999999999,11854.007598876953,4700,1,0.3062499999999999,45298.92625427246,4700,1,0.3062499999999999,37473.58517456055,4700,1,0.3062499999999999,46670.07247924805,4700,1,0.3062499999999999,28963.447143554688,4700,1,0.3062499999999999,7268.383651733398,4700,1,0.3062499999999999,7157.0369873046875,4700,1,0.3062499999999999,6748.45930480957,4700,1,0.3062499999999999,6964.855712890625,4700,1,0.3062499999999999,6200.911682128906,3007,3007,3007,3007,3007,3007,3007,3007,3007,3007,3007,3007,4690,4691,3007,3007,3007,4690,3007,3007,3007,3007,3007,4690,82.35294342041016,16.666667938232422,0,0,21.052631378173828,9.523809432983398,30.000001907348633,23.809524536132813,22.22222328186035,41.17647171020508,0,0,11.111111640930176,0,0,0,0,16.666667938232422,21.052631378173828,100,0,0,0,0,66481098752,12884893696,1629691904,0
99,1780596529519,56873.772399902344,4700,1,0.3062499999999999,6931.320571899414,4700,1,0.3062499999999999,6794.122695922852,4700,1,0.3062499999999999,11854.329345703125,4700,1,0.3062499999999999,45299.371978759766,4700,1,0.3062499999999999,37473.89833068848,4700,1,0.3062499999999999,46670.43930053711,4700,1,0.3062499999999999,28964.127151489258,4700,1,0.3062499999999999,7268.386734008789,4700,1,0.3062499999999999,7157.0400390625,4700,1,0.3062499999999999,6748.462356567383,4700,1,0.3062499999999999,6964.8587646484375,4700,1,0.3062499999999999,6206.636901855469,3007,3007,3007,3007,3007,3007,3007,3007,3007,3007,3007,3007,4690,4691,3007,3007,3007,4690,3007,3007,3007,3007,3007,4690,88.8888931274414,23.809524536132813,0,0,30.000001907348633,0,35,10.526315689086914,15.789472579956055,50,0,0,19.047618865966797,0,0,0,0,19.047618865966797,26.3157901763916,100,0,0,0,0,66481098752,12884893696,1627435008,0
99,1780596529619,56874.38790893555,4700,1,0.30000000000000004,6931.323654174805,4700,1,0.30000000000000004,6794.125747680664,4700,1,0.30000000000000004,11854.606216430664,4700,1,0.30000000000000004,45299.849609375,4700,1,0.30000000000000004,37474.274475097656,4700,1,0.30000000000000004,46670.76907348633,4700,1,0.30000000000000004,28964.79183959961,4700,1,0.30000000000000004,7268.389846801758,4700,1,0.30000000000000004,7157.043121337891,4700,1,0.30000000000000004,6748.465438842773,4700,1,0.30000000000000004,6964.861846923828,4700,1,0.30000000000000004,6212.368759155273,3007,3007,3007,3007,3007,3007,3007,3007,3007,3007,3007,3007,4690,4691,3007,3007,3007,4690,3007,3007,3007,3007,3007,4690,88.8888931274414,23.809524536132813,0,0,30.000001907348633,0,35,10.526315689086914,15.789472579956055,50,0,0,19.047618865966797,0,0,0,0,19.047618865966797,26.3157901763916,100,0,0,0,0,66481098752,12884893696,1621987328,0
99,1780596529719,56874.97540283203,4700,1,0.3062499999999999,6931.326858520508,4700,1,0.3062499999999999,6794.128890991211,4700,1,0.3062499999999999,11854.966247558594,4700,1,0.3062499999999999,45300.24295043945,4700,1,0.3062499999999999,37474.64756774902,4700,1,0.3062499999999999,46671.14340209961,4700,1,0.3062499999999999,28965.488235473633,4700,1,0.3062499999999999,7268.392990112305,4700,1,0.3062499999999999,7157.0462646484375,4700,1,0.3062499999999999,6748.476821899414,4700,1,0.3062499999999999,6964.864990234375,4700,1,0.3062499999999999,6218.101623535156,3007,3007,3007,3007,3007,3007,3007,3007,3007,3007,3007,3007,4690,4691,3007,3007,3007,4690,3007,3007,3007,3007,3007,4690,90.47618865966797,10.526315689086914,0,0,25,20,23.52941131591797,29.411766052246094,10.526315689086914,44.4444465637207,0,0,25,0,0,0,0,5,16.666667938232422,100,0,0,0,0,66481098752,12884893696,1619525632,0
99,1780596529819,56875.60481262207,4700,1,0.3062499999999999,6931.329940795898,4700,1,0.3062499999999999,6794.132080078125,4700,1,0.3062499999999999,11855.398696899414,4700,1,0.3062499999999999,45300.60194396973,4700,1,0.3062499999999999,37474.92903137207,4700,1,0.3062499999999999,46671.564224243164,4700,1,0.3062499999999999,28966.17642211914,4700,1,0.3062499999999999,7268.396072387695,4700,1,0.3062499999999999,7157.049346923828,4700,1,0.3062499999999999,6748.479904174805,4700,1,0.3062499999999999,6964.868072509766,4700,1,0.3062499999999999,6223.799957275391,3007,3007,3007,3007,3007,3007,3007,3007,3007,3007,3007,3007,4690,4691,3007,3007,3007,4690,3007,3007,3007,3007,3007,4690,90.47618865966797,10.526315689086914,0,0,25,20,23.52941131591797,29.411766052246094,10.526315689086914,44.4444465637207,0,0,25,0,0,0,0,5,16.666667938232422,100,0,0,0,0,66481098752,12884893696,1624576000,0
99,1780596529919,56876.209060668945,4700,1,0.3062499999999999,6931.333099365234,4700,1,0.3062499999999999,6794.135162353516,4700,1,0.3062499999999999,11855.657455444336,4700,1,0.3062499999999999,45301.02264404297,4700,1,0.3062499999999999,37475.39344787598,4700,1,0.3062499999999999,46672.04331970215,4700,1,0.3062499999999999,28966.80516052246,4700,1,0.3062499999999999,7268.399230957031,4700,1,0.3062499999999999,7157.052459716797,4700,1,0.3062499999999999,6748.483047485352,4700,1,0.3062499999999999,6964.871154785156,4700,1,0.3062499999999999,6229.682205200195,3007,3007,3007,3007,3007,3007,3007,3007,3007,3007,3007,3007,4690,4691,3007,3007,3007,4690,3007,3007,3007,3007,3007,4690,88.8888931274414,11.111111640930176,0,0,26.3157901763916,5.882352828979492,31.57894515991211,20,22.22222328186035,29.411766052246094,0,0,5.263157844543457,0,0,0,0,20,30.000001907348633,100,0,0,0,0,66481098752,12884893696,1623732224,0
99,1780596530019,56876.835388183594,4700,1,0.3062499999999999,6931.336181640625,4700,1,0.3062499999999999,6794.138244628906,4700,1,0.3062499999999999,11855.789535522461,4700,1,0.3062499999999999,45301.36470031738,4700,1,0.3062499999999999,37475.80941772461,4700,1,0.3062499999999999,46672.511947631836,4700,1,0.3062499999999999,28967.503341674805,4700,1,0.3062499999999999,7268.402313232422,4700,1,0.3062499999999999,7157.0555419921875,4700,1,0.3062499999999999,6748.486129760742,4700,1,0.3062499999999999,6964.874237060547,4700,1,0.3062499999999999,6235.325393676758,3007,3007,3007,3007,3007,3007,3007,3007,3007,3007,3007,3007,4690,4691,3007,3007,3007,4690,3007,3007,3007,3007,3007,4690,88.8888931274414,11.111111640930176,0,0,26.3157901763916,5.882352828979492,31.57894515991211,20,22.22222328186035,29.411766052246094,0,0,5.263157844543457,0,0,0,0,20,30.000001907348633,100,0,0,0,0,66481098752,12884893696,1623027712,0
99,1780596530119,56877.44955444336,4700,1,0.3062499999999999,6931.339263916016,4700,1,0.3062499999999999,6794.141326904297,4700,1,0.3062499999999999,11856.031814575195,4700,1,0.3062499999999999,45301.75796508789,4700,1,0.3062499999999999,37476.1795501709,4700,1,0.3062499999999999,46672.96408081055,4700,1,0.3062499999999999,28968.171096801758,4700,1,0.3062499999999999,7268.4053955078125,4700,1,0.3062499999999999,7157.058624267578,4700,1,0.3062499999999999,6748.489212036133,4700,1,0.3062499999999999,6964.8773193359375,4700,1,0.3062499999999999,6241.112075805664,3007,3007,3007,3007,3007,3007,3007,3007,3007,3007,3007,3007,4690,4691,3007,3007,3007,4690,3007,3007,3007,3007,3007,4690,88.8888931274414,0,0,0,23.52941131591797,19.047618865966797,0,5.882352828979492,25,50,0,0,21.052631378173828,0,0,0,0,16.666667938232422,31.57894515991211,100,0,0,0,0,66481098752,12884893696,1627209728,0
99,1780596530219,56878.05172729492,4700,1,0.3062499999999999,6931.342422485352,4700,1,0.3062499999999999,6794.144561767578,4700,1,0.3062499999999999,11856.340469360352,4700,1,0.3062499999999999,45302.21357727051,4700,1,0.3062499999999999,37476.52894592285,4700,1,0.3062499999999999,46673.330963134766,4700,1,0.3062499999999999,28968.84295654297,4700,1,0.3062499999999999,7268.408508300781,4700,1,0.3062499999999999,7157.061706542969,4700,1,0.3062499999999999,6748.49235534668,4700,1,0.3062499999999999,6964.880401611328,4700,1,0.3062499999999999,6246.875411987305,3007,3007,3007,3007,3007,3007,3007,3007,3007,3007,3007,3007,4690,4691,3007,3007,3007,4690,3007,3007,3007,3007,3007,4690,88.8888931274414,0,0,0,23.52941131591797,19.047618865966797,0,5.882352828979492,25,50,0,0,21.052631378173828,0,0,0,0,16.666667938232422,31.57894515991211,100,0,0,0,0,66481098752,12884893696,1627389952,0
99,1780596530319,56878.630767822266,4700,1,0.30000000000000004,6931.345474243164,4700,1,0.30000000000000004,6794.147674560547,4700,1,0.30000000000000004,11856.742965698242,4700,1,0.30000000000000004,45302.57508850098,4700,1,0.30000000000000004,37476.85397338867,4700,1,0.30000000000000004,46673.7873840332,4700,1,0.30000000000000004,28969.537536621094,4700,1,0.30000000000000004,7268.411712646484,4700,1,0.30000000000000004,7157.064758300781,4700,1,0.30000000000000004,6748.495407104492,4700,1,0.30000000000000004,6964.883453369141,4700,1,0.30000000000000004,6252.5185546875,3007,3007,3007,3007,3007,3007,3007,3007,3007,3007,3007,3007,4690,4691,3007,3007,3007,4690,3007,3007,3007,3007,3007,4690,85,18.18181800842285,0,0,28.571430206298828,16.666667938232422,27.77777862548828,15.789472579956055,21.052631378173828,47.05882263183594,0,0,21.052631378173828,0,0,0,0,10,16.666667938232422,100,0,0,0,0,66481098752,12884893696,1619935232,0
99,1780596530419,56879.25799560547,4700,1,0.3062499999999999,6931.348617553711,4700,1,0.3062499999999999,6794.1507568359375,4700,1,0.3062499999999999,11857.046508789063,4700,1,0.3062499999999999,45302.990493774414,4700,1,0.3062499999999999,37476.972595214844,4700,1,0.3062499999999999,46674.26174926758,4700,1,0.3062499999999999,28970.232147216797,4700,1,0.3062499999999999,7268.414825439453,4700,1,0.3062499999999999,7157.067886352539,4700,1,0.3062499999999999,6748.498565673828,4700,1,0.3062499999999999,6964.886535644531,4700,1,0.3062499999999999,6258.1533203125,3007,3007,3007,3007,3007,3007,3007,3007,3007,3007,3007,3007,4690,4691,3007,3007,3007,4690,3007,3007,3007,3007,3007,4690,85,18.18181800842285,0,0,28.571430206298828,16.666667938232422,27.77777862548828,15.789472579956055,21.052631378173828,47.05882263183594,0,0,21.052631378173828,0,0,0,0,10,16.666667938232422,100,0,0,0,0,66481098752,12884893696,1619861504,0
99,1780596530519,56879.876861572266,4700,1,0.3062499999999999,6931.35173034668,4700,1,0.3062499999999999,6794.153900146484,4700,1,0.3062499999999999,11857.275192260742,4700,1,0.3062499999999999,45303.41435241699,4700,1,0.3062499999999999,37477.26161193848,4700,1,0.3062499999999999,46674.704162597656,4700,1,0.3062499999999999,28970.921585083008,4700,1,0.3062499999999999,7268.417953491211,4700,1,0.3062499999999999,7157.070999145508,4700,1,0.3062499999999999,6748.501678466797,4700,1,0.3062499999999999,6964.889678955078,4700,1,0.3062499999999999,6263.930908203125,3007,3007,3007,3007,3007,3007,3007,3007,3007,3007,3007,3007,4690,4691,3007,3007,3007,4690,3007,3007,3007,3007,3007,4690,89.47368621826172,0,0,0,26.3157901763916,11.111111640930176,37.5,0,22.22222328186035,44.4444465637207,0,0,25,0,0,0,0,10.526315689086914,35,100,0,0,0,0,66481098752,12884893696,1626189824,0
99,1780596530620,56880.468688964844,4700,1,0.3062499999999999,6931.354873657227,4700,1,0.3062499999999999,6794.157073974609,4700,1,0.3062499999999999,11857.533248901367,4700,1,0.3062499999999999,45303.84223937988,4700,1,0.3062499999999999,37477.59295654297,4700,1,0.3062499999999999,46675.16635131836,4700,1,0.3062499999999999,28971.6015625,4700,1,0.3062499999999999,7268.421188354492,4700,1,0.3062499999999999,7157.074142456055,4700,1,0.3062499999999999,6748.504791259766,4700,1,0.3062499999999999,6964.892822265625,4700,1,0.3062499999999999,6269.667785644531,3007,3007,3007,3007,3007,3007,3007,3007,3007,3007,3007,3007,4690,4691,3007,3007,3007,4690,3007,3007,3007,3007,3007,4690,89.47368621826172,0,0,0,26.3157901763916,11.111111640930176,37.5,0,22.22222328186035,44.4444465637207,0,0,25,0,0,0,0,10.526315689086914,35,100,0,0,0,0,66481098752,12884893696,1626226688,0
99,1780596530720,56881.09715270996,4700,1,0.3062499999999999,6931.35807800293,4700,1,0.3062499999999999,6794.160186767578,4700,1,0.3062499999999999,11857.85954284668,4700,1,0.3062499999999999,45304.31204223633,4700,1,0.3062499999999999,37477.89141845703,4700,1,0.3062499999999999,46675.601150512695,4700,1,0.3062499999999999,28972.281311035156,4700,1,0.3062499999999999,7268.424423217773,4700,1,0.3062499999999999,7157.0772705078125,4700,1,0.3062499999999999,6748.51432800293,4700,1,0.3062499999999999,6964.895935058594,4700,1,0.3062499999999999,6275.409881591797,3007,3007,3007,3007,3007,3007,3007,3007,3007,3007,3007,3007,4690,4691,3007,3007,3007,4690,3007,3007,3007,3007,3007,4690,88.8888931274414,0,0,0,26.3157901763916,15.789472579956055,11.111111640930176,5,30.000001907348633,37.5,0,0,31.57894515991211,0,0,0,0,15.789472579956055,17.647058486938477,100,0,0,0,0,66481098752,12884893696,1621262336,0
99,1780596530820,56881.71260070801,4700,1,0.30000000000000004,6931.36116027832,4700,1,0.3062499999999999,6794.163299560547,4700,1,0.3062499999999999,11858.081726074219,4700,1,0.30000000000000004,45304.746337890625,4700,1,0.30000000000000004,37478.22735595703,4700,1,0.30000000000000004,46676.00791931152,4700,1,0.30000000000000004,28972.97021484375,4700,1,0.30000000000000004,7268.427505493164,4700,1,0.30000000000000004,7157.080352783203,4700,1,0.30000000000000004,6748.51741027832,4700,1,0.30000000000000004,6964.899017333984,4700,1,0.30000000000000004,6281.113845825195,3007,3007,3007,3007,3007,3007,3007,3007,3007,3007,3007,3007,4690,4691,3007,3007,3007,4690,3007,3007,3007,3007,3007,4690,88.8888931274414,0,0,0,26.3157901763916,15.789472579956055,11.111111640930176,5,30.000001907348633,37.5,0,0,31.57894515991211,0,0,0,0,15.789472579956055,17.647058486938477,100,0,0,0,0,66481098752,12884893696,1620049920,0
99,1780596530920,56882.31889343262,4700,1,0.3062499999999999,6931.364318847656,4700,1,0.3062499999999999,6794.1663818359375,4700,1,0.3062499999999999,11858.176635742188,4700,1,0.3062499999999999,45305.17915344238,4700,1,0.3062499999999999,37478.56561279297,4700,1,0.3062499999999999,46676.46836853027,4700,1,0.3062499999999999,28973.650421142578,4700,1,0.3062499999999999,7268.430587768555,4700,1,0.3062499999999999,7157.083404541016,4700,1,0.3062499999999999,6748.520599365234,4700,1,0.3062499999999999,6964.902130126953,4700,1,0.3062499999999999,6286.778091430664,3007,3007,3007,3007,3007,3007,3007,3007,3007,3007,3007,3007,4690,4691,3007,3007,3007,4690,3007,3007,3007,3007,3007,4690,88.8888931274414,5,0,0,27.77777862548828,5.263157844543457,17.647058486938477,27.77777862548828,21.052631378173828,47.36842346191406,0,0,36.3636360168457,0,0,0,0,0,22.22222328186035,100,0,0,0,0,66481098752,12884893696,1624965120,0
99,1780596531020,56882.90548706055,4700,1,0.3062499999999999,6931.367370605469,4700,1,0.3062499999999999,6794.169494628906,4700,1,0.3062499999999999,11858.527221679688,4700,1,0.3062499999999999,45305.584564208984,4700,1,0.3062499999999999,37478.90022277832,4700,1,0.3062499999999999,46676.90805053711,4700,1,0.3062499999999999,28974.337524414063,4700,1,0.3062499999999999,7268.433700561523,4700,1,0.3062499999999999,7157.086486816406,4700,1,0.3062499999999999,6748.523651123047,4700,1,0.3062499999999999,6964.905181884766,4700,1,0.3062499999999999,6292.494552612305,3007,3007,3007,3007,3007,3007,3007,3007,3007,3007,3007,3007,4690,4691,3007,3007,3007,4690,3007,3007,3007,3007,3007,4690,88.8888931274414,5,0,0,27.77777862548828,5.263157844543457,17.647058486938477,27.77777862548828,21.052631378173828,47.36842346191406,0,0,36.3636360168457,0,0,0,0,0,22.22222328186035,100,0,0,0,0,66481098752,12884893696,1620516864,0
99,1780596531120,56883.51107788086,4700,1,0.3062499999999999,6931.370452880859,4700,1,0.3062499999999999,6794.172576904297,4700,1,0.3062499999999999,11858.767608642578,4700,1,0.3062499999999999,45306.018005371094,4700,1,0.3062499999999999,37479.28608703613,4700,1,0.3062499999999999,46677.38806152344,4700,1,0.3062499999999999,28975.028533935547,4700,1,0.3062499999999999,7268.437149047852,4700,1,0.3062499999999999,7157.089569091797,4700,1,0.3062499999999999,6748.5267333984375,4700,1,0.3062499999999999,6964.908264160156,4700,1,0.3062499999999999,6298.2734375,3007,3007,3007,3007,3007,3007,3007,3007,3007,3007,3007,3007,4690,4691,3007,3007,3007,4690,3007,3007,3007,3007,3007,4690,84.21052551269531,10.526315689086914,0,0,16.666667938232422,0,33.333335876464844,22.22222328186035,30.000001907348633,57.142860412597656,0,0,15.000000953674316,0,0,0,0,5,27.77777862548828,100,0,0,0,0,66481098752,12884893696,1619628032,0
99,1780596531220,56884.101959228516,4700,1,0.3062499999999999,6931.373596191406,4700,1,0.3062499999999999,6794.175704956055,4700,1,0.3062499999999999,11859.012084960938,4700,1,0.3062499999999999,45306.485595703125,4700,1,0.3062499999999999,37479.67202758789,4700,1,0.3062499999999999,46677.79637145996,4700,1,0.3062499999999999,28975.72688293457,4700,1,0.3062499999999999,7268.440689086914,4700,1,0.3062499999999999,7157.0926513671875,4700,1,0.3062499999999999,6748.529876708984,4700,1,0.3062499999999999,6964.911346435547,4700,1,0.3062499999999999,6303.976821899414,3007,3007,3007,3007,3007,3007,3007,3007,3007,3007,3007,3007,4690,4691,3007,3007,3007,4690,3007,3007,3007,3007,3007,4690,84.21052551269531,10.526315689086914,0,0,16.666667938232422,0,33.333335876464844,22.22222328186035,30.000001907348633,57.142860412597656,0,0,15.000000953674316,0,0,0,0,5,27.77777862548828,100,0,0,0,0,66481098752,12884893696,1617272832,0
99,1780596531320,56884.693115234375,4700,1,0.3062499999999999,6931.376678466797,4700,1,0.3062499999999999,6794.178848266602,4700,1,0.3062499999999999,11859.366485595703,4700,1,0.3062499999999999,45306.83134460449,4700,1,0.3062499999999999,37479.99996948242,4700,1,0.3062499999999999,46678.258209228516,4700,1,0.3062499999999999,28976.42333984375,4700,1,0.3062499999999999,7268.444046020508,4700,1,0.3062499999999999,7157.095733642578,4700,1,0.3062499999999999,6748.532958984375,4700,1,0.3062499999999999,6964.9144287109375,4700,1,0.3062499999999999,6309.705169677734,3007,3007,3007,3007,3007,3007,3007,3007,3007,3007,3007,3007,4690,4691,3007,3007,3007,4690,3007,3007,3007,3007,3007,4690,88.23529815673828,10.526315689086914,0,0,11.111111640930176,9.523809432983398,22.22222328186035,26.3157901763916,15.789472579956055,47.05882263183594,0,0,15.789472579956055,0,0,0,0,5,27.77777862548828,100,4.761904716491699,0,0,0,66481098752,12884893696,1620262912,0
99,1780596531420,56885.28077697754,4700,1,0.3062499999999999,6931.379852294922,4700,1,0.3062499999999999,6794.181991577148,4700,1,0.3062499999999999,11859.730163574219,4700,1,0.3062499999999999,45307.27958679199,4700,1,0.3062499999999999,37480.344818115234,4700,1,0.3062499999999999,46678.65020751953,4700,1,0.3062499999999999,28977.110809326172,4700,1,0.3062499999999999,7268.447402954102,4700,1,0.3062499999999999,7157.098831176758,4700,1,0.3062499999999999,6748.536102294922,4700,1,0.3062499999999999,6964.917556762695,4700,1,0.3062499999999999,6315.51139831543,3007,3007,3007,3007,3007,3007,3007,3007,3007,3007,3007,3007,4690,4691,3007,3007,3007,4690,3007,3007,3007,3007,3007,4690,88.23529815673828,10.526315689086914,0,0,11.111111640930176,9.523809432983398,22.22222328186035,26.3157901763916,15.789472579956055,47.05882263183594,0,0,15.789472579956055,0,0,0,0,5,27.77777862548828,100,4.761904716491699,0,0,0,66481098752,12884893696,1618952192,0
99,1780596531520,56885.87635803223,4700,1,0.3062499999999999,6931.3829345703125,4700,1,0.3062499999999999,6794.185073852539,4700,1,0.3062499999999999,11860.010803222656,4700,1,0.3062499999999999,45307.70213317871,4700,1,0.3062499999999999,37480.69593811035,4700,1,0.3062499999999999,46679.113861083984,4700,1,0.3062499999999999,28977.80436706543,4700,1,0.3062499999999999,7268.450485229492,4700,1,0.3062499999999999,7157.101913452148,4700,1,0.3062499999999999,6748.5391845703125,4700,1,0.3062499999999999,6964.920639038086,4700,1,0.3062499999999999,6321.240463256836,3007,3007,3007,3007,3007,3007,3007,3007,3007,3007,3007,3007,4690,4691,3007,3007,3007,4690,3007,3007,3007,3007,3007,4690,85,5.555555820465088,0,0,21.052631378173828,11.111111640930176,25,0,15.789472579956055,44.4444465637207,0,0,0,0,0,0,0,26.3157901763916,33.333335876464844,100,0,0,0,0,66481098752,12884893696,1617027072,0
99,1780596531620,56886.48083496094,4700,1,0.30000000000000004,6931.386016845703,4700,1,0.30000000000000004,6794.18815612793,4700,1,0.30000000000000004,11860.346282958984,4700,1,0.30000000000000004,45308.04788208008,4700,1,0.30000000000000004,37481.174545288086,4700,1,0.30000000000000004,46679.38604736328,4700,1,0.30000000000000004,28978.48908996582,4700,1,0.30000000000000004,7268.453567504883,4700,1,0.30000000000000004,7157.104995727539,4700,1,0.30000000000000004,6748.542266845703,4700,1,0.30000000000000004,6964.923721313477,4700,1,0.30000000000000004,6326.994338989258,3007,3007,3007,3007,3007,3007,3007,3007,3007,3007,3007,3007,4690,4691,3007,3007,3007,4690,3007,3007,3007,3007,3007,4690,85,5.555555820465088,0,0,21.052631378173828,11.111111640930176,25,0,15.789472579956055,44.4444465637207,0,0,0,0,0,0,0,26.3157901763916,33.333335876464844,100,0,0,0,0,66481098752,12884893696,1617895424,0
99,1780596531720,56887.10568237305,4700,1,0.3062499999999999,6931.389175415039,4700,1,0.3062499999999999,6794.19123840332,4700,1,0.3062499999999999,11860.766693115234,4700,1,0.3062499999999999,45308.396423339844,4700,1,0.3062499999999999,37481.463302612305,4700,1,0.3062499999999999,46679.73289489746,4700,1,0.3062499999999999,28979.173446655273,4700,1,0.3062499999999999,7268.456619262695,4700,1,0.3062499999999999,7157.108047485352,4700,1,0.3062499999999999,6748.552581787109,4700,1,0.3062499999999999,6964.926773071289,4700,1,0.3062499999999999,6332.730773925781,3007,3007,3007,3007,3007,3007,3007,3007,3007,3007,3007,3007,4690,4691,3007,3007,3007,4690,3007,3007,3007,3007,3007,4690,88.8888931274414,10,0,0,35,31.57894515991211,38.095237731933594,23.52941131591797,5,44.4444465637207,0,0,0,0,0,0,0,20,22.22222328186035,100,0,0,0,0,66481098752,12884893696,1623736320,0
99,1780596531820,56887.7190246582,4700,1,0.30000000000000004,6931.392227172852,4700,1,0.30000000000000004,6794.194351196289,4700,1,0.30000000000000004,11861.138046264648,4700,1,0.30000000000000004,45308.761459350586,4700,1,0.30000000000000004,37481.8176574707,4700,1,0.30000000000000004,46680.09437561035,4700,1,0.30000000000000004,28979.864227294922,4700,1,0.30000000000000004,7268.459701538086,4700,1,0.30000000000000004,7157.111129760742,4700,1,0.30000000000000004,6748.555679321289,4700,1,0.30000000000000004,6964.92985534668,4700,1,0.30000000000000004,6338.370590209961,3007,3007,3007,3007,3007,3007,3007,3007,3007,3007,3007,3007,4690,4691,3007,3007,3007,4690,3007,3007,3007,3007,3007,4690,88.8888931274414,10,0,0,35,31.57894515991211,38.095237731933594,23.52941131591797,5,44.4444465637207,0,0,0,0,0,0,0,20,22.22222328186035,100,0,0,0,0,66481098752,12884893696,1620111360,0
99,1780596531920,56888.26106262207,4700,1,0.3062499999999999,6931.395446777344,4700,1,0.3062499999999999,6794.197494506836,4700,1,0.3062499999999999,11861.503402709961,4700,1,0.3062499999999999,45309.205978393555,4700,1,0.3062499999999999,37482.18556213379,4700,1,0.3062499999999999,46680.4630279541,4700,1,0.3062499999999999,28980.556701660156,4700,1,0.3062499999999999,7268.462814331055,4700,1,0.3062499999999999,7157.114288330078,4700,1,0.3062499999999999,6748.558868408203,4700,1,0.3062499999999999,6964.9329833984375,4700,1,0.3062499999999999,6344.10432434082,3007,3007,3007,3007,3007,3007,3007,3007,3007,3007,3007,3007,4690,4691,3007,3007,3007,4690,3007,3007,3007,3007,3007,4690,84.21052551269531,5.263157844543457,0,0,20,27.77777862548828,21.052631378173828,4.761904716491699,0,43.75,0,0,28.571430206298828,0,0,0,0,26.3157901763916,35,100,0,0,0,0,66481098752,12884893696,1621204992,0
99,1780596532020,56888.85969543457,4700,1,0.3062499999999999,6931.398529052734,4700,1,0.3062499999999999,6794.200576782227,4700,1,0.3062499999999999,11861.83462524414,4700,1,0.3062499999999999,45309.575271606445,4700,1,0.3062499999999999,37482.64566040039,4700,1,0.3062499999999999,46680.839599609375,4700,1,0.3062499999999999,28981.24771118164,4700,1,0.3062499999999999,7268.465896606445,4700,1,0.3062499999999999,7157.117370605469,4700,1,0.3062499999999999,6748.561950683594,4700,1,0.3062499999999999,6964.936065673828,4700,1,0.3062499999999999,6349.871444702148,3007,3007,3007,3007,3007,3007,3007,3007,3007,3007,3007,3007,4690,4691,3007,3007,3007,4690,3007,3007,3007,3007,3007,4690,84.21052551269531,5.263157844543457,0,0,20,27.77777862548828,21.052631378173828,4.761904716491699,0,43.75,0,0,28.571430206298828,0,0,0,0,26.3157901763916,35,100,0,0,0,0,66481098752,12884893696,1622159360,0
99,1780596532120,56889.488708496094,4700,1,0.30000000000000004,6931.401611328125,4700,1,0.30000000000000004,6794.203659057617,4700,1,0.30000000000000004,11862.16616821289,4700,1,0.30000000000000004,45309.987243652344,4700,1,0.30000000000000004,37483.002670288086,4700,1,0.30000000000000004,46681.22039794922,4700,1,0.30000000000000004,28981.939575195313,4700,1,0.30000000000000004,7268.468978881836,4700,1,0.30000000000000004,7157.120452880859,4700,1,0.30000000000000004,6748.571517944336,4700,1,0.30000000000000004,6964.939147949219,4700,1,0.30000000000000004,6355.698486328125,3007,3007,3007,3007,3007,3007,3007,3007,3007,3007,3007,3007,4690,4691,3007,3007,3007,4690,3007,3007,3007,3007,3007,4690,88.8888931274414,20,0,0,22.22222328186035,13.636363983154297,25,22.22222328186035,16.666667938232422,44.4444465637207,0,0,15.789472579956055,0,0,0,0,11.111111640930176,25,100,0,0,0,0,66481098752,12884893696,1620779008,0
99,1780596532220,56890.09014892578,4700,1,0.3062499999999999,6931.404769897461,4700,1,0.30000000000000004,6794.20686340332,4700,1,0.30000000000000004,11862.5390625,4700,1,0.3062499999999999,45310.38877868652,4700,1,0.3062499999999999,37483.37953186035,4700,1,0.3062499999999999,46681.64385986328,4700,1,0.3062499999999999,28982.612213134766,4700,1,0.3062499999999999,7268.472213745117,4700,1,0.3062499999999999,7157.12353515625,4700,1,0.30000000000000004,6748.574661254883,4700,1,0.30000000000000004,6964.942230224609,4700,1,0.30000000000000004,6361.4896240234375,3007,3007,3007,3007,3007,3007,3007,3007,3007,3007,3007,3007,4690,4691,3007,3007,3007,4690,3007,3007,3007,3007,3007,4690,88.8888931274414,20,0,0,22.22222328186035,13.636363983154297,25,22.22222328186035,16.666667938232422,44.4444465637207,0,0,15.789472579956055,0,0,0,0,11.111111640930176,25,100,0,0,0,0,66481098752,12884893696,1620172800,0
99,1780596532320,56890.71340942383,4700,1,0.30000000000000004,6931.407852172852,4700,1,0.30000000000000004,6794.210006713867,4700,1,0.30000000000000004,11862.838394165039,4700,1,0.30000000000000004,45310.70852661133,4700,1,0.30000000000000004,37483.80635070801,4700,1,0.30000000000000004,46681.99256896973,4700,1,0.30000000000000004,28983.300384521484,4700,1,0.30000000000000004,7268.475326538086,4700,1,0.30000000000000004,7157.126617431641,4700,1,0.30000000000000004,6748.577743530273,4700,1,0.30000000000000004,6964.945343017578,4700,1,0.30000000000000004,6367.169815063477,3007,3007,3007,3007,3007,3007,3007,3007,3007,3007,3007,3007,4690,4691,3007,3007,3007,4690,3007,3007,3007,3007,3007,4690,90,5.555555820465088,0,0,26.3157901763916,15.789472579956055,5.555555820465088,31.57894515991211,5.263157844543457,50,0,0,21.052631378173828,0,0,0,0,15.000000953674316,12.5,100,0,0,0,0,66481098752,12884893696,1616932864,0
99,1780596532421,56891.28727722168,4700,1,0.30000000000000004,6931.4110107421875,4700,1,0.30000000000000004,6794.213134765625,4700,1,0.30000000000000004,11863.175964355469,4700,1,0.30000000000000004,45311.156814575195,4700,1,0.30000000000000004,37484.18948364258,4700,1,0.30000000000000004,46682.399490356445,4700,1,0.30000000000000004,28983.988174438477,4700,1,0.30000000000000004,7268.478469848633,4700,1,0.30000000000000004,7157.129669189453,4700,1,0.30000000000000004,6748.580856323242,4700,1,0.30000000000000004,6964.948425292969,4700,1,0.30000000000000004,6372.960235595703,3007,3007,3007,3007,3007,3007,3007,3007,3007,3007,3007,3007,4690,4691,3007,3007,3007,4690,3007,3007,3007,3007,3007,4690,90,5.555555820465088,0,0,26.3157901763916,15.789472579956055,5.555555820465088,31.57894515991211,5.263157844543457,50,0,0,21.052631378173828,0,0,0,0,15.000000953674316,12.5,100,0,0,0,0,66481098752,12884893696,1625001984,0
99,1780596532521,56891.90620422363,4700,1,0.3062499999999999,6931.41780090332,4700,1,0.3062499999999999,6794.2161865234375,4700,1,0.3062499999999999,11863.507125854492,4700,1,0.3062499999999999,45311.605545043945,4700,1,0.3062499999999999,37484.55155944824,4700,1,0.3062499999999999,46682.83436584473,4700,1,0.3062499999999999,28984.638412475586,4700,1,0.3062499999999999,7268.481582641602,4700,1,0.3062499999999999,7157.132751464844,4700,1,0.3062499999999999,6748.583938598633,4700,1,0.3062499999999999,6964.951477050781,4700,1,0.3062499999999999,6378.7362060546875,3007,3007,3007,3007,3007,3007,3007,3007,3007,3007,3007,3007,4690,4691,3007,3007,3007,4690,3007,3007,3007,3007,3007,4690,89.47368621826172,11.764705657958984,0,0,16.666667938232422,5.263157844543457,30.000001907348633,26.3157901763916,22.22222328186035,38.88888931274414,0,0,30.000001907348633,0,0,0,0,5.263157844543457,10,100,0,0,0,0,66481098752,12884893696,1620504576,0
99,1780596532621,56892.46424865723,4700,1,0.3062499999999999,6931.420883178711,4700,1,0.3062499999999999,6794.219390869141,4700,1,0.3062499999999999,11863.882522583008,4700,1,0.3062499999999999,45312.06251525879,4700,1,0.3062499999999999,37484.93621826172,4700,1,0.3062499999999999,46683.228454589844,4700,1,0.3062499999999999,28985.286865234375,4700,1,0.3062499999999999,7268.48469543457,4700,1,0.3062499999999999,7157.135833740234,4700,1,0.3062499999999999,6748.587020874023,4700,1,0.3062499999999999,6964.954559326172,4700,1,0.3062499999999999,6384.576995849609,3007,3007,3007,3007,3007,3007,3007,3007,3007,3007,3007,3007,4690,4691,3007,3007,3007,4690,3007,3007,3007,3007,3007,4690,89.47368621826172,11.764705657958984,0,0,16.666667938232422,5.263157844543457,30.000001907348633,26.3157901763916,22.22222328186035,38.88888931274414,0,0,30.000001907348633,0,0,0,0,5.263157844543457,10,100,0,0,0,0,66481098752,12884893696,1619378176,0
99,1780596532721,56893.03747558594,4700,1,0.3062499999999999,6931.424026489258,4700,1,0.3062499999999999,6794.222473144531,4700,1,0.3062499999999999,11864.31184387207,4700,1,0.3062499999999999,45312.552734375,4700,1,0.3062499999999999,37485.36145019531,4700,1,0.3062499999999999,46683.607345581055,4700,1,0.3062499999999999,28985.88069152832,4700,1,0.3062499999999999,7268.487869262695,4700,1,0.3062499999999999,7157.138916015625,4700,1,0.3062499999999999,6748.597747802734,4700,1,0.3062499999999999,6964.9576416015625,4700,1,0.3062499999999999,6390.509429931641,3007,3007,3007,3007,3007,3007,3007,3007,3007,3007,3007,3007,4690,4691,3007,3007,3007,4690,3007,3007,3007,3007,3007,4690,89.47368621826172,25,0,0,19.047618865966797,30.000001907348633,35,26.3157901763916,30.000001907348633,16.666667938232422,0,0,26.3157901763916,0,0,0,0,20,10.526315689086914,100,0,0,0,0,66481098752,12884893696,1616175104,0
99,1780596532821,56893.55390930176,4700,1,0.3062499999999999,6931.427108764648,4700,1,0.3062499999999999,6794.225555419922,4700,1,0.3062499999999999,11864.499435424805,4700,1,0.3062499999999999,45312.9948425293,4700,1,0.3062499999999999,37485.84069824219,4700,1,0.3062499999999999,46684.029693603516,4700,1,0.3062499999999999,28986.561477661133,4700,1,0.3062499999999999,7268.491195678711,4700,1,0.3062499999999999,7157.141998291016,4700,1,0.3062499999999999,6748.600830078125,4700,1,0.3062499999999999,6964.960723876953,4700,1,0.3062499999999999,6396.275192260742,3007,3007,3007,3007,3007,3007,3007,3007,3007,3007,3007,3007,4690,4691,3007,3007,3007,4690,3007,3007,3007,3007,3007,4690,89.47368621826172,25,0,0,19.047618865966797,30.000001907348633,35,26.3157901763916,30.000001907348633,16.666667938232422,0,0,26.3157901763916,0,0,0,0,20,10.526315689086914,100,0,0,0,0,66481098752,12884893696,1623277568,0
99,1780596532921,56894.091217041016,4700,1,0.3062499999999999,6931.430267333984,4700,1,0.3062499999999999,6794.22868347168,4700,1,0.3062499999999999,11864.716049194336,4700,1,0.3062499999999999,45313.48042297363,4700,1,0.3062499999999999,37486.2147064209,4700,1,0.3062499999999999,46684.45420837402,4700,1,0.3062499999999999,28987.251342773438,4700,1,0.3062499999999999,7268.494338989258,4700,1,0.3062499999999999,7157.145126342773,4700,1,0.3062499999999999,6748.603973388672,4700,1,0.3062499999999999,6964.9638671875,4700,1,0.3062499999999999,6402.020660400391,3007,3007,3007,3007,3007,3007,3007,3007,3007,3007,3007,3007,4690,4691,3007,3007,3007,4690,3007,3007,3007,3007,3007,4690,82.35294342041016,5,0,0,4.761904716491699,10,26.3157901763916,27.77777862548828,27.77777862548828,37.5,0,0,27.77777862548828,0,0,0,0,21.052631378173828,15.789472579956055,100,0,0,0,0,66481098752,12884893696,1618456576,0
99,1780596533021,56894.684020996094,4700,1,0.3062499999999999,6931.433349609375,4700,1,0.3062499999999999,6794.231826782227,4700,1,0.3062499999999999,11864.733032226563,4700,1,0.3062499999999999,45313.91670227051,4700,1,0.3062499999999999,37486.690841674805,4700,1,0.3062499999999999,46684.86485290527,4700,1,0.3062499999999999,28987.94676208496,4700,1,0.3062499999999999,7268.497421264648,4700,1,0.3062499999999999,7157.148208618164,4700,1,0.3062499999999999,6748.6070556640625,4700,1,0.3062499999999999,6964.966949462891,4700,1,0.3062499999999999,6407.651062011719,3007,3007,3007,3007,3007,3007,3007,3007,3007,3007,3007,3007,4690,4691,3007,3007,3007,4690,3007,3007,3007,3007,3007,4690,82.35294342041016,5,0,0,4.761904716491699,10,26.3157901763916,27.77777862548828,27.77777862548828,37.5,0,0,27.77777862548828,0,0,0,0,21.052631378173828,15.789472579956055,100,0,0,0,0,66481098752,12884893696,1617940480,0
99,1780596533121,56895.25749206543,4700,1,0.30000000000000004,6931.436431884766,4700,1,0.30000000000000004,6794.234909057617,4700,1,0.30000000000000004,11864.938293457031,4700,1,0.30000000000000004,45314.32730102539,4700,1,0.30000000000000004,37487.104888916016,4700,1,0.30000000000000004,46685.27494812012,4700,1,0.30000000000000004,28988.636276245117,4700,1,0.30000000000000004,7268.500534057617,4700,1,0.30000000000000004,7157.151260375977,4700,1,0.30000000000000004,6748.610107421875,4700,1,0.30000000000000004,6964.970001220703,4700,1,0.30000000000000004,6413.354721069336,3007,3007,3007,3007,3007,3007,3007,3007,3007,3007,3007,3007,4690,4691,3007,3007,3007,4690,3007,3007,3007,3007,3007,4690,83.33332824707031,5,0,0,21.052631378173828,0,27.77777862548828,30.000001907348633,21.052631378173828,52.6315803527832,0,0,11.111111640930176,0,0,0,0,22.22222328186035,20,100,0,0,0,0,66481098752,12884893696,1614258176,0
99,1780596533221,56895.88465881348,4700,1,0.30000000000000004,6931.439544677734,4700,1,0.30000000000000004,6794.238021850586,4700,1,0.30000000000000004,11865.344848632813,4700,1,0.30000000000000004,45314.69160461426,4700,1,0.30000000000000004,37487.4733581543,4700,1,0.30000000000000004,46685.66471862793,4700,1,0.30000000000000004,28989.319366455078,4700,1,0.30000000000000004,7268.503646850586,4700,1,0.30000000000000004,7157.154342651367,4700,1,0.30000000000000004,6748.613250732422,4700,1,0.30000000000000004,6964.973083496094,4700,1,0.30000000000000004,6419.0518798828125,3007,3007,3007,3007,3007,3007,3007,3007,3007,3007,3007,3007,4690,4691,3007,3007,3007,4690,3007,3007,3007,3007,3007,4690,83.33332824707031,5,0,0,21.052631378173828,0,27.77777862548828,30.000001907348633,21.052631378173828,52.6315803527832,0,0,11.111111640930176,0,0,0,0,22.22222328186035,20,100,0,0,0,0,66481098752,12884893696,1621114880,0
99,1780596533321,56896.5302734375,4700,1,0.3062499999999999,6931.442626953125,4700,1,0.3062499999999999,6794.241195678711,4700,1,0.3062499999999999,11865.689376831055,4700,1,0.3062499999999999,45315.10598754883,4700,1,0.3062499999999999,37487.719970703125,4700,1,0.3062499999999999,46686.12831115723,4700,1,0.3062499999999999,28990.006408691406,4700,1,0.3062499999999999,7268.506759643555,4700,1,0.3062499999999999,7157.157424926758,4700,1,0.3062499999999999,6748.6163330078125,4700,1,0.3062499999999999,6964.976165771484,4700,1,0.3062499999999999,6424.775131225586,3007,3007,3007,3007,3007,3007,3007,3007,3007,3007,3007,3007,4690,4691,3007,3007,3007,4690,3007,3007,3007,3007,3007,4690,90.47618865966797,21.052631378173828,0,0,40,10.526315689086914,21.052631378173828,25,26.3157901763916,47.36842346191406,0,0,15.000000953674316,0,0,0,0,0,25,100,0,0,0,0,66481098752,12884893696,1618591744,0
99,1780596533421,56897.16276550293,4700,1,0.3062499999999999,6931.445770263672,4700,1,0.3062499999999999,6794.244293212891,4700,1,0.3062499999999999,11865.976791381836,4700,1,0.3062499999999999,45315.472244262695,4700,1,0.3062499999999999,37488.059005737305,4700,1,0.3062499999999999,46686.53237915039,4700,1,0.3062499999999999,28990.697479248047,4700,1,0.3062499999999999,7268.509872436523,4700,1,0.3062499999999999,7157.160507202148,4700,1,0.3062499999999999,6748.619476318359,4700,1,0.3062499999999999,6964.979248046875,4700,1,0.3062499999999999,6430.543655395508,3007,3007,3007,3007,3007,3007,3007,3007,3007,3007,3007,3007,4690,4691,3007,3007,3007,4690,3007,3007,3007,3007,3007,4690,90.47618865966797,21.052631378173828,0,0,40,10.526315689086914,21.052631378173828,25,26.3157901763916,47.36842346191406,0,0,15.000000953674316,0,0,0,0,0,25,100,0,0,0,0,66481098752,12884893696,1616068608,0
99,1780596533521,56897.758865356445,4700,1,0.3062499999999999,6931.4488525390625,4700,1,0.3062499999999999,6794.247375488281,4700,1,0.3062499999999999,11866.318939208984,4700,1,0.3062499999999999,45315.86242675781,4700,1,0.3062499999999999,37488.42958068848,4700,1,0.3062499999999999,46686.88969421387,4700,1,0.3062499999999999,28991.39291381836,4700,1,0.3062499999999999,7268.51301574707,4700,1,0.3062499999999999,7157.163589477539,4700,1,0.3062499999999999,6748.62255859375,4700,1,0.3062499999999999,6964.982330322266,4700,1,0.3062499999999999,6436.261444091797,3007,3007,3007,3007,3007,3007,3007,3007,3007,3007,3007,3007,4690,4691,3007,3007,3007,4690,3007,3007,3007,3007,3007,4690,89.47368621826172,19.047618865966797,0,0,26.3157901763916,20,10.526315689086914,20,25,47.05882263183594,0,0,21.052631378173828,0,0,0,0,15.000000953674316,10.526315689086914,100,0,0,0,0,66481098752,12884893696,1615638528,0
99,1780596533621,56898.37094116211,4700,1,0.30000000000000004,6931.451934814453,4700,1,0.3062499999999999,6794.250457763672,4700,1,0.3062499999999999,11866.67561340332,4700,1,0.30000000000000004,45316.28315734863,4700,1,0.30000000000000004,37488.75587463379,4700,1,0.30000000000000004,46687.317474365234,4700,1,0.30000000000000004,28992.08448791504,4700,1,0.30000000000000004,7268.516159057617,4700,1,0.3062499999999999,7157.16667175293,4700,1,0.3062499999999999,6748.625640869141,4700,1,0.3062499999999999,6964.985412597656,4700,1,0.3062499999999999,6441.976898193359,3007,3007,3007,3007,3007,3007,3007,3007,3007,3007,3007,3007,4690,4691,3007,3007,3007,4690,3007,3007,3007,3007,3007,4690,89.47368621826172,19.047618865966797,0,0,26.3157901763916,20,10.526315689086914,20,25,47.05882263183594,0,0,21.052631378173828,0,0,0,0,15.000000953674316,10.526315689086914,100,0,0,0,0,66481098752,12884893696,1623105536,0
99,1780596533721,56898.972244262695,4700,1,0.3062499999999999,6931.455093383789,4700,1,0.3062499999999999,6794.253601074219,4700,1,0.3062499999999999,11867.101669311523,4700,1,0.3062499999999999,45316.65950012207,4700,1,0.3062499999999999,37488.934173583984,4700,1,0.3062499999999999,46687.75227355957,4700,1,0.3062499999999999,28992.765045166016,4700,1,0.3062499999999999,7268.519302368164,4700,1,0.3062499999999999,7157.16975402832,4700,1,0.3062499999999999,6748.628845214844,4700,1,0.3062499999999999,6964.988494873047,4700,1,0.3062499999999999,6447.684295654297,3007,3007,3007,3007,3007,3007,3007,3007,3007,3007,3007,3007,4690,4691,3007,3007,3007,4690,3007,3007,3007,3007,3007,4690,90,15.000000953674316,0,0,30.000001907348633,21.052631378173828,18.75,15.789472579956055,27.77777862548828,44.4444465637207,0,0,11.111111640930176,0,0,0,0,0,5.263157844543457,100,0,0,0,0,66481098752,12884893696,1618599936,0
99,1780596533821,56899.58821105957,4700,1,0.3062499999999999,6931.45817565918,4700,1,0.3062499999999999,6794.256683349609,4700,1,0.3062499999999999,11867.432235717773,4700,1,0.3062499999999999,45317.09927368164,4700,1,0.3062499999999999,37489.29389953613,4700,1,0.3062499999999999,46688.037841796875,4700,1,0.3062499999999999,28993.458572387695,4700,1,0.3062499999999999,7268.522750854492,4700,1,0.3062499999999999,7157.172836303711,4700,1,0.3062499999999999,6748.631927490234,4700,1,0.3062499999999999,6964.9915771484375,4700,1,0.3062499999999999,6453.379425048828,3007,3007,3007,3007,3007,3007,3007,3007,3007,3007,3007,3007,4690,4691,3007,3007,3007,4690,3007,3007,3007,3007,3007,4690,90,15.000000953674316,0,0,30.000001907348633,21.052631378173828,18.75,15.789472579956055,27.77777862548828,44.4444465637207,0,0,11.111111640930176,0,0,0,0,0,5.263157844543457,100,0,0,0,0,66481098752,12884893696,1616420864,0
99,1780596533921,56900.19728088379,4700,1,0.3062499999999999,6931.461334228516,4700,1,0.3062499999999999,6794.259765625,4700,1,0.3062499999999999,11867.747009277344,4700,1,0.3062499999999999,45317.44219970703,4700,1,0.3062499999999999,37489.672134399414,4700,1,0.3062499999999999,46688.48680114746,4700,1,0.3062499999999999,28994.129135131836,4700,1,0.3062499999999999,7268.525833129883,4700,1,0.3062499999999999,7157.175888061523,4700,1,0.3062499999999999,6748.635040283203,4700,1,0.3062499999999999,6964.994659423828,4700,1,0.3062499999999999,6459.143539428711,3007,3007,3007,3007,3007,3007,3007,3007,3007,3007,3007,3007,4690,4691,3007,3007,3007,4690,3007,3007,3007,3007,3007,4690,88.23529815673828,22.72727394104004,0,0,26.3157901763916,5.882352828979492,33.333335876464844,0,26.3157901763916,44.4444465637207,0,0,19.047618865966797,0,0,0,0,27.77777862548828,20,100,0,0,0,0,66481098752,12884893696,1615978496,0
99,1780596534021,56900.81900024414,4700,1,0.3062499999999999,6931.464385986328,4700,1,0.3062499999999999,6794.2628173828125,4700,1,0.3062499999999999,11868.106338500977,4700,1,0.3062499999999999,45317.80194091797,4700,1,0.3062499999999999,37489.98823547363,4700,1,0.3062499999999999,46688.90516662598,4700,1,0.3062499999999999,28994.817169189453,4700,1,0.3062499999999999,7268.5289306640625,4700,1,0.3062499999999999,7157.178970336914,4700,1,0.3062499999999999,6748.638122558594,4700,1,0.3062499999999999,6964.997711181641,4700,1,0.3062499999999999,6464.834762573242,3007,3007,3007,3007,3007,3007,3007,3007,3007,3007,3007,3007,4690,4691,3007,3007,3007,4690,3007,3007,3007,3007,3007,4690,88.23529815673828,22.72727394104004,0,0,26.3157901763916,5.882352828979492,33.333335876464844,0,26.3157901763916,44.4444465637207,0,0,19.047618865966797,0,0,0,0,27.77777862548828,20,100,0,0,0,0,66481098752,12884893696,1623347200,0
99,1780596534121,56901.362060546875,4700,1,0.3062499999999999,6931.467468261719,4700,1,0.3062499999999999,6794.265960693359,4700,1,0.3062499999999999,11868.42887878418,4700,1,0.3062499999999999,45318.211196899414,4700,1,0.3062499999999999,37490.43948364258,4700,1,0.3062499999999999,46689.27462768555,4700,1,0.3062499999999999,28995.505004882813,4700,1,0.3062499999999999,7268.532043457031,4700,1,0.3062499999999999,7157.190505981445,4700,1,0.3062499999999999,6748.641204833984,4700,1,0.3062499999999999,6965.000793457031,4700,1,0.3062499999999999,6470.531036376953,3007,3007,3007,3007,3007,3007,3007,3007,3007,3007,3007,3007,4690,4691,3007,3007,3007,4690,3007,3007,3007,3007,3007,4690,83.33332824707031,5.882352828979492,0,0,11.111111640930176,5.882352828979492,23.52941131591797,10.526315689086914,15.000000953674316,47.36842346191406,0,0,14.285715103149414,0,0,0,0,16.666667938232422,22.22222328186035,100,0,0,0,0,66481098752,12884893696,1620316160,0
99,1780596534222,56901.97059631348,4700,1,0.3062499999999999,6931.470611572266,4700,1,0.3062499999999999,6794.269104003906,4700,1,0.3062499999999999,11868.721664428711,4700,1,0.3062499999999999,45318.6951751709,4700,1,0.3062499999999999,37490.91189575195,4700,1,0.3062499999999999,46689.72319030762,4700,1,0.3062499999999999,28996.106903076172,4700,1,0.3062499999999999,7268.535385131836,4700,1,0.3062499999999999,7157.200424194336,4700,1,0.3062499999999999,6748.644348144531,4700,1,0.3062499999999999,6965.003875732422,4700,1,0.3062499999999999,6476.434005737305,3007,3007,3007,3007,3007,3007,3007,3007,3007,3007,3007,3007,4690,4691,3007,3007,3007,4690,3007,3007,3007,3007,3007,4690,83.33332824707031,5.882352828979492,0,0,11.111111640930176,5.882352828979492,23.52941131591797,10.526315689086914,15.000000953674316,47.36842346191406,0,0,14.285715103149414,0,0,0,0,16.666667938232422,22.22222328186035,100,0,0,0,0,66481098752,12884893696,1617223680,0
99,1780596534322,56902.52861022949,4700,1,0.3062499999999999,6931.473693847656,4700,1,0.3062499999999999,6794.272247314453,4700,1,0.3062499999999999,11869.087295532227,4700,1,0.3062499999999999,45319.04360961914,4700,1,0.3062499999999999,37491.30941772461,4700,1,0.3062499999999999,46690.170654296875,4700,1,0.3062499999999999,28996.781494140625,4700,1,0.3062499999999999,7268.539108276367,4700,1,0.3062499999999999,7157.209533691406,4700,1,0.3062499999999999,6748.647430419922,4700,1,0.3062499999999999,6965.0069580078125,4700,1,0.3062499999999999,6482.154586791992,3007,3007,3007,3007,3007,3007,3007,3007,3007,3007,3007,3007,4690,4691,3007,3007,3007,4690,3007,3007,3007,3007,3007,4690,88.8888931274414,25,0,0,20,0,11.111111640930176,31.81818199157715,33.333335876464844,23.52941131591797,0,0,23.52941131591797,0,0,0,0,35,15.789472579956055,100,0,4.761904716491699,0,0,66481098752,12884893696,1621368832,0
99,1780596534422,56903.07809448242,4700,1,0.3062499999999999,6931.476852416992,4700,1,0.3062499999999999,6794.275329589844,4700,1,0.3062499999999999,11869.343475341797,4700,1,0.3062499999999999,45319.39826965332,4700,1,0.3062499999999999,37491.750228881836,4700,1,0.3062499999999999,46690.64717102051,4700,1,0.3062499999999999,28997.47230529785,4700,1,0.3062499999999999,7268.542724609375,4700,1,0.3062499999999999,7157.219741821289,4700,1,0.3062499999999999,6748.650573730469,4700,1,0.3062499999999999,6965.010040283203,4700,1,0.3062499999999999,6487.862609863281,3007,3007,3007,3007,3007,3007,3007,3007,3007,3007,3007,3007,4690,4691,3007,3007,3007,4690,3007,3007,3007,3007,3007,4690,88.8888931274414,25,0,0,20,0,11.111111640930176,31.81818199157715,33.333335876464844,23.52941131591797,0,0,23.52941131591797,0,0,0,0,35,15.789472579956055,100,0,4.761904716491699,0,0,66481098752,12884893696,1621155840,0
99,1780596534522,56903.6688079834,4700,1,0.30000000000000004,6931.479965209961,4700,1,0.30000000000000004,6794.278533935547,4700,1,0.30000000000000004,11869.66259765625,4700,1,0.30000000000000004,45319.78941345215,4700,1,0.30000000000000004,37492.12976074219,4700,1,0.30000000000000004,46691.06758117676,4700,1,0.30000000000000004,28998.15217590332,4700,1,0.30000000000000004,7268.546203613281,4700,1,0.30000000000000004,7157.231292724609,4700,1,0.30000000000000004,6748.653701782227,4700,1,0.30000000000000004,6965.01318359375,4700,1,0.30000000000000004,6493.534393310547,3007,3007,3007,3007,3007,3007,3007,3007,3007,3007,3007,3007,4690,4691,3007,3007,3007,4690,3007,3007,3007,3007,3007,4690,84.21052551269531,15.000000953674316,0,0,15.000000953674316,10,5,11.764705657958984,27.77777862548828,54.54545593261719,0,0,27.77777862548828,0,0,0,0,16.666667938232422,16.666667938232422,100,0,4.761904716491699,0,0,66481098752,12884893696,1618968576,0
99,1780596534622,56904.270584106445,4700,1,0.3062499999999999,6931.483108520508,4700,1,0.3062499999999999,6794.281646728516,4700,1,0.3062499999999999,11870.044128417969,4700,1,0.3062499999999999,45320.16394042969,4700,1,0.3062499999999999,37492.51837158203,4700,1,0.3062499999999999,46691.437423706055,4700,1,0.3062499999999999,28998.84587097168,4700,1,0.3062499999999999,7268.54931640625,4700,1,0.3062499999999999,7157.234466552734,4700,1,0.3062499999999999,6748.656814575195,4700,1,0.3062499999999999,6965.016326904297,4700,1,0.3062499999999999,6499.241912841797,3007,3007,3007,3007,3007,3007,3007,3007,3007,3007,3007,3007,4690,4691,3007,3007,3007,4690,3007,3007,3007,3007,3007,4690,84.21052551269531,15.000000953674316,0,0,15.000000953674316,10,5,11.764705657958984,27.77777862548828,54.54545593261719,0,0,27.77777862548828,0,0,0,0,16.666667938232422,16.666667938232422,100,0,4.761904716491699,0,0,66481098752,12884893696,1618673664,0
99,1780596534722,56904.88087463379,4700,1,0.3062499999999999,6931.486236572266,4700,1,0.3062499999999999,6794.284698486328,4700,1,0.3062499999999999,11870.341293334961,4700,1,0.3062499999999999,45320.65272521973,4700,1,0.3062499999999999,37492.86811828613,4700,1,0.3062499999999999,46691.79542541504,4700,1,0.3062499999999999,28999.53057861328,4700,1,0.3062499999999999,7268.552398681641,4700,1,0.3062499999999999,7157.237579345703,4700,1,0.3062499999999999,6748.66032409668,4700,1,0.3062499999999999,6965.0194091796875,4700,1,0.3062499999999999,6504.893112182617,3007,3007,3007,3007,3007,3007,3007,3007,3007,3007,3007,3007,4690,4691,3007,3007,3007,4690,3007,3007,3007,3007,3007,4690,88.23529815673828,10,0,0,26.3157901763916,21.052631378173828,20,0,17.647058486938477,44.4444465637207,0,0,30.000001907348633,0,0,0,0,27.77777862548828,10,100,0,0,0,0,66481098752,12884893696,1625550848,0
99,1780596534822,56905.48139953613,4700,1,0.3062499999999999,6931.489318847656,4700,1,0.3062499999999999,6794.287780761719,4700,1,0.3062499999999999,11870.67253112793,4700,1,0.3062499999999999,45321.133850097656,4700,1,0.3062499999999999,37493.04106140137,4700,1,0.3062499999999999,46692.27217102051,4700,1,0.3062499999999999,29000.213653564453,4700,1,0.3062499999999999,7268.555480957031,4700,1,0.3062499999999999,7157.240661621094,4700,1,0.3062499999999999,6748.66340637207,4700,1,0.3062499999999999,6965.022491455078,4700,1,0.3062499999999999,6510.564102172852,3007,3007,3007,3007,3007,3007,3007,3007,3007,3007,3007,3007,4690,4691,3007,3007,3007,4690,3007,3007,3007,3007,3007,4690,88.23529815673828,10,0,0,26.3157901763916,21.052631378173828,20,0,17.647058486938477,44.4444465637207,0,0,30.000001907348633,0,0,0,0,27.77777862548828,10,100,0,0,0,0,66481098752,12884893696,1625161728,0
99,1780596534922,56906.038009643555,4700,1,0.3062499999999999,6931.492462158203,4700,1,0.3062499999999999,6794.290908813477,4700,1,0.3062499999999999,11870.941207885742,4700,1,0.3062499999999999,45321.588790893555,4700,1,0.3062499999999999,37493.358337402344,4700,1,0.3062499999999999,46692.71371459961,4700,1,0.3062499999999999,29000.906188964844,4700,1,0.3062499999999999,7268.558563232422,4700,1,0.3062499999999999,7157.243743896484,4700,1,0.3062499999999999,6748.666580200195,4700,1,0.3062499999999999,6965.025573730469,4700,1,0.3062499999999999,6516.364151000977,3007,3007,3007,3007,3007,3007,3007,3007,3007,3007,3007,3007,4690,4691,3007,3007,3007,4690,3007,3007,3007,3007,3007,4690,87.5,4.761904716491699,0,0,15.789472579956055,22.22222328186035,35,0,35,40,0,0,22.22222328186035,0,0,0,0,14.285715103149414,25,100,0,0,0,0,66481098752,12884893696,1621307392,0
99,1780596535022,56906.63719177246,4700,1,0.3062499999999999,6931.495544433594,4700,1,0.3062499999999999,6794.293991088867,4700,1,0.3062499999999999,11871.280075073242,4700,1,0.3062499999999999,45321.90621948242,4700,1,0.3062499999999999,37493.70512390137,4700,1,0.3062499999999999,46693.16059875488,4700,1,0.3062499999999999,29001.601516723633,4700,1,0.3062499999999999,7268.5616455078125,4700,1,0.3062499999999999,7157.246826171875,4700,1,0.3062499999999999,6748.669662475586,4700,1,0.3062499999999999,6965.028656005859,4700,1,0.3062499999999999,6522.110382080078,3007,3007,3007,3007,3007,3007,3007,3007,3007,3007,3007,3007,4690,4691,3007,3007,3007,4690,3007,3007,3007,3007,3007,4690,87.5,4.761904716491699,0,0,15.789472579956055,22.22222328186035,35,0,35,40,0,0,22.22222328186035,0,0,0,0,14.285715103149414,25,100,0,0,0,0,66481098752,12884893696,1615265792,0
99,1780596535122,56907.2169342041,4700,1,0.30000000000000004,6931.498626708984,4700,1,0.3062499999999999,6794.297073364258,4700,1,0.3062499999999999,11871.533264160156,4700,1,0.30000000000000004,45322.27618408203,4700,1,0.30000000000000004,37494.055252075195,4700,1,0.30000000000000004,46693.62350463867,4700,1,0.30000000000000004,29002.299057006836,4700,1,0.30000000000000004,7268.566619873047,4700,1,0.30000000000000004,7157.249908447266,4700,1,0.30000000000000004,6748.672744750977,4700,1,0.30000000000000004,6965.03173828125,4700,1,0.30000000000000004,6527.829086303711,3007,3007,3007,3007,3007,3007,3007,3007,3007,3007,3007,3007,4690,4691,3007,3007,3007,4690,3007,3007,3007,3007,3007,4690,85,11.111111640930176,0,0,25,10,30.000001907348633,0,27.77777862548828,47.05882263183594,0,0,5,0,0,0,0,31.57894515991211,22.22222328186035,100,0,0,0,0,66481098752,12884893696,1624260608,0
99,1780596535222,56907.7716217041,4700,1,0.3062499999999999,6931.50178527832,4700,1,0.3062499999999999,6794.300216674805,4700,1,0.30000000000000004,11871.818374633789,4700,1,0.3062499999999999,45322.653228759766,4700,1,0.3062499999999999,37494.41192626953,4700,1,0.3062499999999999,46694.09030151367,4700,1,0.3062499999999999,29002.986434936523,4700,1,0.3062499999999999,7268.59016418457,4700,1,0.3062499999999999,7157.260665893555,4700,1,0.3062499999999999,6748.675888061523,4700,1,0.3062499999999999,6965.034820556641,4700,1,0.3062499999999999,6533.595565795898,3007,3007,3007,3007,3007,3007,3007,3007,3007,3007,3007,3007,4690,4691,3007,3007,3007,4690,3007,3007,3007,3007,3007,4690,85,11.111111640930176,0,0,25,10,30.000001907348633,0,27.77777862548828,47.05882263183594,0,0,5,0,0,0,0,31.57894515991211,22.22222328186035,100,0,0,0,0,66481098752,12884893696,1622925312,0
99,1780596535322,56908.30352783203,4700,1,0.30000000000000004,6931.504837036133,4700,1,0.30000000000000004,6794.30339050293,4700,1,0.30000000000000004,11872.140869140625,4700,1,0.30000000000000004,45323.12973022461,4700,1,0.30000000000000004,37494.65921020508,4700,1,0.30000000000000004,46694.536682128906,4700,1,0.30000000000000004,29003.671630859375,4700,1,0.30000000000000004,7268.593215942383,4700,1,0.30000000000000004,7157.263717651367,4700,1,0.30000000000000004,6748.678939819336,4700,1,0.30000000000000004,6965.037872314453,4700,1,0.30000000000000004,6539.2376708984375,3007,3007,3007,3007,3007,3007,3007,3007,3007,3007,3007,3007,4690,4691,3007,3007,3007,4690,3007,3007,3007,3007,3007,4690,83.33332824707031,18.18181800842285,0,0,5,11.764705657958984,21.052631378173828,0,30.000001907348633,47.36842346191406,0,0,27.77777862548828,0,0,0,0,21.052631378173828,30.000001907348633,100,0,0,0,0,66481098752,12884893696,1621520384,0
99,1780596535422,56908.92086791992,4700,1,0.3062499999999999,6931.50798034668,4700,1,0.3062499999999999,6794.30647277832,4700,1,0.3062499999999999,11872.477432250977,4700,1,0.3062499999999999,45323.58329772949,4700,1,0.3062499999999999,37494.91256713867,4700,1,0.3062499999999999,46694.91661071777,4700,1,0.3062499999999999,29004.357055664063,4700,1,0.3062499999999999,7268.598846435547,4700,1,0.3062499999999999,7157.266799926758,4700,1,0.3062499999999999,6748.682083129883,4700,1,0.3062499999999999,6965.040954589844,4700,1,0.3062499999999999,6544.942932128906,3007,3007,3007,3007,3007,3007,3007,3007,3007,3007,3007,3007,4690,4691,3007,3007,3007,4690,3007,3007,3007,3007,3007,4690,83.33332824707031,18.18181800842285,0,0,5,11.764705657958984,21.052631378173828,0,30.000001907348633,47.36842346191406,0,0,27.77777862548828,0,0,0,0,21.052631378173828,30.000001907348633,100,0,0,0,0,66481098752,12884893696,1617043456,0
99,1780596535522,56909.53982543945,4700,1,0.3062499999999999,6931.51106262207,4700,1,0.3062499999999999,6794.309555053711,4700,1,0.3062499999999999,11872.879913330078,4700,1,0.3062499999999999,45323.97625732422,4700,1,0.3062499999999999,37495.2685546875,4700,1,0.3062499999999999,46695.26089477539,4700,1,0.3062499999999999,29005.027465820313,4700,1,0.3062499999999999,7268.60205078125,4700,1,0.3062499999999999,7157.269882202148,4700,1,0.3062499999999999,6748.685165405273,4700,1,0.3062499999999999,6965.044036865234,4700,1,0.3062499999999999,6550.756408691406,3007,3007,3007,3007,3007,3007,3007,3007,3007,3007,3007,3007,4690,4691,3007,3007,3007,4690,3007,3007,3007,3007,3007,4690,88.23529815673828,10.526315689086914,0,0,23.52941131591797,16.666667938232422,22.22222328186035,28.571430206298828,5,41.17647171020508,0,0,16.666667938232422,0,0,0,0,0,13.333333969116211,100,0,0,0,0,66481098752,12884893696,1625939968,0
99,1780596535622,56910.16781616211,4700,1,0.30000000000000004,6931.514144897461,4700,1,0.30000000000000004,6794.312637329102,4700,1,0.30000000000000004,11873.279983520508,4700,1,0.30000000000000004,45324.33093261719,4700,1,0.30000000000000004,37495.66459655762,4700,1,0.30000000000000004,46695.69381713867,4700,1,0.30000000000000004,29005.65721130371,4700,1,0.30000000000000004,7268.605163574219,4700,1,0.30000000000000004,7157.272964477539,4700,1,0.30000000000000004,6748.688247680664,4700,1,0.30000000000000004,6965.047119140625,4700,1,0.30000000000000004,6556.578155517578,3007,3007,3007,3007,3007,3007,3007,3007,3007,3007,3007,3007,4690,4691,3007,3007,3007,4690,3007,3007,3007,3007,3007,4690,88.23529815673828,10.526315689086914,0,0,23.52941131591797,16.666667938232422,22.22222328186035,28.571430206298828,5,41.17647171020508,0,0,16.666667938232422,0,0,0,0,0,13.333333969116211,100,0,0,0,0,66481098752,12884893696,1621856256,0
99,1780596535722,56910.765716552734,4700,1,0.3062499999999999,6931.517288208008,4700,1,0.3062499999999999,6794.315780639648,4700,1,0.3062499999999999,11873.584365844727,4700,1,0.3062499999999999,45324.72018432617,4700,1,0.3062499999999999,37496.103256225586,4700,1,0.3062499999999999,46696.171783447266,4700,1,0.3062499999999999,29006.289642333984,4700,1,0.3062499999999999,7268.608642578125,4700,1,0.3062499999999999,7157.27604675293,4700,1,0.3062499999999999,6748.692672729492,4700,1,0.3062499999999999,6965.050262451172,4700,1,0.3062499999999999,6562.4306640625,3007,3007,3007,3007,3007,3007,3007,3007,3007,3007,3007,3007,4690,4691,3007,3007,3007,4690,3007,3007,3007,3007,3007,4690,90.47618865966797,20,0,0,30.000001907348633,11.111111640930176,23.52941131591797,30.000001907348633,26.3157901763916,26.3157901763916,0,0,13.636363983154297,0,0,0,0,25,26.3157901763916,100,0,0,0,0,66481098752,12884893696,1619238912,0
99,1780596535822,56911.39242553711,4700,1,0.3062499999999999,6931.520401000977,4700,1,0.3062499999999999,6794.318893432617,4700,1,0.3062499999999999,11873.923080444336,4700,1,0.3062499999999999,45325.040771484375,4700,1,0.3062499999999999,37496.45951843262,4700,1,0.3062499999999999,46696.64863586426,4700,1,0.3062499999999999,29006.974334716797,4700,1,0.3062499999999999,7268.611862182617,4700,1,0.3062499999999999,7157.279159545898,4700,1,0.3062499999999999,6748.69580078125,4700,1,0.3062499999999999,6965.053375244141,4700,1,0.3062499999999999,6568.103530883789,3007,3007,3007,3007,3007,3007,3007,3007,3007,3007,3007,3007,4690,4691,3007,3007,3007,4690,3007,3007,3007,3007,3007,4690,90.47618865966797,20,0,0,30.000001907348633,11.111111640930176,23.52941131591797,30.000001907348633,26.3157901763916,26.3157901763916,0,0,13.636363983154297,0,0,0,0,25,26.3157901763916,100,0,0,0,0,66481098752,12884893696,1620590592,0
99,1780596535922,56912.00358581543,4700,1,0.3062499999999999,6931.533157348633,4700,1,0.3062499999999999,6794.321975708008,4700,1,0.3062499999999999,11874.221557617188,4700,1,0.3062499999999999,45325.4022064209,4700,1,0.3062499999999999,37496.88278198242,4700,1,0.3062499999999999,46697.136459350586,4700,1,0.3062499999999999,29007.658889770508,4700,1,0.3062499999999999,7268.61506652832,4700,1,0.3062499999999999,7157.282333374023,4700,1,0.3062499999999999,6748.700469970703,4700,1,0.3062499999999999,6965.056457519531,4700,1,0.3062499999999999,6573.999496459961,3007,3007,3007,3007,3007,3007,3007,3007,3007,3007,3007,3007,4690,4691,3007,3007,3007,4690,3007,3007,3007,3007,3007,4690,88.23529815673828,0,0,0,35,15.789472579956055,5.263157844543457,22.22222328186035,35,47.36842346191406,0,0,16.666667938232422,0,0,0,0,10.526315689086914,31.57894515991211,100,0,0,0,0,66481098752,12884893696,1619914752,0
99,1780596536022,56912.642150878906,4700,1,0.30000000000000004,6931.559234619141,4700,1,0.30000000000000004,6794.32502746582,4700,1,0.30000000000000004,11874.555282592773,4700,1,0.30000000000000004,45325.80389404297,4700,1,0.30000000000000004,37497.35775756836,4700,1,0.30000000000000004,46697.59996032715,4700,1,0.30000000000000004,29008.33575439453,4700,1,0.30000000000000004,7268.618621826172,4700,1,0.30000000000000004,7157.285385131836,4700,1,0.30000000000000004,6748.703521728516,4700,1,0.30000000000000004,6965.059509277344,4700,1,0.30000000000000004,6580.046966552734,3007,3007,3007,3007,3007,3007,3007,3007,3007,3007,3007,3007,4690,4691,3007,3007,3007,4690,3007,3007,3007,3007,3007,4690,88.23529815673828,0,0,0,35,15.789472579956055,5.263157844543457,22.22222328186035,35,47.36842346191406,0,0,16.666667938232422,0,0,0,0,10.526315689086914,31.57894515991211,100,0,0,0,0,66481098752,12884893696,1620631552,0
99,1780596536123,56913.27502441406,4700,1,0.3062499999999999,6931.56233215332,4700,1,0.3062499999999999,6794.328170776367,4700,1,0.3062499999999999,11874.87727355957,4700,1,0.3062499999999999,45326.121658325195,4700,1,0.3062499999999999,37497.67190551758,4700,1,0.3062499999999999,46698.07243347168,4700,1,0.3062499999999999,29009.027145385742,4700,1,0.3062499999999999,7268.62190246582,4700,1,0.3062499999999999,7157.288513183594,4700,1,0.3062499999999999,6748.706604003906,4700,1,0.3062499999999999,6965.062591552734,4700,1,0.3062499999999999,6585.734329223633,3007,3007,3007,3007,3007,3007,3007,3007,3007,3007,3007,3007,4690,4691,3007,3007,3007,4690,3007,3007,3007,3007,3007,4690,88.8888931274414,15.789472579956055,0,0,33.333335876464844,25,10,15.000000953674316,38.095237731933594,50,0,0,25,0,0,0,0,26.3157901763916,35,100,0,0,0,0,66481098752,12884893696,1622634496,0
99,1780596536223,56913.89047241211,4700,1,0.3062499999999999,6931.565475463867,4700,1,0.3062499999999999,6794.331314086914,4700,1,0.3062499999999999,11875.192031860352,4700,1,0.3062499999999999,45326.45071411133,4700,1,0.3062499999999999,37498.02479553223,4700,1,0.3062499999999999,46698.54066467285,4700,1,0.3062499999999999,29009.720993041992,4700,1,0.3062499999999999,7268.625045776367,4700,1,0.3062499999999999,7157.291656494141,4700,1,0.3062499999999999,6748.709686279297,4700,1,0.3062499999999999,6965.065673828125,4700,1,0.3062499999999999,6591.482482910156,3007,3007,3007,3007,3007,3007,3007,3007,3007,3007,3007,3007,4690,4691,3007,3007,3007,4690,3007,3007,3007,3007,3007,4690,88.8888931274414,15.789472579956055,0,0,33.333335876464844,25,10,15.000000953674316,38.095237731933594,50,0,0,25,0,0,0,0,26.3157901763916,35,100,0,0,0,0,66481098752,12884893696,1622130688,0
99,1780596536323,56914.50132751465,4700,1,0.3062499999999999,6931.568557739258,4700,1,0.3062499999999999,6794.334457397461,4700,1,0.3062499999999999,11875.450378417969,4700,1,0.3062499999999999,45326.797103881836,4700,1,0.3062499999999999,37498.47570800781,4700,1,0.3062499999999999,46698.97120666504,4700,1,0.3062499999999999,29010.414749145508,4700,1,0.3062499999999999,7268.628128051758,4700,1,0.3062499999999999,7157.294738769531,4700,1,0.3062499999999999,6748.7127685546875,4700,1,0.3062499999999999,6965.068756103516,4700,1,0.3062499999999999,6597.281723022461,3007,3007,3007,3007,3007,3007,3007,3007,3007,3007,3007,3007,4690,4691,3007,3007,3007,4690,3007,3007,3007,3007,3007,4690,87.5,5.263157844543457,0,0,26.3157901763916,5.263157844543457,11.764705657958984,23.52941131591797,22.22222328186035,52.6315803527832,0,0,0,0,0,0,0,15.000000953674316,16.666667938232422,100,0,0,0,0,66481098752,12884893696,1625325568,0
99,1780596536423,56915.12339782715,4700,1,0.3062499999999999,6931.571701049805,4700,1,0.3062499999999999,6794.337539672852,4700,1,0.3062499999999999,11875.605224609375,4700,1,0.3062499999999999,45327.125,4700,1,0.3062499999999999,37498.93028259277,4700,1,0.3062499999999999,46699.44090270996,4700,1,0.3062499999999999,29011.11196899414,4700,1,0.3062499999999999,7268.631240844727,4700,1,0.3062499999999999,7157.297912597656,4700,1,0.3062499999999999,6748.715866088867,4700,1,0.3062499999999999,6965.071838378906,4700,1,0.3062499999999999,6603.005783081055,3007,3007,3007,3007,3007,3007,3007,3007,3007,3007,3007,3007,4690,4691,3007,3007,3007,4690,3007,3007,3007,3007,3007,4690,87.5,5.263157844543457,0,0,26.3157901763916,5.263157844543457,11.764705657958984,23.52941131591797,22.22222328186035,52.6315803527832,0,0,0,0,0,0,0,15.000000953674316,16.666667938232422,100,0,0,0,0,66481098752,12884893696,1624862720,0
99,1780596536523,56915.73059082031,4700,1,0.3062499999999999,6931.574783325195,4700,1,0.3062499999999999,6794.340682983398,4700,1,0.3062499999999999,11875.87370300293,4700,1,0.3062499999999999,45327.473403930664,4700,1,0.3062499999999999,37499.345611572266,4700,1,0.3062499999999999,46699.919372558594,4700,1,0.3062499999999999,29011.79150390625,4700,1,0.3062499999999999,7268.634323120117,4700,1,0.3062499999999999,7157.300994873047,4700,1,0.3062499999999999,6748.718948364258,4700,1,0.3062499999999999,6965.074920654297,4700,1,0.3062499999999999,6608.780059814453,3007,3007,3007,3007,3007,3007,3007,3007,3007,3007,3007,3007,4690,4691,3007,3007,3007,4690,3007,3007,3007,3007,3007,4690,90,0,0,0,22.22222328186035,0,31.57894515991211,20,31.57894515991211,41.17647171020508,0,0,0,0,0,0,0,27.77777862548828,30.000001907348633,100,0,0,0,0,66481098752,12884893696,1624674304,0
99,1780596536623,56916.33123779297,4700,1,0.3062499999999999,6931.577865600586,4700,1,0.3062499999999999,6794.343765258789,4700,1,0.3062499999999999,11876.176223754883,4700,1,0.3062499999999999,45327.7745513916,4700,1,0.3062499999999999,37499.770263671875,4700,1,0.3062499999999999,46700.36636352539,4700,1,0.3062499999999999,29012.477813720703,4700,1,0.3062499999999999,7268.63752746582,4700,1,0.3062499999999999,7157.3040771484375,4700,1,0.3062499999999999,6748.722030639648,4700,1,0.3062499999999999,6965.0780029296875,4700,1,0.3062499999999999,6614.482711791992,3007,3007,3007,3007,3007,3007,3007,3007,3007,3007,3007,3007,4690,4691,3007,3007,3007,4690,3007,3007,3007,3007,3007,4690,90,0,0,0,22.22222328186035,0,31.57894515991211,20,31.57894515991211,41.17647171020508,0,0,0,0,0,0,0,27.77777862548828,30.000001907348633,100,0,0,0,0,66481098752,12884893696,1619046400,0
99,1780596536723,56916.91416931152,4700,1,0.3062499999999999,6931.580978393555,4700,1,0.3062499999999999,6794.346817016602,4700,1,0.3062499999999999,11876.410537719727,4700,1,0.3062499999999999,45328.13813781738,4700,1,0.3062499999999999,37500.22059631348,4700,1,0.3062499999999999,46700.80369567871,4700,1,0.3062499999999999,29013.16421508789,4700,1,0.3062499999999999,7268.640579223633,4700,1,0.3062499999999999,7157.315017700195,4700,1,0.3062499999999999,6748.725082397461,4700,1,0.3062499999999999,6965.0810546875,4700,1,0.3062499999999999,6620.2127685546875,3007,3007,3007,3007,3007,3007,3007,3007,3007,3007,3007,3007,4690,4691,3007,3007,3007,4690,3007,3007,3007,3007,3007,4690,84.21052551269531,20,0,0,21.052631378173828,5,30.000001907348633,17.647058486938477,26.3157901763916,50,0,0,0,0,0,0,0,25,22.22222328186035,100,0,0,0,0,66481098752,12884893696,1627488256,0
99,1780596536823,56917.51933288574,4700,1,0.3062499999999999,6931.584075927734,4700,1,0.3062499999999999,6794.349884033203,4700,1,0.3062499999999999,11876.68473815918,4700,1,0.3062499999999999,45328.49899291992,4700,1,0.3062499999999999,37500.6559753418,4700,1,0.3062499999999999,46701.292388916016,4700,1,0.3062499999999999,29013.850051879883,4700,1,0.3062499999999999,7268.643798828125,4700,1,0.3062499999999999,7157.318099975586,4700,1,0.3062499999999999,6748.728164672852,4700,1,0.3062499999999999,6965.084136962891,4700,1,0.3062499999999999,6625.990386962891,3007,3007,3007,3007,3007,3007,3007,3007,3007,3007,3007,3007,4690,4691,3007,3007,3007,4690,3007,3007,3007,3007,3007,4690,84.21052551269531,20,0,0,21.052631378173828,5,30.000001907348633,17.647058486938477,26.3157901763916,50,0,0,0,0,0,0,0,25,22.22222328186035,100,0,0,0,0,66481098752,12884893696,1628028928,0
99,1780596536923,56918.12292480469,4700,1,0.3062499999999999,6931.58723449707,4700,1,0.3062499999999999,6794.35302734375,4700,1,0.3062499999999999,11877.010040283203,4700,1,0.3062499999999999,45328.97424316406,4700,1,0.3062499999999999,37500.86804199219,4700,1,0.3062499999999999,46701.768814086914,4700,1,0.3062499999999999,29014.538299560547,4700,1,0.3062499999999999,7268.647308349609,4700,1,0.3062499999999999,7157.321243286133,4700,1,0.3062499999999999,6748.7313232421875,4700,1,0.3062499999999999,6965.087249755859,4700,1,0.3062499999999999,6631.71012878418,3007,3007,3007,3007,3007,3007,3007,3007,3007,3007,3007,3007,4690,4691,3007,3007,3007,4690,3007,3007,3007,3007,3007,4690,88.8888931274414,11.111111640930176,0,0,22.22222328186035,0,27.77777862548828,15.000000953674316,31.57894515991211,47.36842346191406,0,0,20,0,0,0,0,15.000000953674316,33.333335876464844,100,0,0,0,0,66481098752,12884893696,1623982080,0
99,1780596537023,56918.74688720703,4700,1,0.3062499999999999,6931.590316772461,4700,1,0.3062499999999999,6794.356109619141,4700,1,0.3062499999999999,11877.179412841797,4700,1,0.3062499999999999,45329.34298706055,4700,1,0.3062499999999999,37501.27961730957,4700,1,0.3062499999999999,46702.19627380371,4700,1,0.3062499999999999,29015.227920532227,4700,1,0.3062499999999999,7268.650390625,4700,1,0.3062499999999999,7157.324325561523,4700,1,0.3062499999999999,6748.734405517578,4700,1,0.3062499999999999,6965.09033203125,4700,1,0.3062499999999999,6637.414138793945,3007,3007,3007,3007,3007,3007,3007,3007,3007,3007,3007,3007,4690,4691,3007,3007,3007,4690,3007,3007,3007,3007,3007,4690,88.8888931274414,11.111111640930176,0,0,22.22222328186035,0,27.77777862548828,15.000000953674316,31.57894515991211,47.36842346191406,0,0,20,0,0,0,0,15.000000953674316,33.333335876464844,100,0,0,0,0,66481098752,12884893696,1616637952,0
99,1780596537123,56919.315994262695,4700,1,0.30000000000000004,6931.593399047852,4700,1,0.3062499999999999,6794.359191894531,4700,1,0.3062499999999999,11877.524917602539,4700,1,0.30000000000000004,45329.687438964844,4700,1,0.30000000000000004,37501.69401550293,4700,1,0.30000000000000004,46702.60780334473,4700,1,0.3062499999999999,29015.915817260742,4700,1,0.3062499999999999,7268.653656005859,4700,1,0.3062499999999999,7157.329666137695,4700,1,0.3062499999999999,6748.737487792969,4700,1,0.3062499999999999,6965.093414306641,4700,1,0.3062499999999999,6643.173400878906,3007,3007,3007,3007,3007,3007,3007,3007,3007,3007,3007,3007,4690,4691,3007,3007,3007,4690,3007,3007,3007,3007,3007,4690,83.33332824707031,15.789472579956055,0,0,28.571430206298828,9.523809432983398,5,31.57894515991211,23.52941131591797,52.6315803527832,0,0,26.3157901763916,0,0,0,0,15.789472579956055,15.789472579956055,100,0,0,0,0,66481098752,12884893696,1624748032,0
99,1780596537223,56919.924560546875,4700,1,0.3062499999999999,6931.5965576171875,4700,1,0.3062499999999999,6794.362335205078,4700,1,0.3062499999999999,11877.782165527344,4700,1,0.3062499999999999,45330.063568115234,4700,1,0.3062499999999999,37502.08605957031,4700,1,0.3062499999999999,46702.99247741699,4700,1,0.3062499999999999,29016.598403930664,4700,1,0.3062499999999999,7268.65673828125,4700,1,0.3062499999999999,7157.332809448242,4700,1,0.3062499999999999,6748.740570068359,4700,1,0.3062499999999999,6965.096496582031,4700,1,0.3062499999999999,6649.003616333008,3007,3007,3007,3007,3007,3007,3007,3007,3007,3007,3007,3007,4690,4691,3007,3007,3007,4690,3007,3007,3007,3007,3007,4690,83.33332824707031,15.789472579956055,0,0,28.571430206298828,9.523809432983398,5,31.57894515991211,23.52941131591797,52.6315803527832,0,0,26.3157901763916,0,0,0,0,15.789472579956055,15.789472579956055,100,0,0,0,0,66481098752,12884893696,1621778432,0
99,1780596537323,56920.52256774902,4700,1,0.3062499999999999,6931.599639892578,4700,1,0.3062499999999999,6794.365524291992,4700,1,0.3062499999999999,11878.085037231445,4700,1,0.3062499999999999,45330.44451904297,4700,1,0.3062499999999999,37502.448654174805,4700,1,0.3062499999999999,46703.3955078125,4700,1,0.3062499999999999,29017.295349121094,4700,1,0.3062499999999999,7268.6597900390625,4700,1,0.3062499999999999,7157.335891723633,4700,1,0.3062499999999999,6748.74365234375,4700,1,0.3062499999999999,6965.099578857422,4700,1,0.3062499999999999,6654.700729370117,3007,3007,3007,3007,3007,3007,3007,3007,3007,3007,3007,3007,4690,4691,3007,3007,3007,4690,3007,3007,3007,3007,3007,4690,88.23529815673828,10.526315689086914,0,0,26.3157901763916,10.526315689086914,10.526315689086914,5.555555820465088,16.666667938232422,44.4444465637207,0,0,17.647058486938477,0,0,0,0,21.052631378173828,11.111111640930176,100,0,0,0,0,66481098752,12884893696,1618391040,0
99,1780596537423,56921.127502441406,4700,1,0.30000000000000004,6931.602783203125,4700,1,0.30000000000000004,6794.368606567383,4700,1,0.30000000000000004,11878.267303466797,4700,1,0.30000000000000004,45330.89451599121,4700,1,0.30000000000000004,37502.7961730957,4700,1,0.30000000000000004,46703.840576171875,4700,1,0.30000000000000004,29017.983825683594,4700,1,0.30000000000000004,7268.663238525391,4700,1,0.30000000000000004,7157.339004516602,4700,1,0.30000000000000004,6748.7467041015625,4700,1,0.30000000000000004,6965.102691650391,4700,1,0.30000000000000004,6660.3873291015625,3007,3007,3007,3007,3007,3007,3007,3007,3007,3007,3007,3007,4690,4691,3007,3007,3007,4690,3007,3007,3007,3007,3007,4690,88.23529815673828,10.526315689086914,0,0,26.3157901763916,10.526315689086914,10.526315689086914,5.555555820465088,16.666667938232422,44.4444465637207,0,0,17.647058486938477,0,0,0,0,21.052631378173828,11.111111640930176,100,0,0,0,0,66481098752,12884893696,1617174528,0
99,1780596537523,56921.66290283203,4700,1,0.3062499999999999,6931.606063842773,4700,1,0.3062499999999999,6794.371658325195,4700,1,0.3062499999999999,11878.708511352539,4700,1,0.3062499999999999,45331.36801147461,4700,1,0.3062499999999999,37503.23146057129,4700,1,0.3062499999999999,46704.27687072754,4700,1,0.3062499999999999,29018.582443237305,4700,1,0.3062499999999999,7268.666595458984,4700,1,0.3062499999999999,7157.342086791992,4700,1,0.3062499999999999,6748.749786376953,4700,1,0.3062499999999999,6965.105773925781,4700,1,0.3062499999999999,6666.259490966797,3007,3007,3007,3007,3007,3007,3007,3007,3007,3007,3007,3007,4690,4691,3007,3007,3007,4690,3007,3007,3007,3007,3007,4690,88.23529815673828,15.789472579956055,0,0,19.047618865966797,22.72727394104004,22.22222328186035,10.526315689086914,26.3157901763916,27.77777862548828,0,0,35,0,0,0,0,17.647058486938477,22.22222328186035,100,0,0,0,0,66481098752,12884893696,1621319680,0
99,1780596537623,56922.25654602051,4700,1,0.3062499999999999,6931.609146118164,4700,1,0.3062499999999999,6794.374801635742,4700,1,0.3062499999999999,11878.982315063477,4700,1,0.3062499999999999,45331.751068115234,4700,1,0.3062499999999999,37503.65872192383,4700,1,0.3062499999999999,46704.7283782959,4700,1,0.3062499999999999,29019.265502929688,4700,1,0.3062499999999999,7268.669738769531,4700,1,0.3062499999999999,7157.345169067383,4700,1,0.3062499999999999,6748.752868652344,4700,1,0.3062499999999999,6965.108856201172,4700,1,0.3062499999999999,6672.003570556641,3007,3007,3007,3007,3007,3007,3007,3007,3007,3007,3007,3007,4690,4691,3007,3007,3007,4690,3007,3007,3007,3007,3007,4690,88.23529815673828,15.789472579956055,0,0,19.047618865966797,22.72727394104004,22.22222328186035,10.526315689086914,26.3157901763916,27.77777862548828,0,0,35,0,0,0,0,17.647058486938477,22.22222328186035,100,0,0,0,0,66481098752,12884893696,1620815872,0
99,1780596537723,56922.85321044922,4700,1,0.30000000000000004,6931.6123046875,4700,1,0.30000000000000004,6794.377883911133,4700,1,0.30000000000000004,11879.264617919922,4700,1,0.30000000000000004,45332.19219970703,4700,1,0.30000000000000004,37504.00630187988,4700,1,0.30000000000000004,46705.126052856445,4700,1,0.30000000000000004,29019.960739135742,4700,1,0.30000000000000004,7268.672882080078,4700,1,0.30000000000000004,7157.354049682617,4700,1,0.30000000000000004,6748.755950927734,4700,1,0.30000000000000004,6965.1119384765625,4700,1,0.30000000000000004,6677.70002746582,3007,3007,3007,3007,3007,3007,3007,3007,3007,3007,3007,3007,4690,4691,3007,3007,3007,4690,3007,3007,3007,3007,3007,4690,85.71428680419922,11.111111640930176,0,0,16.666667938232422,5.263157844543457,33.333335876464844,26.3157901763916,26.3157901763916,43.75,0,0,20,0,0,0,0,5,11.111111640930176,100,0,0,0,0,66481098752,12884893696,1618628608,0
99,1780596537823,56923.49345397949,4700,1,0.30000000000000004,6931.615386962891,4700,1,0.3062499999999999,6794.380966186523,4700,1,0.3062499999999999,11879.54052734375,4700,1,0.30000000000000004,45332.59016418457,4700,1,0.30000000000000004,37504.36128234863,4700,1,0.30000000000000004,46705.52047729492,4700,1,0.30000000000000004,29020.647369384766,4700,1,0.3062499999999999,7268.675964355469,4700,1,0.3062499999999999,7157.357131958008,4700,1,0.3062499999999999,6748.759033203125,4700,1,0.3062499999999999,6965.115020751953,4700,1,0.3062499999999999,6683.428451538086,3007,3007,3007,3007,3007,3007,3007,3007,3007,3007,3007,3007,4690,4691,3007,3007,3007,4690,3007,3007,3007,3007,3007,4690,85.71428680419922,11.111111640930176,0,0,16.666667938232422,5.263157844543457,33.333335876464844,26.3157901763916,26.3157901763916,43.75,0,0,20,0,0,0,0,5,11.111111640930176,100,0,0,0,0,66481098752,12884893696,1617285120,0
99,1780596537923,56924.08265686035,4700,1,0.3062499999999999,6931.618606567383,4700,1,0.3062499999999999,6794.384078979492,4700,1,0.3062499999999999,11879.832138061523,4700,1,0.3062499999999999,45332.88543701172,4700,1,0.3062499999999999,37504.741958618164,4700,1,0.3062499999999999,46706.01600646973,4700,1,0.3062499999999999,29021.336700439453,4700,1,0.3062499999999999,7268.679107666016,4700,1,0.3062499999999999,7157.360290527344,4700,1,0.3062499999999999,6748.762115478516,4700,1,0.3062499999999999,6965.118103027344,4700,1,0.3062499999999999,6689.096099853516,3007,3007,3007,3007,3007,3007,3007,3007,3007,3007,3007,3007,4690,4691,3007,3007,3007,4690,3007,3007,3007,3007,3007,4690,88.8888931274414,18.18181800842285,0,0,22.22222328186035,10.526315689086914,5.555555820465088,17.647058486938477,27.77777862548828,44.4444465637207,0,0,11.111111640930176,0,0,0,0,5,25,100,0,0,0,0,66481098752,12884893696,1621708800,0
99,1780596538024,56924.68818664551,4700,1,0.3125,6931.669036865234,4700,1,0.3125,6794.412979125977,4700,1,0.3125,11879.999633789063,4700,1,0.3125,45333.28642272949,4700,1,0.3125,37505.07612609863,4700,1,0.3125,46706.43406677246,4700,1,0.3125,29021.933807373047,4700,1,0.3125,7268.694961547852,4700,1,0.3125,7157.389556884766,4700,1,0.3125,6748.779541015625,4700,1,0.3125,6965.159591674805,4700,1,0.3125,6694.835418701172,3007,3007,3007,3007,3007,3007,3007,3007,3007,3007,3007,3007,4690,4691,3007,3007,3007,4690,3007,3007,3007,3007,3007,4690,88.8888931274414,18.18181800842285,0,0,22.22222328186035,10.526315689086914,5.555555820465088,17.647058486938477,27.77777862548828,44.4444465637207,0,0,11.111111640930176,0,0,0,0,5,25,100,0,0,0,0,66481098752,12884893696,1631748096,0
99,1780596538124,56925.32565307617,4700,1,0.3062499999999999,6931.682464599609,4700,1,0.3062499999999999,6794.424179077148,4700,1,0.3062499999999999,11880.380081176758,4700,1,0.3062499999999999,45333.630279541016,4700,1,0.3062499999999999,37505.47514343262,4700,1,0.3062499999999999,46706.78321838379,4700,1,0.3062499999999999,29022.628219604492,4700,1,0.3062499999999999,7268.7088623046875,4700,1,0.3062499999999999,7157.402297973633,4700,1,0.3062499999999999,6748.7886962890625,4700,1,0.3062499999999999,6965.172332763672,4700,1,0.3062499999999999,6700.538345336914,3007,3007,3007,3007,3007,3007,3007,3007,3007,3007,3007,3007,4690,4691,3007,3007,3007,4690,3007,3007,3007,3007,3007,4690,90,5.263157844543457,0,0,27.77777862548828,15.000000953674316,22.72727394104004,20,25,38.88888931274414,0,0,30.000001907348633,0,0,0,0,16.666667938232422,15.789472579956055,89.47368621826172,0,0,0,0,66481098752,12884893696,1628930048,0
99,1780596538224,56925.922592163086,4700,1,0.3062499999999999,6931.685760498047,4700,1,0.3062499999999999,6794.427307128906,4700,1,0.3062499999999999,11880.528701782227,4700,1,0.3062499999999999,45334.07618713379,4700,1,0.3062499999999999,37505.84892272949,4700,1,0.3062499999999999,46707.19013977051,4700,1,0.3062499999999999,29023.330368041992,4700,1,0.3062499999999999,7268.714370727539,4700,1,0.3062499999999999,7157.415786743164,4700,1,0.3062499999999999,6748.7926025390625,4700,1,0.3062499999999999,6965.179443359375,4700,1,0.3062499999999999,6706.203094482422,3007,3007,3007,3007,3007,3007,3007,3007,3007,3007,3007,3007,4690,4691,3007,3007,3007,4690,3007,3007,3007,3007,3007,4690,90,5.263157844543457,0,0,27.77777862548828,15.000000953674316,22.72727394104004,20,25,38.88888931274414,0,0,30.000001907348633,0,0,0,0,16.666667938232422,15.789472579956055,89.47368621826172,0,0,0,0,66481098752,12884893696,1629601792,0
99,1780596538324,56926.53305053711,4700,1,0.3062499999999999,6931.6888427734375,4700,1,0.3062499999999999,6794.43049621582,4700,1,0.3062499999999999,11880.891815185547,4700,1,0.3062499999999999,45334.56382751465,4700,1,0.3062499999999999,37506.166580200195,4700,1,0.3062499999999999,46707.525329589844,4700,1,0.3062499999999999,29023.990188598633,4700,1,0.3062499999999999,7268.717544555664,4700,1,0.3062499999999999,7157.428680419922,4700,1,0.3062499999999999,6748.795684814453,4700,1,0.3062499999999999,6965.184707641602,4700,1,0.3062499999999999,6711.898330688477,3007,3007,3007,3007,3007,3007,3007,3007,3007,3007,3007,3007,4690,4691,3007,3007,3007,4690,3007,3007,3007,3007,3007,4690,88.23529815673828,0,0,0,16.666667938232422,15.000000953674316,23.52941131591797,0,22.22222328186035,50,0,0,26.3157901763916,0,0,0,0,26.3157901763916,5.555555820465088,100,0,0,0,0,66481098752,12884893696,1638088704,0
99,1780596538424,56927.167068481445,4700,1,0.3062499999999999,6931.691986083984,4700,1,0.3062499999999999,6794.433731079102,4700,1,0.3062499999999999,11881.203231811523,4700,1,0.3062499999999999,45334.945892333984,4700,1,0.3062499999999999,37506.53756713867,4700,1,0.3062499999999999,46707.85527038574,4700,1,0.3062499999999999,29024.677963256836,4700,1,0.3062499999999999,7268.720718383789,4700,1,0.3062499999999999,7157.437957763672,4700,1,0.3062499999999999,6748.798767089844,4700,1,0.3062499999999999,6965.196380615234,4700,1,0.3062499999999999,6717.652908325195,3007,3007,3007,3007,3007,3007,3007,3007,3007,3007,3007,3007,4690,4691,3007,3007,3007,4690,3007,3007,3007,3007,3007,4690,88.23529815673828,0,0,0,16.666667938232422,15.000000953674316,23.52941131591797,0,22.22222328186035,50,0,0,26.3157901763916,0,0,0,0,26.3157901763916,5.555555820465088,100,0,0,0,0,66481098752,12884893696,1636216832,0
99,1780596538524,56927.7705078125,4700,1,0.30000000000000004,6931.695098876953,4700,1,0.3062499999999999,6794.43684387207,4700,1,0.3062499999999999,11881.291732788086,4700,1,0.30000000000000004,45335.38554382324,4700,1,0.30000000000000004,37506.9931640625,4700,1,0.30000000000000004,46708.283950805664,4700,1,0.3062499999999999,29025.367385864258,4700,1,0.3062499999999999,7268.724029541016,4700,1,0.3062499999999999,7157.452484130859,4700,1,0.3062499999999999,6748.801895141602,4700,1,0.3062499999999999,6965.199493408203,4700,1,0.3062499999999999,6723.326934814453,3007,3007,3007,3007,3007,3007,3007,3007,3007,3007,3007,3007,4690,4691,3007,3007,3007,4690,3007,3007,3007,3007,3007,4690,88.8888931274414,13.636363983154297,4.761904716491699,0,26.3157901763916,14.285715103149414,22.22222328186035,14.285715103149414,14.285715103149414,44.4444465637207,0,0,31.81818199157715,0,0,0,0,29.411766052246094,25,100,0,0,0,0,66481098752,12884893696,1629028352,0
99,1780596538624,56928.28758239746,4700,1,0.30000000000000004,6931.698226928711,4700,1,0.30000000000000004,6794.439956665039,4700,1,0.3062499999999999,11881.605239868164,4700,1,0.30000000000000004,45335.76530456543,4700,1,0.30000000000000004,37507.44480895996,4700,1,0.30000000000000004,46708.75096130371,4700,1,0.30000000000000004,29026.06101989746,4700,1,0.30000000000000004,7268.7274169921875,4700,1,0.30000000000000004,7157.464492797852,4700,1,0.30000000000000004,6748.80500793457,4700,1,0.30000000000000004,6965.202606201172,4700,1,0.30000000000000004,6729.0948486328125,3007,3007,3007,3007,3007,3007,3007,3007,3007,3007,3007,3007,4690,4691,3007,3007,3007,4690,3007,3007,3007,3007,3007,4690,88.8888931274414,13.636363983154297,4.761904716491699,0,26.3157901763916,14.285715103149414,22.22222328186035,14.285715103149414,14.285715103149414,44.4444465637207,0,0,31.81818199157715,0,0,0,0,29.411766052246094,25,100,0,0,0,0,66481098752,12884893696,1625243648,0
99,1780596538724,56928.803314208984,4700,1,0.3062499999999999,6931.701446533203,4700,1,0.3062499999999999,6794.443069458008,4700,1,0.3062499999999999,11881.951309204102,4700,1,0.3062499999999999,45336.14324951172,4700,1,0.3062499999999999,37507.84260559082,4700,1,0.3062499999999999,46709.163818359375,4700,1,0.3062499999999999,29026.7547454834,4700,1,0.3062499999999999,7268.730545043945,4700,1,0.3062499999999999,7157.482131958008,4700,1,0.3062499999999999,6748.808135986328,4700,1,0.3062499999999999,6965.205795288086,4700,1,0.3062499999999999,6734.844223022461,3007,3007,3007,3007,3007,3007,3007,3007,3007,3007,3007,3007,4690,4691,3007,3007,3007,4690,3007,3007,3007,3007,3007,4690,78.94737243652344,0,0,0,0,11.764705657958984,5.263157844543457,26.3157901763916,31.57894515991211,50,0,0,26.3157901763916,0,0,0,0,31.81818199157715,21.052631378173828,100,0,0,0,0,66481098752,12884893696,1630224384,0
99,1780596538824,56929.35803222656,4700,1,0.30000000000000004,6931.704498291016,4700,1,0.30000000000000004,6794.446182250977,4700,1,0.30000000000000004,11882.293685913086,4700,1,0.30000000000000004,45336.45585632324,4700,1,0.30000000000000004,37508.29014587402,4700,1,0.30000000000000004,46709.5694732666,4700,1,0.30000000000000004,29027.444122314453,4700,1,0.30000000000000004,7268.733627319336,4700,1,0.30000000000000004,7157.492523193359,4700,1,0.30000000000000004,6748.811187744141,4700,1,0.30000000000000004,6965.21305847168,4700,1,0.30000000000000004,6740.611862182617,3007,3007,3007,3007,3007,3007,3007,3007,3007,3007,3007,3007,4690,4691,3007,3007,3007,4690,3007,3007,3007,3007,3007,4690,78.94737243652344,0,0,0,0,11.764705657958984,5.263157844543457,26.3157901763916,31.57894515991211,50,0,0,26.3157901763916,0,0,0,0,31.81818199157715,21.052631378173828,100,0,0,0,0,66481098752,12884893696,1628532736,0
99,1780596538924,56929.97003173828,4700,1,0.30000000000000004,6931.7076416015625,4700,1,0.30000000000000004,6794.449264526367,4700,1,0.30000000000000004,11882.625686645508,4700,1,0.30000000000000004,45336.83377075195,4700,1,0.30000000000000004,37508.676208496094,4700,1,0.30000000000000004,46709.94226074219,4700,1,0.30000000000000004,29028.126678466797,4700,1,0.30000000000000004,7268.736709594727,4700,1,0.30000000000000004,7157.498275756836,4700,1,0.30000000000000004,6748.814254760742,4700,1,0.30000000000000004,6965.216171264648,4700,1,0.30000000000000004,6746.355621337891,3007,3007,3007,3007,3007,3007,3007,3007,3007,3007,3007,3007,4690,4691,3007,3007,3007,4690,3007,3007,3007,3007,3007,4690,88.8888931274414,0,0,0,21.052631378173828,22.22222328186035,15.789472579956055,30.000001907348633,27.77777862548828,47.36842346191406,0,0,10.526315689086914,0,4.761904716491699,0,0,23.809524536132813,5,100,0,0,0,0,66481098752,12884893696,1627213824,0
99,1780596539024,56930.54454040527,4700,1,0.3062499999999999,6931.710723876953,4700,1,0.3062499999999999,6794.452346801758,4700,1,0.3062499999999999,11883.011520385742,4700,1,0.3062499999999999,45337.275817871094,4700,1,0.3062499999999999,37509.03959655762,4700,1,0.3062499999999999,46710.28939819336,4700,1,0.3062499999999999,29028.796264648438,4700,1,0.3062499999999999,7268.739791870117,4700,1,0.3062499999999999,7157.509094238281,4700,1,0.3062499999999999,6748.817337036133,4700,1,0.3062499999999999,6965.219253540039,4700,1,0.3062499999999999,6752.120819091797,3007,3007,3007,3007,3007,3007,3007,3007,3007,3007,3007,3007,4690,4691,3007,3007,3007,4690,3007,3007,3007,3007,3007,4690,88.8888931274414,0,0,0,21.052631378173828,22.22222328186035,15.789472579956055,30.000001907348633,27.77777862548828,47.36842346191406,0,0,10.526315689086914,0,4.761904716491699,0,0,23.809524536132813,5,100,0,0,0,0,66481098752,12884893696,1635995648,0
99,1780596539124,56931.1593170166,4700,1,0.3062499999999999,6931.713806152344,4700,1,0.3062499999999999,6794.455429077148,4700,1,0.3062499999999999,11883.301986694336,4700,1,0.3062499999999999,45337.747009277344,4700,1,0.3062499999999999,37509.39501953125,4700,1,0.3062499999999999,46710.64149475098,4700,1,0.3062499999999999,29029.48324584961,4700,1,0.3062499999999999,7268.742874145508,4700,1,0.3062499999999999,7157.524185180664,4700,1,0.3062499999999999,6748.820419311523,4700,1,0.3062499999999999,6965.22233581543,4700,1,0.3062499999999999,6757.881118774414,3007,3007,3007,3007,3007,3007,3007,3007,3007,3007,3007,3007,4690,4691,3007,3007,3007,4690,3007,3007,3007,3007,3007,4690,88.8888931274414,26.3157901763916,0,0,28.571430206298828,9.523809432983398,22.22222328186035,27.77777862548828,23.52941131591797,44.4444465637207,0,0,22.22222328186035,0,0,0,0,4.761904716491699,0,100,0,0,0,0,66481098752,12884893696,1629954048,0
99,1780596539224,56931.71273803711,4700,1,0.3062499999999999,6931.716949462891,4700,1,0.3062499999999999,6794.45866394043,4700,1,0.3062499999999999,11883.657165527344,4700,1,0.3062499999999999,45338.17385864258,4700,1,0.3062499999999999,37509.827713012695,4700,1,0.3062499999999999,46711.00428771973,4700,1,0.3062499999999999,29030.172897338867,4700,1,0.3062499999999999,7268.746047973633,4700,1,0.3062499999999999,7157.533401489258,4700,1,0.3062499999999999,6748.823501586914,4700,1,0.3062499999999999,6965.235260009766,4700,1,0.3062499999999999,6763.652572631836,3007,3007,3007,3007,3007,3007,3007,3007,3007,3007,3007,3007,4690,4691,3007,3007,3007,4690,3007,3007,3007,3007,3007,4690,88.8888931274414,26.3157901763916,0,0,28.571430206298828,9.523809432983398,22.22222328186035,27.77777862548828,23.52941131591797,44.4444465637207,0,0,22.22222328186035,0,0,0,0,4.761904716491699,0,100,0,0,0,0,66481098752,12884893696,1631035392,0
99,1780596539324,56932.295501708984,4700,1,0.3062499999999999,6931.720031738281,4700,1,0.3062499999999999,6794.461807250977,4700,1,0.3062499999999999,11883.943572998047,4700,1,0.3062499999999999,45338.62010192871,4700,1,0.3062499999999999,37510.20056152344,4700,1,0.3062499999999999,46711.4220123291,4700,1,0.3062499999999999,29030.84979248047,4700,1,0.3062499999999999,7268.749160766602,4700,1,0.3062499999999999,7157.54655456543,4700,1,0.3062499999999999,6748.826583862305,4700,1,0.3062499999999999,6965.238479614258,4700,1,0.3062499999999999,6769.432083129883,3007,3007,3007,3007,3007,3007,3007,3007,3007,3007,3007,3007,4690,4691,3007,3007,3007,4690,3007,3007,3007,3007,3007,4690,85.71428680419922,21.052631378173828,0,0,15.000000953674316,9.523809432983398,27.77777862548828,20,31.57894515991211,42.105262756347656,0,0,11.764705657958984,0,0,0,0,25,5.263157844543457,100,0,0,0,0,66481098752,12884893696,1629483008,0
99,1780596539424,56932.93325805664,4700,1,0.30000000000000004,6931.723175048828,4700,1,0.30000000000000004,6794.464889526367,4700,1,0.30000000000000004,11884.02458190918,4700,1,0.30000000000000004,45339.06300354004,4700,1,0.30000000000000004,37510.500915527344,4700,1,0.30000000000000004,46711.88896179199,4700,1,0.30000000000000004,29031.539138793945,4700,1,0.30000000000000004,7268.752243041992,4700,1,0.30000000000000004,7157.555038452148,4700,1,0.30000000000000004,6748.829666137695,4700,1,0.30000000000000004,6965.241561889648,4700,1,0.30000000000000004,6775.137786865234,3007,3007,3007,3007,3007,3007,3007,3007,3007,3007,3007,3007,4690,4691,3007,3007,3007,4690,3007,3007,3007,3007,3007,4690,85.71428680419922,21.052631378173828,0,0,15.000000953674316,9.523809432983398,27.77777862548828,20,31.57894515991211,42.105262756347656,0,0,11.764705657958984,0,0,0,0,25,5.263157844543457,100,0,0,0,0,66481098752,12884893696,1633808384,0
99,1780596539524,56933.50291442871,4700,1,0.3062499999999999,6931.726257324219,4700,1,0.3062499999999999,6794.467971801758,4700,1,0.3062499999999999,11884.137954711914,4700,1,0.3062499999999999,45339.48196411133,4700,1,0.3062499999999999,37510.924560546875,4700,1,0.3062499999999999,46712.366928100586,4700,1,0.3062499999999999,29032.226272583008,4700,1,0.3062499999999999,7268.755325317383,4700,1,0.3062499999999999,7157.562545776367,4700,1,0.3062499999999999,6748.832748413086,4700,1,0.3062499999999999,6965.244644165039,4700,1,0.3062499999999999,6780.831100463867,3007,3007,3007,3007,3007,3007,3007,3007,3007,3007,3007,3007,4690,4691,3007,3007,3007,4690,3007,3007,3007,3007,3007,4690,85,0,0,0,26.3157901763916,0,27.77777862548828,5.263157844543457,31.57894515991211,50,0,0,20,0,0,0,0,30.000001907348633,35,100,0,0,0,0,66481098752,12884893696,1630396416,0
99,1780596539624,56934.07373046875,4700,1,0.30000000000000004,6931.729309082031,4700,1,0.30000000000000004,6794.471084594727,4700,1,0.30000000000000004,11884.143249511719,4700,1,0.30000000000000004,45339.858642578125,4700,1,0.30000000000000004,37511.384048461914,4700,1,0.30000000000000004,46712.85025024414,4700,1,0.30000000000000004,29032.921585083008,4700,1,0.30000000000000004,7268.758529663086,4700,1,0.30000000000000004,7157.570449829102,4700,1,0.30000000000000004,6748.835800170898,4700,1,0.30000000000000004,6965.247787475586,4700,1,0.30000000000000004,6786.420715332031,3007,3007,3007,3007,3007,3007,3007,3007,3007,3007,3007,3007,4690,4691,3007,3007,3007,4690,3007,3007,3007,3007,3007,4690,85,0,0,0,26.3157901763916,0,27.77777862548828,5.263157844543457,31.57894515991211,50,0,0,20,0,0,0,0,30.000001907348633,35,100,0,0,0,0,66481098752,12884893696,1631039488,0
99,1780596539724,56934.666091918945,4700,1,0.30000000000000004,6931.732513427734,4700,1,0.30000000000000004,6794.474212646484,4700,1,0.30000000000000004,11884.380020141602,4700,1,0.30000000000000004,45340.27381896973,4700,1,0.30000000000000004,37511.7041015625,4700,1,0.30000000000000004,46713.31401062012,4700,1,0.30000000000000004,29033.60777282715,4700,1,0.30000000000000004,7268.76171875,4700,1,0.30000000000000004,7157.580352783203,4700,1,0.30000000000000004,6748.838943481445,4700,1,0.30000000000000004,6965.250885009766,4700,1,0.30000000000000004,6792.132629394531,3007,3007,3007,3007,3007,3007,3007,3007,3007,3007,3007,3007,4690,4691,3007,3007,3007,4690,3007,3007,3007,3007,3007,4690,90,0,0,0,15.789472579956055,0,23.52941131591797,23.809524536132813,18.75,44.4444465637207,0,0,5.263157844543457,0,0,0,0,11.764705657958984,26.3157901763916,100,0,0,0,0,66481098752,12884893696,1628037120,0
99,1780596539825,56935.21725463867,4700,1,0.3062499999999999,6931.735595703125,4700,1,0.3062499999999999,6794.477294921875,4700,1,0.3062499999999999,11884.66976928711,4700,1,0.3062499999999999,45340.73670959473,4700,1,0.3062499999999999,37512.174057006836,4700,1,0.3062499999999999,46713.756271362305,4700,1,0.3062499999999999,29034.275329589844,4700,1,0.3062499999999999,7268.7650146484375,4700,1,0.3062499999999999,7157.595748901367,4700,1,0.3062499999999999,6748.842025756836,4700,1,0.3062499999999999,6965.253967285156,4700,1,0.3062499999999999,6797.984649658203,3007,3007,3007,3007,3007,3007,3007,3007,3007,3007,3007,3007,4690,4691,3007,3007,3007,4690,3007,3007,3007,3007,3007,4690,90,0,0,0,15.789472579956055,0,23.52941131591797,23.809524536132813,18.75,44.4444465637207,0,0,5.263157844543457,0,0,0,0,11.764705657958984,26.3157901763916,100,0,0,0,0,66481098752,12884893696,1629646848,0
99,1780596539925,56935.837478637695,4700,1,0.3062499999999999,6931.738754272461,4700,1,0.3062499999999999,6794.480377197266,4700,1,0.3062499999999999,11885.059616088867,4700,1,0.3062499999999999,45341.119720458984,4700,1,0.3062499999999999,37512.544204711914,4700,1,0.3062499999999999,46714.11212158203,4700,1,0.3062499999999999,29034.95620727539,4700,1,0.3062499999999999,7268.772735595703,4700,1,0.3062499999999999,7157.605361938477,4700,1,0.3062499999999999,6748.845108032227,4700,1,0.3062499999999999,6965.257049560547,4700,1,0.3062499999999999,6803.762344360352,3007,3007,3007,3007,3007,3007,3007,3007,3007,3007,3007,3007,4690,4691,3007,3007,3007,4690,3007,3007,3007,3007,3007,4690,84.21052551269531,10.526315689086914,0,0,15.789472579956055,20,10,11.764705657958984,27.77777862548828,35.29411697387695,0,0,35,0,0,0,0,30.000001907348633,10,100,0,0,0,0,66481098752,12884893696,1627832320,0
99,1780596540025,56936.4402923584,4700,1,0.30000000000000004,6931.741836547852,4700,1,0.3062499999999999,6794.483535766602,4700,1,0.3062499999999999,11885.368621826172,4700,1,0.30000000000000004,45341.59396362305,4700,1,0.30000000000000004,37512.67936706543,4700,1,0.30000000000000004,46714.56857299805,4700,1,0.30000000000000004,29035.646240234375,4700,1,0.30000000000000004,7268.775817871094,4700,1,0.3062499999999999,7157.619293212891,4700,1,0.3062499999999999,6748.848190307617,4700,1,0.3062499999999999,6965.260269165039,4700,1,0.3062499999999999,6809.491836547852,3007,3007,3007,3007,3007,3007,3007,3007,3007,3007,3007,3007,4690,4691,3007,3007,3007,4690,3007,3007,3007,3007,3007,4690,84.21052551269531,10.526315689086914,0,0,15.789472579956055,20,10,11.764705657958984,27.77777862548828,35.29411697387695,0,0,35,0,0,0,0,30.000001907348633,10,100,0,0,0,0,66481098752,12884893696,1627996160,0
99,1780596540125,56937.05561828613,4700,1,0.30000000000000004,6931.744918823242,4700,1,0.3062499999999999,6794.486618041992,4700,1,0.3062499999999999,11885.58821105957,4700,1,0.30000000000000004,45342.086181640625,4700,1,0.30000000000000004,37512.86296081543,4700,1,0.30000000000000004,46715.00205993652,4700,1,0.30000000000000004,29036.32942199707,4700,1,0.30000000000000004,7268.778900146484,4700,1,0.30000000000000004,7157.628341674805,4700,1,0.30000000000000004,6748.851272583008,4700,1,0.30000000000000004,6965.26335144043,4700,1,0.3062499999999999,6815.116653442383,3007,3007,3007,3007,3007,3007,3007,3007,3007,3007,3007,3007,4690,4691,3007,3007,3007,4690,3007,3007,3007,3007,3007,4690,89.47368621826172,5,0,0,30.000001907348633,11.111111640930176,31.57894515991211,9.090909004211426,30.000001907348633,44.4444465637207,0,0,31.57894515991211,0,0,0,0,5.263157844543457,30.000001907348633,100,0,0,0,0,66481098752,12884893696,1627766784,0
99,1780596540225,56937.6925201416,4700,1,0.3062499999999999,6931.748062133789,4700,1,0.3062499999999999,6794.489776611328,4700,1,0.3062499999999999,11885.793411254883,4700,1,0.3062499999999999,45342.53985595703,4700,1,0.3062499999999999,37513.23789978027,4700,1,0.3062499999999999,46715.41979980469,4700,1,0.3062499999999999,29036.97203063965,4700,1,0.3062499999999999,7268.7823486328125,4700,1,0.3062499999999999,7157.642776489258,4700,1,0.3062499999999999,6748.854354858398,4700,1,0.3062499999999999,6965.266525268555,4700,1,0.3062499999999999,6820.911483764648,3007,3007,3007,3007,3007,3007,3007,3007,3007,3007,3007,3007,4690,4691,3007,3007,3007,4690,3007,3007,3007,3007,3007,4690,89.47368621826172,5,0,0,30.000001907348633,11.111111640930176,31.57894515991211,9.090909004211426,30.000001907348633,44.4444465637207,0,0,31.57894515991211,0,0,0,0,5.263157844543457,30.000001907348633,100,0,0,0,0,66481098752,12884893696,1631260672,0
99,1780596540325,56938.283630371094,4700,1,0.3062499999999999,6931.75114440918,4700,1,0.3062499999999999,6794.492950439453,4700,1,0.3062499999999999,11886.131713867188,4700,1,0.3062499999999999,45342.98989868164,4700,1,0.3062499999999999,37513.536865234375,4700,1,0.3062499999999999,46715.836196899414,4700,1,0.3062499999999999,29037.657623291016,4700,1,0.3062499999999999,7268.793731689453,4700,1,0.3062499999999999,7157.654693603516,4700,1,0.3062499999999999,6748.857437133789,4700,1,0.3062499999999999,6965.269714355469,4700,1,0.3062499999999999,6826.731735229492,3007,3007,3007,3007,3007,3007,3007,3007,3007,3007,3007,3007,4690,4691,3007,3007,3007,4690,3007,3007,3007,3007,3007,4690,88.23529815673828,25,0,0,22.22222328186035,0,26.3157901763916,5.263157844543457,22.22222328186035,47.619049072265625,0,0,26.3157901763916,0,0,0,0,15.789472579956055,23.809524536132813,100,0,0,0,0,66481098752,12884893696,1629466624,0
99,1780596540425,56938.9079284668,4700,1,0.3062499999999999,6931.754257202148,4700,1,0.3062499999999999,6794.496063232422,4700,1,0.3062499999999999,11886.483596801758,4700,1,0.3062499999999999,45343.37242126465,4700,1,0.3062499999999999,37513.911849975586,4700,1,0.3062499999999999,46716.21612548828,4700,1,0.3062499999999999,29038.33885192871,4700,1,0.3062499999999999,7268.796844482422,4700,1,0.3062499999999999,7157.6578369140625,4700,1,0.3062499999999999,6748.860488891602,4700,1,0.3062499999999999,6965.272903442383,4700,1,0.3062499999999999,6832.455917358398,3007,3007,3007,3007,3007,3007,3007,3007,3007,3007,3007,3007,4690,4691,3007,3007,3007,4690,3007,3007,3007,3007,3007,4690,88.23529815673828,25,0,0,22.22222328186035,0,26.3157901763916,5.263157844543457,22.22222328186035,47.619049072265625,0,0,26.3157901763916,0,0,0,0,15.789472579956055,23.809524536132813,100,0,0,0,0,66481098752,12884893696,1627602944,0
99,1780596540525,56939.53657531738,4700,1,0.3062499999999999,6931.757354736328,4700,1,0.3062499999999999,6794.4991455078125,4700,1,0.3062499999999999,11886.859878540039,4700,1,0.3062499999999999,45343.732818603516,4700,1,0.3062499999999999,37514.30877685547,4700,1,0.3062499999999999,46716.5958404541,4700,1,0.3062499999999999,29039.010360717773,4700,1,0.3062499999999999,7268.799957275391,4700,1,0.3062499999999999,7157.660919189453,4700,1,0.3062499999999999,6748.863571166992,4700,1,0.3062499999999999,6965.276290893555,4700,1,0.3062499999999999,6838.225479125977,3007,3007,3007,3007,3007,3007,3007,3007,3007,3007,3007,3007,4690,4691,3007,3007,3007,4690,3007,3007,3007,3007,3007,4690,89.47368621826172,22.22222328186035,0,0,31.57894515991211,5.263157844543457,23.52941131591797,25,31.57894515991211,37.5,0,0,5.263157844543457,0,0,0,0,15.789472579956055,0,100,0,0,0,0,66481098752,12884893696,1624416256,0
99,1780596540625,56940.16485595703,4700,1,0.3062499999999999,6931.760437011719,4700,1,0.3062499999999999,6794.502227783203,4700,1,0.3062499999999999,11887.205276489258,4700,1,0.3062499999999999,45344.06658935547,4700,1,0.3062499999999999,37514.69871520996,4700,1,0.3062499999999999,46717.01156616211,4700,1,0.3062499999999999,29039.70152282715,4700,1,0.3062499999999999,7268.803039550781,4700,1,0.3062499999999999,7157.664001464844,4700,1,0.3062499999999999,6748.866653442383,4700,1,0.3062499999999999,6965.279373168945,4700,1,0.3062499999999999,6843.926406860352,3007,3007,3007,3007,3007,3007,3007,3007,3007,3007,3007,3007,4690,4691,3007,3007,3007,4690,3007,3007,3007,3007,3007,4690,89.47368621826172,22.22222328186035,0,0,31.57894515991211,5.263157844543457,23.52941131591797,25,31.57894515991211,37.5,0,0,5.263157844543457,0,0,0,0,15.789472579956055,0,100,0,0,0,0,66481098752,12884893696,1631399936,0
99,1780596540725,56940.77896118164,4700,1,0.3062499999999999,6931.763595581055,4700,1,0.3062499999999999,6794.505416870117,4700,1,0.3062499999999999,11887.59066772461,4700,1,0.3062499999999999,45344.49305725098,4700,1,0.3062499999999999,37514.99841308594,4700,1,0.3062499999999999,46717.35516357422,4700,1,0.3062499999999999,29040.391006469727,4700,1,0.3062499999999999,7268.806304931641,4700,1,0.3062499999999999,7157.67561340332,4700,1,0.3062499999999999,6748.869735717773,4700,1,0.3062499999999999,6965.282485961914,4700,1,0.3062499999999999,6849.645660400391,3007,3007,3007,3007,3007,3007,3007,3007,3007,3007,3007,3007,4690,4691,3007,3007,3007,4690,3007,3007,3007,3007,3007,4690,88.8888931274414,22.22222328186035,0,0,22.22222328186035,15.789472579956055,26.3157901763916,5.555555820465088,16.666667938232422,37.5,0,0,10,0,0,0,0,20,19.047618865966797,100,0,0,0,0,66481098752,12884893696,1630810112,0
99,1780596540825,56941.31903076172,4700,1,0.30000000000000004,6931.766677856445,4700,1,0.3062499999999999,6794.508499145508,4700,1,0.3062499999999999,11887.913024902344,4700,1,0.30000000000000004,45344.938903808594,4700,1,0.30000000000000004,37515.38833618164,4700,1,0.30000000000000004,46717.81002807617,4700,1,0.30000000000000004,29041.079391479492,4700,1,0.30000000000000004,7268.809814453125,4700,1,0.3062499999999999,7157.678695678711,4700,1,0.3062499999999999,6748.872817993164,4700,1,0.3062499999999999,6965.285598754883,4700,1,0.3062499999999999,6855.399124145508,3007,3007,3007,3007,3007,3007,3007,3007,3007,3007,3007,3007,4690,4691,3007,3007,3007,4690,3007,3007,3007,3007,3007,4690,88.8888931274414,22.22222328186035,0,0,22.22222328186035,15.789472579956055,26.3157901763916,5.555555820465088,16.666667938232422,37.5,0,0,10,0,0,0,0,20,19.047618865966797,100,0,0,0,0,66481098752,12884893696,1628856320,0
99,1780596540925,56941.907470703125,4700,1,0.3062499999999999,6931.769836425781,4700,1,0.3062499999999999,6794.511581420898,4700,1,0.3062499999999999,11888.236557006836,4700,1,0.3062499999999999,45345.398696899414,4700,1,0.3062499999999999,37515.76435852051,4700,1,0.3062499999999999,46718.22961425781,4700,1,0.3062499999999999,29041.7618560791,4700,1,0.3062499999999999,7268.8131103515625,4700,1,0.3062499999999999,7157.681854248047,4700,1,0.3062499999999999,6748.875900268555,4700,1,0.3062499999999999,6965.288681030273,4700,1,0.3062499999999999,6861.170669555664,3007,3007,3007,3007,3007,3007,3007,3007,3007,3007,3007,3007,4690,4691,3007,3007,3007,4690,3007,3007,3007,3007,3007,4690,83.33332824707031,10.526315689086914,0,0,20,10,23.52941131591797,0,22.22222328186035,50,0,0,22.22222328186035,0,0,0,0,31.57894515991211,11.111111640930176,100,0,0,0,0,66481098752,12884893696,1624662016,0
99,1780596541025,56942.53251647949,4700,1,0.3062499999999999,6931.772918701172,4700,1,0.3062499999999999,6794.514663696289,4700,1,0.3062499999999999,11888.552429199219,4700,1,0.3062499999999999,45345.77021789551,4700,1,0.3062499999999999,37516.15916442871,4700,1,0.3062499999999999,46718.60023498535,4700,1,0.3062499999999999,29042.443740844727,4700,1,0.3062499999999999,7268.816162109375,4700,1,0.3062499999999999,7157.684906005859,4700,1,0.3062499999999999,6748.878952026367,4700,1,0.3062499999999999,6965.291763305664,4700,1,0.3062499999999999,6866.902984619141,3007,3007,3007,3007,3007,3007,3007,3007,3007,3007,3007,3007,4690,4691,3007,3007,3007,4690,3007,3007,3007,3007,3007,4690,83.33332824707031,10.526315689086914,0,0,20,10,23.52941131591797,0,22.22222328186035,50,0,0,22.22222328186035,0,0,0,0,31.57894515991211,11.111111640930176,100,0,0,0,0,66481098752,12884893696,1632055296,0
99,1780596541125,56943.12805175781,4700,1,0.3062499999999999,6931.775970458984,4700,1,0.3062499999999999,6794.517791748047,4700,1,0.3062499999999999,11888.589309692383,4700,1,0.3062499999999999,45346.23629760742,4700,1,0.3062499999999999,37516.49230957031,4700,1,0.3062499999999999,46719.077728271484,4700,1,0.3062499999999999,29043.140991210938,4700,1,0.3062499999999999,7268.819290161133,4700,1,0.3062499999999999,7157.68798828125,4700,1,0.3062499999999999,6748.882034301758,4700,1,0.3062499999999999,6965.294876098633,4700,1,0.3062499999999999,6872.431259155273,3007,3007,3007,3007,3007,3007,3007,3007,3007,3007,3007,3007,4690,4691,3007,3007,3007,4690,3007,3007,3007,3007,3007,4690,89.47368621826172,5.263157844543457,0,0,25,5,33.333335876464844,0,17.647058486938477,52.6315803527832,0,0,20,0,0,0,0,27.77777862548828,20,100,0,0,0,0,66481098752,12884893696,1631985664,0
99,1780596541225,56943.755111694336,4700,1,0.3062499999999999,6931.77912902832,4700,1,0.3062499999999999,6794.521057128906,4700,1,0.3062499999999999,11888.607528686523,4700,1,0.3062499999999999,45346.70690917969,4700,1,0.3062499999999999,37516.84817504883,4700,1,0.3062499999999999,46719.513671875,4700,1,0.3062499999999999,29043.83039855957,4700,1,0.3062499999999999,7268.822509765625,4700,1,0.3062499999999999,7157.691131591797,4700,1,0.3062499999999999,6748.885116577148,4700,1,0.3062499999999999,6965.298034667969,4700,1,0.3062499999999999,6878.106338500977,3007,3007,3007,3007,3007,3007,3007,3007,3007,3007,3007,3007,4690,4691,3007,3007,3007,4690,3007,3007,3007,3007,3007,4690,89.47368621826172,5.263157844543457,0,0,25,5,33.333335876464844,0,17.647058486938477,52.6315803527832,0,0,20,0,0,0,0,27.77777862548828,20,100,0,0,0,0,66481098752,12884893696,1631965184,0
99,1780596541325,56944.35679626465,4700,1,0.3062499999999999,6931.782211303711,4700,1,0.3062499999999999,6794.524215698242,4700,1,0.3062499999999999,11888.780288696289,4700,1,0.3062499999999999,45347.13034057617,4700,1,0.3062499999999999,37517.152435302734,4700,1,0.3062499999999999,46719.997970581055,4700,1,0.3062499999999999,29044.51641845703,4700,1,0.3062499999999999,7268.825729370117,4700,1,0.3062499999999999,7157.6942138671875,4700,1,0.3062499999999999,6748.888198852539,4700,1,0.3062499999999999,6965.301223754883,4700,1,0.3062499999999999,6883.80583190918,3007,3007,3007,3007,3007,3007,3007,3007,3007,3007,3007,3007,4690,4691,3007,3007,3007,4690,3007,3007,3007,3007,3007,4690,83.33332824707031,10,0,0,27.77777862548828,0,35,0,31.57894515991211,47.36842346191406,0,0,22.22222328186035,0,0,0,0,17.647058486938477,17.647058486938477,100,0,0,0,0,66481098752,12884893696,1627410432,0
99,1780596541425,56944.96887207031,4700,1,0.3062499999999999,6931.785354614258,4700,1,0.3062499999999999,6794.527297973633,4700,1,0.3062499999999999,11888.938049316406,4700,1,0.3062499999999999,45347.54051208496,4700,1,0.3062499999999999,37517.47245788574,4700,1,0.3062499999999999,46720.48057556152,4700,1,0.3062499999999999,29045.196975708008,4700,1,0.3062499999999999,7268.82893371582,4700,1,0.3062499999999999,7157.697357177734,4700,1,0.3062499999999999,6748.897750854492,4700,1,0.3062499999999999,6965.304489135742,4700,1,0.3062499999999999,6889.554122924805,3007,3007,3007,3007,3007,3007,3007,3007,3007,3007,3007,3007,4690,4691,3007,3007,3007,4690,3007,3007,3007,3007,3007,4690,83.33332824707031,10,0,0,27.77777862548828,0,35,0,31.57894515991211,47.36842346191406,0,0,22.22222328186035,0,0,0,0,17.647058486938477,17.647058486938477,100,0,0,0,0,66481098752,12884893696,1629593600,0
99,1780596541526,56945.57322692871,4700,1,0.30000000000000004,6931.788436889648,4700,1,0.3062499999999999,6794.53044128418,4700,1,0.3062499999999999,11889.00668334961,4700,1,0.30000000000000004,45348.01138305664,4700,1,0.3062499999999999,37517.81709289551,4700,1,0.3062499999999999,46720.9453125,4700,1,0.3062499999999999,29045.881057739258,4700,1,0.3062499999999999,7268.832015991211,4700,1,0.3062499999999999,7157.700439453125,4700,1,0.3062499999999999,6748.900833129883,4700,1,0.3062499999999999,6965.315444946289,4700,1,0.3062499999999999,6895.275283813477,3007,3007,3007,3007,3007,3007,3007,3007,3007,3007,3007,3007,4690,4691,3007,3007,3007,4690,3007,3007,3007,3007,3007,4690,89.47368621826172,0,0,0,16.666667938232422,0,20,10.526315689086914,33.333335876464844,47.36842346191406,0,0,26.3157901763916,0,0,0,0,11.111111640930176,31.57894515991211,100,0,0,0,0,66481098752,12884893696,1629237248,0
99,1780596541626,56946.19270324707,4700,1,0.30000000000000004,6931.791519165039,4700,1,0.3062499999999999,6794.53352355957,4700,1,0.3062499999999999,11889.328079223633,4700,1,0.30000000000000004,45348.18264770508,4700,1,0.30000000000000004,37518.27406311035,4700,1,0.30000000000000004,46721.37837219238,4700,1,0.30000000000000004,29046.570755004883,4700,1,0.30000000000000004,7268.835098266602,4700,1,0.30000000000000004,7157.703521728516,4700,1,0.3062499999999999,6748.903915405273,4700,1,0.3062499999999999,6965.31852722168,4700,1,0.3062499999999999,6900.918472290039,3007,3007,3007,3007,3007,3007,3007,3007,3007,3007,3007,3007,4690,4691,3007,3007,3007,4690,3007,3007,3007,3007,3007,4690,89.47368621826172,0,0,0,16.666667938232422,0,20,10.526315689086914,33.333335876464844,47.36842346191406,0,0,26.3157901763916,0,0,0,0,11.111111640930176,31.57894515991211,100,0,0,0,0,66481098752,12884893696,1626595328,0
99,1780596541726,56946.78276062012,4700,1,0.3062499999999999,6931.794662475586,4700,1,0.3062499999999999,6794.536605834961,4700,1,0.3062499999999999,11889.587417602539,4700,1,0.3062499999999999,45348.56246948242,4700,1,0.3062499999999999,37518.683334350586,4700,1,0.3062499999999999,46721.757400512695,4700,1,0.3062499999999999,29047.2568359375,4700,1,0.3062499999999999,7268.838180541992,4700,1,0.3062499999999999,7157.706726074219,4700,1,0.3062499999999999,6748.906967163086,4700,1,0.3062499999999999,6965.32160949707,4700,1,0.3062499999999999,6906.659698486328,3007,3007,3007,3007,3007,3007,3007,3007,3007,3007,3007,3007,4690,4691,3007,3007,3007,4690,3007,3007,3007,3007,3007,4690,88.23529815673828,14.285715103149414,0,0,22.22222328186035,11.111111640930176,5.555555820465088,11.764705657958984,15.789472579956055,41.17647171020508,0,0,11.111111640930176,0,0,0,0,26.3157901763916,26.3157901763916,100,0,0,0,0,66481098752,12884893696,1624956928,0
99,1780596541826,56947.362365722656,4700,1,0.30000000000000004,6931.797744750977,4700,1,0.30000000000000004,6794.539688110352,4700,1,0.30000000000000004,11889.815353393555,4700,1,0.30000000000000004,45349.015701293945,4700,1,0.30000000000000004,37519.1209564209,4700,1,0.30000000000000004,46722.11193847656,4700,1,0.30000000000000004,29047.944091796875,4700,1,0.30000000000000004,7268.841262817383,4700,1,0.30000000000000004,7157.709808349609,4700,1,0.30000000000000004,6748.910049438477,4700,1,0.30000000000000004,6965.324691772461,4700,1,0.30000000000000004,6912.42448425293,3007,3007,3007,3007,3007,3007,3007,3007,3007,3007,3007,3007,4690,4691,3007,3007,3007,4690,3007,3007,3007,3007,3007,4690,88.23529815673828,14.285715103149414,0,0,22.22222328186035,11.111111640930176,5.555555820465088,11.764705657958984,15.789472579956055,41.17647171020508,0,0,11.111111640930176,0,0,0,0,26.3157901763916,26.3157901763916,100,0,0,0,0,66481098752,12884893696,1630392320,0
99,1780596541926,56947.9860534668,4700,1,0.3062499999999999,6931.800872802734,4700,1,0.3062499999999999,6794.542816162109,4700,1,0.3062499999999999,11890.057586669922,4700,1,0.3062499999999999,45349.47286987305,4700,1,0.3062499999999999,37519.50828552246,4700,1,0.3062499999999999,46722.48735046387,4700,1,0.3062499999999999,29048.634201049805,4700,1,0.3062499999999999,7268.844512939453,4700,1,0.3062499999999999,7157.712982177734,4700,1,0.3062499999999999,6748.913131713867,4700,1,0.3062499999999999,6965.327835083008,4700,1,0.3062499999999999,6918.149658203125,3007,3007,3007,3007,3007,3007,3007,3007,3007,3007,3007,3007,4690,4691,3007,3007,3007,4690,3007,3007,3007,3007,3007,4690,84.21052551269531,5,0,0,25,10.526315689086914,22.22222328186035,27.272727966308594,15.000000953674316,50,0,0,30.000001907348633,0,0,0,0,22.22222328186035,28.571430206298828,100,0,0,0,0,66481098752,12884893696,1627308032,0
99,1780596542026,56948.51614379883,4700,1,0.3062499999999999,6931.803985595703,4700,1,0.3062499999999999,6794.5458984375,4700,1,0.3062499999999999,11890.392181396484,4700,1,0.3062499999999999,45349.88739013672,4700,1,0.3062499999999999,37519.97734069824,4700,1,0.3062499999999999,46722.88479614258,4700,1,0.3062499999999999,29049.328369140625,4700,1,0.3062499999999999,7268.847732543945,4700,1,0.3062499999999999,7157.716125488281,4700,1,0.3062499999999999,6748.916213989258,4700,1,0.3062499999999999,6965.330978393555,4700,1,0.3062499999999999,6923.9271240234375,3007,3007,3007,3007,3007,3007,3007,3007,3007,3007,3007,3007,4690,4691,3007,3007,3007,4690,3007,3007,3007,3007,3007,4690,84.21052551269531,5,0,0,25,10.526315689086914,22.22222328186035,27.272727966308594,15.000000953674316,50,0,0,30.000001907348633,0,0,0,0,22.22222328186035,28.571430206298828,100,0,0,0,0,66481098752,12884893696,1621344256,0
99,1780596542126,56949.04611206055,4700,1,0.3062499999999999,6931.807098388672,4700,1,0.3062499999999999,6794.548980712891,4700,1,0.3062499999999999,11890.675659179688,4700,1,0.3062499999999999,45350.30404663086,4700,1,0.3062499999999999,37520.41856384277,4700,1,0.3062499999999999,46723.353439331055,4700,1,0.3062499999999999,29050.019424438477,4700,1,0.3062499999999999,7268.850875854492,4700,1,0.3062499999999999,7157.719268798828,4700,1,0.3062499999999999,6748.919296264648,4700,1,0.3062499999999999,6965.334060668945,4700,1,0.3062499999999999,6929.739288330078,3007,3007,3007,3007,3007,3007,3007,3007,3007,3007,3007,3007,4690,4691,3007,3007,3007,4690,3007,3007,3007,3007,3007,4690,83.33332824707031,0,0,0,5,5.263157844543457,10.526315689086914,27.77777862548828,22.22222328186035,50,0,0,30.000001907348633,0,0,0,0,21.052631378173828,16.666667938232422,100,0,0,0,0,66481098752,12884893696,1618993152,0
99,1780596542226,56949.64437866211,4700,1,0.3062499999999999,6931.81022644043,4700,1,0.3062499999999999,6794.552169799805,4700,1,0.3062499999999999,11890.82958984375,4700,1,0.3062499999999999,45350.796157836914,4700,1,0.3062499999999999,37520.7462310791,4700,1,0.3062499999999999,46723.793060302734,4700,1,0.3062499999999999,29050.71516418457,4700,1,0.3062499999999999,7268.854110717773,4700,1,0.3062499999999999,7157.722412109375,4700,1,0.3062499999999999,6748.922378540039,4700,1,0.3062499999999999,6965.337249755859,4700,1,0.3062499999999999,6935.444137573242,3007,3007,3007,3007,3007,3007,3007,3007,3007,3007,3007,3007,4690,4691,3007,3007,3007,4690,3007,3007,3007,3007,3007,4690,83.33332824707031,0,0,0,5,5.263157844543457,10.526315689086914,27.77777862548828,22.22222328186035,50,0,0,30.000001907348633,0,0,0,0,21.052631378173828,16.666667938232422,100,0,0,0,0,66481098752,12884893696,1627373568,0
99,1780596542326,56950.266845703125,4700,1,0.3062499999999999,6931.81330871582,4700,1,0.3062499999999999,6794.555389404297,4700,1,0.3062499999999999,11890.948516845703,4700,1,0.3062499999999999,45351.260162353516,4700,1,0.3062499999999999,37521.08367919922,4700,1,0.3062499999999999,46724.20085144043,4700,1,0.3062499999999999,29051.411529541016,4700,1,0.3062499999999999,7268.857284545898,4700,1,0.3062499999999999,7157.725494384766,4700,1,0.3062499999999999,6748.92546081543,4700,1,0.3062499999999999,6965.340484619141,4700,1,0.3062499999999999,6941.118453979492,3007,3007,3007,3007,3007,3007,3007,3007,3007,3007,3007,3007,4690,4691,3007,3007,3007,4690,3007,3007,3007,3007,3007,4690,88.8888931274414,5,0,0,26.3157901763916,0,23.52941131591797,0,11.111111640930176,55,0,0,35,0,0,0,0,30.000001907348633,31.57894515991211,100,0,0,0,0,66481098752,12884893696,1624043520,0
99,1780596542426,56950.8717956543,4700,1,0.3062499999999999,6931.816421508789,4700,1,0.3062499999999999,6794.558532714844,4700,1,0.3062499999999999,11891.088195800781,4700,1,0.3062499999999999,45351.69151306152,4700,1,0.3062499999999999,37521.45422363281,4700,1,0.3062499999999999,46724.64993286133,4700,1,0.3062499999999999,29052.099411010742,4700,1,0.3062499999999999,7268.860397338867,4700,1,0.3062499999999999,7157.72868347168,4700,1,0.3062499999999999,6748.9285888671875,4700,1,0.3062499999999999,6965.343566894531,4700,1,0.3062499999999999,6946.818649291992,3007,3007,3007,3007,3007,3007,3007,3007,3007,3007,3007,3007,4690,4691,3007,3007,3007,4690,3007,3007,3007,3007,3007,4690,88.8888931274414,5,0,0,26.3157901763916,0,23.52941131591797,0,11.111111640930176,55,0,0,35,0,0,0,0,30.000001907348633,31.57894515991211,100,0,0,0,0,66481098752,12884893696,1621626880,0
99,1780596542526,56951.47756958008,4700,1,0.3062499999999999,6931.819534301758,4700,1,0.3062499999999999,6794.5638427734375,4700,1,0.3062499999999999,11891.407333374023,4700,1,0.3062499999999999,45352.147384643555,4700,1,0.3062499999999999,37521.83399963379,4700,1,0.3062499999999999,46725.07279968262,4700,1,0.3062499999999999,29052.750778198242,4700,1,0.3062499999999999,7268.864410400391,4700,1,0.3062499999999999,7157.731796264648,4700,1,0.3062499999999999,6748.931716918945,4700,1,0.3062499999999999,6965.3466796875,4700,1,0.3062499999999999,6952.619003295898,3007,3007,3007,3007,3007,3007,3007,3007,3007,3007,3007,3007,4690,4691,3007,3007,3007,4690,3007,3007,3007,3007,3007,4690,88.8888931274414,10,0,0,22.22222328186035,14.285715103149414,21.052631378173828,0,30.000001907348633,42.105262756347656,0,0,27.77777862548828,0,0,0,0,26.3157901763916,11.111111640930176,100,0,0,0,0,66481098752,12884893696,1619767296,0
99,1780596542626,56952.0061340332,4700,1,0.3062499999999999,6931.822647094727,4700,1,0.3062499999999999,6794.567031860352,4700,1,0.3062499999999999,11891.758346557617,4700,1,0.3062499999999999,45352.63389587402,4700,1,0.3062499999999999,37522.263931274414,4700,1,0.3062499999999999,46725.39044189453,4700,1,0.3062499999999999,29053.436889648438,4700,1,0.3062499999999999,7268.868545532227,4700,1,0.3062499999999999,7157.734893798828,4700,1,0.3062499999999999,6748.934814453125,4700,1,0.3062499999999999,6965.349868774414,4700,1,0.3062499999999999,6958.259765625,3007,3007,3007,3007,3007,3007,3007,3007,3007,3007,3007,3007,4690,4691,3007,3007,3007,4690,3007,3007,3007,3007,3007,4690,88.8888931274414,10,0,0,22.22222328186035,14.285715103149414,21.052631378173828,0,30.000001907348633,42.105262756347656,0,0,27.77777862548828,0,0,0,0,26.3157901763916,11.111111640930176,100,0,0,0,0,66481098752,12884893696,1628352512,0
99,1780596542726,56952.576431274414,4700,1,0.3062499999999999,6931.825790405273,4700,1,0.3062499999999999,6794.570266723633,4700,1,0.3062499999999999,11892.107955932617,4700,1,0.3062499999999999,45352.99020385742,4700,1,0.3062499999999999,37522.71423339844,4700,1,0.3062499999999999,46725.72883605957,4700,1,0.3062499999999999,29054.132843017578,4700,1,0.3062499999999999,7268.873443603516,4700,1,0.3062499999999999,7157.739822387695,4700,1,0.3062499999999999,6748.937896728516,4700,1,0.3062499999999999,6965.353042602539,4700,1,0.3062499999999999,6963.900619506836,3007,3007,3007,3007,3007,3007,3007,3007,3007,3007,3007,3007,4690,4691,3007,3007,3007,4690,3007,3007,3007,3007,3007,4690,83.33332824707031,5.263157844543457,0,0,9.523809432983398,11.764705657958984,22.22222328186035,23.809524536132813,31.57894515991211,47.36842346191406,0,0,25,0,0,0,0,35,0,100,0,0,0,0,66481098752,12884893696,1626013696,0
99,1780596542826,56953.18927001953,4700,1,0.3062499999999999,6931.828872680664,4700,1,0.3062499999999999,6794.573348999023,4700,1,0.3062499999999999,11892.426727294922,4700,1,0.3062499999999999,45353.37139892578,4700,1,0.3062499999999999,37523.13966369629,4700,1,0.3062499999999999,46726.082595825195,4700,1,0.3062499999999999,29054.816452026367,4700,1,0.3062499999999999,7268.8765869140625,4700,1,0.3062499999999999,7157.742904663086,4700,1,0.3062499999999999,6748.940979003906,4700,1,0.3062499999999999,6965.35612487793,4700,1,0.3062499999999999,6969.642852783203,3007,3007,3007,3007,3007,3007,3007,3007,3007,3007,3007,3007,4690,4691,3007,3007,3007,4690,3007,3007,3007,3007,3007,4690,83.33332824707031,5.263157844543457,0,0,9.523809432983398,11.764705657958984,22.22222328186035,23.809524536132813,31.57894515991211,47.36842346191406,0,0,25,0,0,0,0,35,0,100,0,0,0,0,66481098752,12884893696,1624698880,0
99,1780596542926,56953.78739929199,4700,1,0.3062499999999999,6931.832015991211,4700,1,0.3062499999999999,6794.576507568359,4700,1,0.3062499999999999,11892.621856689453,4700,1,0.3062499999999999,45353.743423461914,4700,1,0.3062499999999999,37523.61672973633,4700,1,0.3062499999999999,46726.43194580078,4700,1,0.3062499999999999,29055.513397216797,4700,1,0.3062499999999999,7268.879699707031,4700,1,0.3062499999999999,7157.74609375,4700,1,0.3062499999999999,6748.944091796875,4700,1,0.3062499999999999,6965.359237670898,4700,1,0.3062499999999999,6975.425491333008,3007,3007,3007,3007,3007,3007,3007,3007,3007,3007,3007,3007,4690,4691,3007,3007,3007,4690,3007,3007,3007,3007,3007,4690,85.71428680419922,10,0,0,26.3157901763916,15.000000953674316,20,35,33.333335876464844,47.05882263183594,0,0,11.111111640930176,0,0,0,0,31.57894515991211,0,100,0,0,0,0,66481098752,12884893696,1623736320,0
99,1780596543026,56954.30043029785,4700,1,0.30000000000000004,6931.83512878418,4700,1,0.30000000000000004,6794.57958984375,4700,1,0.3062499999999999,11892.988754272461,4700,1,0.30000000000000004,45354.15361022949,4700,1,0.30000000000000004,37523.954528808594,4700,1,0.30000000000000004,46726.83964538574,4700,1,0.30000000000000004,29056.210037231445,4700,1,0.30000000000000004,7268.882949829102,4700,1,0.30000000000000004,7157.749176025391,4700,1,0.30000000000000004,6748.947174072266,4700,1,0.30000000000000004,6965.362319946289,4700,1,0.30000000000000004,6981.144317626953,3007,3007,3007,3007,3007,3007,3007,3007,3007,3007,3007,3007,4690,4691,3007,3007,3007,4690,3007,3007,3007,3007,3007,4690,85.71428680419922,10,0,0,26.3157901763916,15.000000953674316,20,35,33.333335876464844,47.05882263183594,0,0,11.111111640930176,0,0,0,0,31.57894515991211,0,100,0,0,0,0,66481098752,12884893696,1626578944,0
99,1780596543126,56954.85237121582,4700,1,0.3062499999999999,6931.83821105957,4700,1,0.3062499999999999,6794.582748413086,4700,1,0.3062499999999999,11893.280899047852,4700,1,0.3062499999999999,45354.57099914551,4700,1,0.3062499999999999,37524.34225463867,4700,1,0.3062499999999999,46727.299865722656,4700,1,0.3062499999999999,29056.896728515625,4700,1,0.3062499999999999,7268.886199951172,4700,1,0.3062499999999999,7157.752258300781,4700,1,0.3062499999999999,6748.950256347656,4700,1,0.3062499999999999,6965.365509033203,4700,1,0.3062499999999999,6986.891540527344,3007,3007,3007,3007,3007,3007,3007,3007,3007,3007,3007,3007,4690,4691,3007,3007,3007,4690,3007,3007,3007,3007,3007,4690,82.35294342041016,21.052631378173828,0,0,0,10,26.3157901763916,28.571430206298828,27.77777862548828,50,0,0,23.809524536132813,0,0,0,0,10,28.571430206298828,100,0,0,0,0,66481098752,12884893696,1626091520,0
99,1780596543226,56955.43733215332,4700,1,0.3062499999999999,6931.841323852539,4700,1,0.3062499999999999,6794.585968017578,4700,1,0.3062499999999999,11893.491271972656,4700,1,0.3062499999999999,45355.00958251953,4700,1,0.3062499999999999,37524.741790771484,4700,1,0.3062499999999999,46727.72080993652,4700,1,0.3062499999999999,29057.588775634766,4700,1,0.3062499999999999,7268.8892822265625,4700,1,0.3062499999999999,7157.755401611328,4700,1,0.3062499999999999,6748.953338623047,4700,1,0.3062499999999999,6965.368698120117,4700,1,0.3062499999999999,6992.6292724609375,3007,3007,3007,3007,3007,3007,3007,3007,3007,3007,3007,3007,4690,4691,3007,3007,3007,4690,3007,3007,3007,3007,3007,4690,82.35294342041016,21.052631378173828,0,0,0,10,26.3157901763916,28.571430206298828,27.77777862548828,50,0,0,23.809524536132813,0,0,0,0,10,28.571430206298828,100,0,0,0,0,66481098752,12884893696,1621676032,0
99,1780596543327,56956.06953430176,4700,1,0.3062499999999999,6931.844375610352,4700,1,0.3062499999999999,6794.589080810547,4700,1,0.3062499999999999,11893.719772338867,4700,1,0.3062499999999999,45355.3984375,4700,1,0.3062499999999999,37525.10528564453,4700,1,0.3062499999999999,46728.13200378418,4700,1,0.3062499999999999,29058.27098083496,4700,1,0.3062499999999999,7268.892486572266,4700,1,0.3062499999999999,7157.758453369141,4700,1,0.3062499999999999,6748.956390380859,4700,1,0.3062499999999999,6965.371856689453,4700,1,0.3062499999999999,6998.320343017578,3007,3007,3007,3007,3007,3007,3007,3007,3007,3007,3007,3007,4690,4691,3007,3007,3007,4690,3007,3007,3007,3007,3007,4690,89.47368621826172,5.263157844543457,0,0,22.22222328186035,0,30.000001907348633,23.809524536132813,11.764705657958984,47.36842346191406,0,0,15.789472579956055,0,0,0,0,25,25,100,0,0,0,0,66481098752,12884893696,1618870272,0
99,1780596543427,56956.69688415527,4700,1,0.3062499999999999,6931.986541748047,4700,1,0.3062499999999999,6794.592239379883,4700,1,0.3062499999999999,11893.838317871094,4700,1,0.3062499999999999,45355.79161071777,4700,1,0.3062499999999999,37525.46452331543,4700,1,0.3062499999999999,46728.52420043945,4700,1,0.3062499999999999,29058.953842163086,4700,1,0.3062499999999999,7268.895568847656,4700,1,0.3062499999999999,7157.7615966796875,4700,1,0.3062499999999999,6748.959518432617,4700,1,0.3062499999999999,6965.374969482422,4700,1,0.3062499999999999,7004.0506591796875,3007,3007,3007,3007,3007,3007,3007,3007,3007,3007,3007,3007,4690,4691,3007,3007,3007,4690,3007,3007,3007,3007,3007,4690,89.47368621826172,5.263157844543457,0,0,22.22222328186035,0,30.000001907348633,23.809524536132813,11.764705657958984,47.36842346191406,0,0,15.789472579956055,0,0,0,0,25,25,100,0,0,0,0,66481098752,12884893696,1626275840,0
99,1780596543527,56957.281814575195,4700,1,0.3062499999999999,6932.050582885742,4700,1,0.3062499999999999,6794.59538269043,4700,1,0.3062499999999999,11894.154327392578,4700,1,0.3062499999999999,45356.240966796875,4700,1,0.3062499999999999,37525.85731506348,4700,1,0.3062499999999999,46728.79965209961,4700,1,0.3062499999999999,29059.634185791016,4700,1,0.3062499999999999,7268.898681640625,4700,1,0.3062499999999999,7157.861145019531,4700,1,0.3062499999999999,6748.962600708008,4700,1,0.3062499999999999,6965.378112792969,4700,1,0.3062499999999999,7009.893707275391,3007,3007,3007,3007,3007,3007,3007,3007,3007,3007,3007,3007,4690,4691,3007,3007,3007,4690,3007,3007,3007,3007,3007,4690,89.47368621826172,5,0,0,22.22222328186035,11.111111640930176,35,17.647058486938477,10,50,0,0,21.052631378173828,0,0,5,0,10.526315689086914,20,100,0,5.263157844543457,0,0,66481098752,12884893696,1622454272,0
99,1780596543627,56957.882400512695,4700,1,0.3062499999999999,6932.053665161133,4700,1,0.3062499999999999,6794.59846496582,4700,1,0.3062499999999999,11894.45751953125,4700,1,0.3062499999999999,45356.72441101074,4700,1,0.3062499999999999,37526.23156738281,4700,1,0.3062499999999999,46729.16914367676,4700,1,0.3062499999999999,29060.245040893555,4700,1,0.3062499999999999,7268.9044189453125,4700,1,0.3062499999999999,7157.984039306641,4700,1,0.3062499999999999,6748.965682983398,4700,1,0.3062499999999999,6965.381195068359,4700,1,0.3062499999999999,7015.780532836914,3007,3007,3007,3007,3007,3007,3007,3007,3007,3007,3007,3007,4690,4691,3007,3007,3007,4690,3007,3007,3007,3007,3007,4690,89.47368621826172,5,0,0,22.22222328186035,11.111111640930176,35,17.647058486938477,10,50,0,0,21.052631378173828,0,0,5,0,10.526315689086914,20,100,0,5.263157844543457,0,0,66481098752,12884893696,1621770240,0
99,1780596543727,56958.504959106445,4700,1,0.30000000000000004,6932.056869506836,4700,1,0.3062499999999999,6794.601608276367,4700,1,0.3062499999999999,11894.733200073242,4700,1,0.30000000000000004,45357.21495056152,4700,1,0.30000000000000004,37526.61912536621,4700,1,0.30000000000000004,46729.57160949707,4700,1,0.30000000000000004,29060.874221801758,4700,1,0.30000000000000004,7268.90771484375,4700,1,0.30000000000000004,7157.989944458008,4700,1,0.30000000000000004,6748.968765258789,4700,1,0.3062499999999999,6965.38427734375,4700,1,0.3062499999999999,7021.647064208984,3007,3007,3007,3007,3007,3007,3007,3007,3007,3007,3007,3007,4690,4691,3007,3007,3007,4690,3007,3007,3007,3007,3007,4690,88.8888931274414,10,0,0,26.3157901763916,20,26.3157901763916,21.052631378173828,30.000001907348633,21.052631378173828,0,0,36.842105865478516,0,0,0,0,10.526315689086914,10.526315689086914,100,0,0,0,0,66481098752,12884893696,1627406336,0
99,1780596543827,56959.11492919922,4700,1,0.3062499999999999,6932.059951782227,4700,1,0.3062499999999999,6794.604690551758,4700,1,0.3062499999999999,11895.031936645508,4700,1,0.3062499999999999,45357.52241516113,4700,1,0.3062499999999999,37526.98728942871,4700,1,0.3062499999999999,46730.056564331055,4700,1,0.3062499999999999,29061.557830810547,4700,1,0.3062499999999999,7268.910797119141,4700,1,0.3062499999999999,7157.993026733398,4700,1,0.3062499999999999,6748.97184753418,4700,1,0.3062499999999999,6965.387359619141,4700,1,0.3062499999999999,7027.356216430664,3007,3007,3007,3007,3007,3007,3007,3007,3007,3007,3007,3007,4690,4691,3007,3007,3007,4690,3007,3007,3007,3007,3007,4690,88.8888931274414,10,0,0,26.3157901763916,20,26.3157901763916,21.052631378173828,30.000001907348633,21.052631378173828,0,0,36.842105865478516,0,0,0,0,10.526315689086914,10.526315689086914,100,0,0,0,0,66481098752,12884893696,1626685440,0
99,1780596543927,56959.71122741699,4700,1,0.30000000000000004,6932.0631103515625,4700,1,0.30000000000000004,6794.607971191406,4700,1,0.30000000000000004,11895.287322998047,4700,1,0.30000000000000004,45357.960205078125,4700,1,0.30000000000000004,37527.33776855469,4700,1,0.30000000000000004,46730.447265625,4700,1,0.30000000000000004,29062.244232177734,4700,1,0.30000000000000004,7268.913955688477,4700,1,0.30000000000000004,7157.996139526367,4700,1,0.30000000000000004,6748.97492980957,4700,1,0.30000000000000004,6965.3905029296875,4700,1,0.30000000000000004,7033.126312255859,3007,3007,3007,3007,3007,3007,3007,3007,3007,3007,3007,3007,4690,4691,3007,3007,3007,4690,3007,3007,3007,3007,3007,4690,88.8888931274414,0,0,0,28.571430206298828,16.666667938232422,10.526315689086914,23.52941131591797,31.57894515991211,50,0,0,26.3157901763916,0,0,0,0,9.523809432983398,15.789472579956055,100,0,0,0,0,66481098752,12884893696,1621585920,0
99,1780596544027,56960.305404663086,4700,1,0.3062499999999999,6932.066162109375,4700,1,0.3062499999999999,6794.611022949219,4700,1,0.3062499999999999,11895.628890991211,4700,1,0.3062499999999999,45358.316345214844,4700,1,0.3062499999999999,37527.71464538574,4700,1,0.3062499999999999,46730.939025878906,4700,1,0.3062499999999999,29062.91781616211,4700,1,0.3062499999999999,7268.917037963867,4700,1,0.3062499999999999,7157.999221801758,4700,1,0.3062499999999999,6748.977981567383,4700,1,0.3062499999999999,6965.3935546875,4700,1,0.3062499999999999,7038.809509277344,3007,3007,3007,3007,3007,3007,3007,3007,3007,3007,3007,3007,4690,4691,3007,3007,3007,4690,3007,3007,3007,3007,3007,4690,88.8888931274414,0,0,0,28.571430206298828,16.666667938232422,10.526315689086914,23.52941131591797,31.57894515991211,50,0,0,26.3157901763916,0,0,0,0,9.523809432983398,15.789472579956055,100,0,0,0,0,66481098752,12884893696,1618227200,0
99,1780596544127,56960.89859008789,4700,1,0.3062499999999999,6932.069244384766,4700,1,0.3062499999999999,6794.614105224609,4700,1,0.3062499999999999,11895.858261108398,4700,1,0.3062499999999999,45358.782485961914,4700,1,0.3062499999999999,37528.037506103516,4700,1,0.3062499999999999,46731.38265991211,4700,1,0.3062499999999999,29063.606201171875,4700,1,0.3062499999999999,7268.920333862305,4700,1,0.3062499999999999,7158.002304077148,4700,1,0.3062499999999999,6748.981063842773,4700,1,0.3062499999999999,6965.396636962891,4700,1,0.3062499999999999,7044.495346069336,3007,3007,3007,3007,3007,3007,3007,3007,3007,3007,3007,3007,4690,4691,3007,3007,3007,4690,3007,3007,3007,3007,3007,4690,85,10,0,0,25,10,28.571430206298828,10,23.52941131591797,47.619049072265625,0,0,22.22222328186035,0,0,0,0,16.666667938232422,36.3636360168457,100,0,0,0,0,66481098752,12884893696,1625255936,0
99,1780596544227,56961.493240356445,4700,1,0.3062499999999999,6932.072326660156,4700,1,0.3062499999999999,6794.617416381836,4700,1,0.3062499999999999,11896.065292358398,4700,1,0.3062499999999999,45359.211837768555,4700,1,0.3062499999999999,37528.37759399414,4700,1,0.3062499999999999,46731.83074951172,4700,1,0.3062499999999999,29064.299209594727,4700,1,0.3062499999999999,7268.923538208008,4700,1,0.3062499999999999,7158.005447387695,4700,1,0.3062499999999999,6748.984146118164,4700,1,0.3062499999999999,6965.39990234375,4700,1,0.3062499999999999,7050.171493530273,3007,3007,3007,3007,3007,3007,3007,3007,3007,3007,3007,3007,4690,4691,3007,3007,3007,4690,3007,3007,3007,3007,3007,4690,85,10,0,0,25,10,28.571430206298828,10,23.52941131591797,47.619049072265625,0,0,22.22222328186035,0,0,0,0,16.666667938232422,36.3636360168457,100,0,0,0,0,66481098752,12884893696,1622765568,0
99,1780596544327,56962.09133911133,4700,1,0.3062499999999999,6932.075408935547,4700,1,0.3062499999999999,6794.620544433594,4700,1,0.3062499999999999,11896.385955810547,4700,1,0.3062499999999999,45359.578521728516,4700,1,0.3062499999999999,37528.72543334961,4700,1,0.3062499999999999,46732.27442932129,4700,1,0.3062499999999999,29064.98568725586,4700,1,0.3062499999999999,7268.926666259766,4700,1,0.3062499999999999,7158.008529663086,4700,1,0.3062499999999999,6748.987228393555,4700,1,0.3062499999999999,6965.403045654297,4700,1,0.3062499999999999,7055.921142578125,3007,3007,3007,3007,3007,3007,3007,3007,3007,3007,3007,3007,4690,4691,3007,3007,3007,4690,3007,3007,3007,3007,3007,4690,88.23529815673828,0,0,0,16.666667938232422,20,15.789472579956055,0,26.3157901763916,52.6315803527832,0,0,21.052631378173828,0,0,0,0,22.22222328186035,17.647058486938477,100,0,0,0,0,66481098752,12884893696,1620475904,0
99,1780596544427,56962.69975280762,4700,1,0.3062499999999999,6932.0784912109375,4700,1,0.3062499999999999,6794.623718261719,4700,1,0.3062499999999999,11896.6201171875,4700,1,0.3062499999999999,45360.04707336426,4700,1,0.3062499999999999,37529.045974731445,4700,1,0.3062499999999999,46732.6886138916,4700,1,0.3062499999999999,29065.678939819336,4700,1,0.3062499999999999,7268.929946899414,4700,1,0.3062499999999999,7158.011672973633,4700,1,0.3062499999999999,6748.990310668945,4700,1,0.3062499999999999,6965.4061279296875,4700,1,0.3062499999999999,7061.636032104492,3007,3007,3007,3007,3007,3007,3007,3007,3007,3007,3007,3007,4690,4691,3007,3007,3007,4690,3007,3007,3007,3007,3007,4690,88.23529815673828,0,0,0,16.666667938232422,20,15.789472579956055,0,26.3157901763916,52.6315803527832,0,0,21.052631378173828,0,0,0,0,22.22222328186035,17.647058486938477,100,0,0,0,0,66481098752,12884893696,1621213184,0
99,1780596544527,56963.27224731445,4700,1,0.3062499999999999,6932.081573486328,4700,1,0.3062499999999999,6794.626800537109,4700,1,0.3062499999999999,11896.95539855957,4700,1,0.3062499999999999,45360.513900756836,4700,1,0.3062499999999999,37529.397384643555,4700,1,0.3062499999999999,46733.12635803223,4700,1,0.3062499999999999,29066.36166381836,4700,1,0.3062499999999999,7268.933303833008,4700,1,0.3062499999999999,7158.014801025391,4700,1,0.3062499999999999,6748.993392944336,4700,1,0.3062499999999999,6965.409210205078,4700,1,0.3062499999999999,7067.47607421875,3007,3007,3007,3007,3007,3007,3007,3007,3007,3007,3007,3007,4690,4691,3007,3007,3007,4690,3007,3007,3007,3007,3007,4690,81.25,0,0,0,15.789472579956055,15.000000953674316,33.333335876464844,0,20,41.17647171020508,0,0,23.52941131591797,0,0,0,0,22.22222328186035,27.77777862548828,100,0,0,0,0,66481098752,12884893696,1628831744,0
99,1780596544627,56963.81938171387,4700,1,0.3062499999999999,6932.084716796875,4700,1,0.3062499999999999,6794.629943847656,4700,1,0.3062499999999999,11897.244201660156,4700,1,0.3062499999999999,45360.94058227539,4700,1,0.3062499999999999,37529.79284667969,4700,1,0.3062499999999999,46733.58955383301,4700,1,0.3062499999999999,29067.039505004883,4700,1,0.3062499999999999,7268.936416625977,4700,1,0.3062499999999999,7158.017883300781,4700,1,0.3062499999999999,6748.996444702148,4700,1,0.3062499999999999,6965.412353515625,4700,1,0.3062499999999999,7073.222412109375,3007,3007,3007,3007,3007,3007,3007,3007,3007,3007,3007,3007,4690,4691,3007,3007,3007,4690,3007,3007,3007,3007,3007,4690,81.25,0,0,0,15.789472579956055,15.000000953674316,33.333335876464844,0,20,41.17647171020508,0,0,23.52941131591797,0,0,0,0,22.22222328186035,27.77777862548828,100,0,0,0,0,66481098752,12884893696,1623609344,0
99,1780596544727,56964.420150756836,4700,1,0.3062499999999999,6932.087799072266,4700,1,0.3062499999999999,6794.633087158203,4700,1,0.3062499999999999,11897.559951782227,4700,1,0.3062499999999999,45361.40028381348,4700,1,0.3062499999999999,37530.05616760254,4700,1,0.3062499999999999,46733.94966125488,4700,1,0.3062499999999999,29067.730407714844,4700,1,0.3062499999999999,7268.9395751953125,4700,1,0.3062499999999999,7158.02197265625,4700,1,0.3062499999999999,6748.999526977539,4700,1,0.3062499999999999,6965.415435791016,4700,1,0.3062499999999999,7078.8973388671875,3007,3007,3007,3007,3007,3007,3007,3007,3007,3007,3007,3007,4690,4691,3007,3007,3007,4690,3007,3007,3007,3007,3007,4690,84.21052551269531,0,0,0,11.111111640930176,5.882352828979492,27.77777862548828,10,25,52.38095474243164,0,0,23.809524536132813,0,0,0,0,21.052631378173828,26.3157901763916,100,0,0,0,0,66481098752,12884893696,1621811200,0
99,1780596544827,56965.02713012695,4700,1,0.3062499999999999,6932.090881347656,4700,1,0.3062499999999999,6794.636138916016,4700,1,0.3062499999999999,11897.932830810547,4700,1,0.3062499999999999,45361.84895324707,4700,1,0.3062499999999999,37530.426681518555,4700,1,0.3062499999999999,46734.37043762207,4700,1,0.3062499999999999,29068.358795166016,4700,1,0.3062499999999999,7268.946838378906,4700,1,0.3062499999999999,7158.0323486328125,4700,1,0.3062499999999999,6749.002593994141,4700,1,0.3062499999999999,6965.418518066406,4700,1,0.3062499999999999,7084.717376708984,3007,3007,3007,3007,3007,3007,3007,3007,3007,3007,3007,3007,4690,4691,3007,3007,3007,4690,3007,3007,3007,3007,3007,4690,84.21052551269531,0,0,0,11.111111640930176,5.882352828979492,27.77777862548828,10,25,52.38095474243164,0,0,23.809524536132813,0,0,0,0,21.052631378173828,26.3157901763916,100,0,0,0,0,66481098752,12884893696,1618411520,0
99,1780596544927,56965.59687805176,4700,1,0.3062499999999999,6932.093994140625,4700,1,0.3062499999999999,6794.6392822265625,4700,1,0.3062499999999999,11898.292037963867,4700,1,0.3062499999999999,45362.233978271484,4700,1,0.3062499999999999,37530.82066345215,4700,1,0.3062499999999999,46734.835708618164,4700,1,0.3062499999999999,29069.041778564453,4700,1,0.3062499999999999,7268.956787109375,4700,1,0.3062499999999999,7158.035491943359,4700,1,0.3062499999999999,6749.005676269531,4700,1,0.3062499999999999,6965.421600341797,4700,1,0.3062499999999999,7090.547821044922,3007,3007,3007,3007,3007,3007,3007,3007,3007,3007,3007,3007,4690,4691,3007,3007,3007,4690,3007,3007,3007,3007,3007,4690,88.23529815673828,20,0,0,10.526315689086914,20,23.809524536132813,15.789472579956055,21.052631378173828,29.411766052246094,0,0,27.77777862548828,0,0,0,0,23.809524536132813,30.000001907348633,100,0,0,0,0,66481098752,12884893696,1625120768,0
99,1780596545027,56966.20106506348,4700,1,0.3062499999999999,6932.097076416016,4700,1,0.3062499999999999,6794.642440795898,4700,1,0.3062499999999999,11898.77554321289,4700,1,0.3062499999999999,45362.573989868164,4700,1,0.3062499999999999,37531.19384765625,4700,1,0.3062499999999999,46735.293869018555,4700,1,0.3062499999999999,29069.676971435547,4700,1,0.3062499999999999,7268.959930419922,4700,1,0.3062499999999999,7158.03857421875,4700,1,0.3062499999999999,6749.008758544922,4700,1,0.3062499999999999,6965.424789428711,4700,1,0.3062499999999999,7096.371017456055,3007,3007,3007,3007,3007,3007,3007,3007,3007,3007,3007,3007,4690,4691,3007,3007,3007,4690,3007,3007,3007,3007,3007,4690,88.23529815673828,20,0,0,10.526315689086914,20,23.809524536132813,15.789472579956055,21.052631378173828,29.411766052246094,0,0,27.77777862548828,0,0,0,0,23.809524536132813,30.000001907348633,100,0,0,0,0,66481098752,12884893696,1624080384,0
99,1780596545128,56966.7891998291,4700,1,0.3062499999999999,6932.100158691406,4700,1,0.3062499999999999,6794.645523071289,4700,1,0.3062499999999999,11899.037704467773,4700,1,0.3062499999999999,45363.05111694336,4700,1,0.3062499999999999,37531.49353027344,4700,1,0.3062499999999999,46735.7492980957,4700,1,0.3062499999999999,29070.366317749023,4700,1,0.3062499999999999,7268.963287353516,4700,1,0.3062499999999999,7158.041656494141,4700,1,0.3062499999999999,6749.0118408203125,4700,1,0.3062499999999999,6965.427871704102,4700,1,0.3062499999999999,7102.08317565918,3007,3007,3007,3007,3007,3007,3007,3007,3007,3007,3007,3007,4690,4691,3007,3007,3007,4690,3007,3007,3007,3007,3007,4690,88.8888931274414,30.000001907348633,0,0,5.263157844543457,11.111111640930176,17.647058486938477,16.666667938232422,30.000001907348633,38.88888931274414,0,0,21.052631378173828,0,0,0,0,10,26.3157901763916,100,0,0,0,0,66481098752,12884893696,1620668416,0
99,1780596545228,56967.34225463867,4700,1,0.3062499999999999,6932.103240966797,4700,1,0.3062499999999999,6794.648742675781,4700,1,0.3062499999999999,11899.353088378906,4700,1,0.3062499999999999,45363.50520324707,4700,1,0.3062499999999999,37531.830322265625,4700,1,0.3062499999999999,46736.23550415039,4700,1,0.3062499999999999,29071.041946411133,4700,1,0.3062499999999999,7268.966445922852,4700,1,0.3062499999999999,7158.0447998046875,4700,1,0.3062499999999999,6749.014923095703,4700,1,0.3062499999999999,6965.431060791016,4700,1,0.3062499999999999,7107.8720703125,3007,3007,3007,3007,3007,3007,3007,3007,3007,3007,3007,3007,4690,4691,3007,3007,3007,4690,3007,3007,3007,3007,3007,4690,88.8888931274414,30.000001907348633,0,0,5.263157844543457,11.111111640930176,17.647058486938477,16.666667938232422,30.000001907348633,38.88888931274414,0,0,21.052631378173828,0,0,0,0,10,26.3157901763916,100,0,0,0,0,66481098752,12884893696,1619984384,0
99,1780596545328,56967.93086242676,4700,1,0.3062499999999999,6932.1063232421875,4700,1,0.3062499999999999,6794.651916503906,4700,1,0.3062499999999999,11899.666412353516,4700,1,0.3062499999999999,45363.94352722168,4700,1,0.3062499999999999,37532.13037109375,4700,1,0.3062499999999999,46736.6378326416,4700,1,0.3062499999999999,29071.7306060791,4700,1,0.3062499999999999,7268.969665527344,4700,1,0.3062499999999999,7158.0478515625,4700,1,0.3062499999999999,6749.018005371094,4700,1,0.3062499999999999,6965.43424987793,4700,1,0.3062499999999999,7113.620223999023,3007,3007,3007,3007,3007,3007,3007,3007,3007,3007,3007,3007,4690,4691,3007,3007,3007,4690,3007,3007,3007,3007,3007,4690,83.33332824707031,5.555555820465088,0,0,10.526315689086914,10.526315689086914,22.22222328186035,25,33.333335876464844,54.54545593261719,0,0,26.3157901763916,0,0,0,0,9.523809432983398,11.111111640930176,100,0,0,0,0,66481098752,12884893696,1618038784,0
99,1780596545428,56968.53439331055,4700,1,0.3125,6932.109405517578,4700,1,0.3125,6794.667297363281,4700,1,0.3125,11900.031112670898,4700,1,0.3125,45364.356201171875,4700,1,0.3125,37532.519592285156,4700,1,0.3125,46736.97065734863,4700,1,0.3125,29072.408081054688,4700,1,0.3125,7268.99919128418,4700,1,0.3125,7158.0791015625,4700,1,0.3125,6749.047027587891,4700,1,0.3125,6965.437362670898,4700,1,0.3125,7119.443466186523,3007,3007,3007,3007,3007,3007,3007,3007,3007,3007,3007,3007,4690,4691,3007,3007,3007,4690,3007,3007,3007,3007,3007,4690,83.33332824707031,5.555555820465088,0,0,10.526315689086914,10.526315689086914,22.22222328186035,25,33.333335876464844,54.54545593261719,0,0,26.3157901763916,0,0,0,0,9.523809432983398,11.111111640930176,100,0,0,0,0,66481098752,12884893696,1625903104,0
99,1780596545528,56969.13914489746,4700,1,0.3062499999999999,6932.190048217773,4700,1,0.3062499999999999,6794.694381713867,4700,1,0.3062499999999999,11900.301818847656,4700,1,0.3062499999999999,45364.72618103027,4700,1,0.3062499999999999,37532.91075134277,4700,1,0.3062499999999999,46737.37648010254,4700,1,0.3062499999999999,29073.095321655273,4700,1,0.3062499999999999,7269.083099365234,4700,1,0.3062499999999999,7158.163787841797,4700,1,0.3062499999999999,6749.1265869140625,4700,1,0.3062499999999999,6965.473236083984,4700,1,0.3062499999999999,7125.528854370117,3007,3007,3007,3007,3007,3007,3007,3007,3007,3007,3007,3007,4690,4691,3007,3007,3007,4690,3007,3007,3007,3007,3007,4690,86.36363983154297,15.789472579956055,0,0,26.3157901763916,10.526315689086914,33.333335876464844,25,21.052631378173828,38.88888931274414,0,14.285715103149414,23.809524536132813,0,0,0,0,20,20,100,5.263157844543457,0,5,4.761904716491699,66481098752,12884893696,1629032448,0
99,1780596545628,56969.74214172363,4700,1,0.3062499999999999,6932.193130493164,4700,1,0.3062499999999999,6794.697463989258,4700,1,0.3062499999999999,11900.55403137207,4700,1,0.3062499999999999,45365.18859863281,4700,1,0.3062499999999999,37533.323333740234,4700,1,0.3062499999999999,46737.76429748535,4700,1,0.3062499999999999,29073.782318115234,4700,1,0.3062499999999999,7269.086212158203,4700,1,0.3062499999999999,7158.1668701171875,4700,1,0.3062499999999999,6749.129699707031,4700,1,0.3062499999999999,6965.476318359375,4700,1,0.3062499999999999,7131.263946533203,3007,3007,3007,3007,3007,3007,3007,3007,3007,3007,3007,3007,4690,4691,3007,3007,3007,4690,3007,3007,3007,3007,3007,4690,86.36363983154297,15.789472579956055,0,0,26.3157901763916,10.526315689086914,33.333335876464844,25,21.052631378173828,38.88888931274414,0,14.285715103149414,23.809524536132813,0,0,0,0,20,20,100,5.263157844543457,0,5,4.761904716491699,66481098752,12884893696,1630867456,0
99,1780596545728,56970.32336425781,4700,1,0.30000000000000004,6932.1962890625,4700,1,0.30000000000000004,6794.700607299805,4700,1,0.30000000000000004,11900.93440246582,4700,1,0.30000000000000004,45365.6436920166,4700,1,0.30000000000000004,37533.473388671875,4700,1,0.30000000000000004,46738.1789855957,4700,1,0.30000000000000004,29074.466735839844,4700,1,0.30000000000000004,7269.0894775390625,4700,1,0.30000000000000004,7158.169967651367,4700,1,0.30000000000000004,6749.133926391602,4700,1,0.30000000000000004,6965.479400634766,4700,1,0.30000000000000004,7136.9942626953125,3007,3007,3007,3007,3007,3007,3007,3007,3007,3007,3007,3007,4690,4691,3007,3007,3007,4690,3007,3007,3007,3007,3007,4690,88.8888931274414,15.789472579956055,0,0,16.666667938232422,9.523809432983398,18.75,16.666667938232422,9.523809432983398,52.38095474243164,0,0,22.22222328186035,0,0,0,0,10,42.85714340209961,100,0,0,0,0,66481098752,12884893696,1630183424,0
99,1780596545828,56970.910247802734,4700,1,0.3062499999999999,6932.199371337891,4700,1,0.3062499999999999,6794.703750610352,4700,1,0.3062499999999999,11901.122177124023,4700,1,0.3062499999999999,45366.1360168457,4700,1,0.3062499999999999,37533.67909240723,4700,1,0.3062499999999999,46738.624267578125,4700,1,0.3062499999999999,29075.15493774414,4700,1,0.3062499999999999,7269.092681884766,4700,1,0.3062499999999999,7158.173110961914,4700,1,0.3062499999999999,6749.137008666992,4700,1,0.3062499999999999,6965.4825439453125,4700,1,0.3062499999999999,7142.68327331543,3007,3007,3007,3007,3007,3007,3007,3007,3007,3007,3007,3007,4690,4691,3007,3007,3007,4690,3007,3007,3007,3007,3007,4690,88.8888931274414,15.789472579956055,0,0,16.666667938232422,9.523809432983398,18.75,16.666667938232422,9.523809432983398,52.38095474243164,0,0,22.22222328186035,0,0,0,0,10,42.85714340209961,100,0,0,0,0,66481098752,12884893696,1631670272,0
99,1780596545928,56971.52055358887,4700,1,0.3062499999999999,6932.202484130859,4700,1,0.3062499999999999,6794.706893920898,4700,1,0.3062499999999999,11901.39761352539,4700,1,0.3062499999999999,45366.589935302734,4700,1,0.3062499999999999,37533.97805786133,4700,1,0.3062499999999999,46739.01231384277,4700,1,0.3062499999999999,29075.850067138672,4700,1,0.3062499999999999,7269.09587097168,4700,1,0.3062499999999999,7158.176193237305,4700,1,0.3062499999999999,6749.140151977539,4700,1,0.3062499999999999,6965.485626220703,4700,1,0.3062499999999999,7148.378463745117,3007,3007,3007,3007,3007,3007,3007,3007,3007,3007,3007,3007,4690,4691,3007,3007,3007,4690,3007,3007,3007,3007,3007,4690,89.47368621826172,4.761904716491699,0,0,21.052631378173828,15.789472579956055,39.130435943603516,10,12.5,47.05882263183594,0,0,30.000001907348633,0,0,0,0,15.000000953674316,21.052631378173828,100,0,0,0,0,66481098752,12884893696,1637584896,0
99,1780596546028,56972.098205566406,4700,1,0.30000000000000004,6932.20556640625,4700,1,0.30000000000000004,6794.709976196289,4700,1,0.30000000000000004,11901.697647094727,4700,1,0.30000000000000004,45367.050537109375,4700,1,0.30000000000000004,37534.3440246582,4700,1,0.30000000000000004,46739.40353393555,4700,1,0.30000000000000004,29076.530059814453,4700,1,0.30000000000000004,7269.098922729492,4700,1,0.30000000000000004,7158.179244995117,4700,1,0.30000000000000004,6749.143203735352,4700,1,0.30000000000000004,6965.488708496094,4700,1,0.30000000000000004,7154.133895874023,3007,3007,3007,3007,3007,3007,3007,3007,3007,3007,3007,3007,4690,4691,3007,3007,3007,4690,3007,3007,3007,3007,3007,4690,89.47368621826172,4.761904716491699,0,0,21.052631378173828,15.789472579956055,39.130435943603516,10,12.5,47.05882263183594,0,0,30.000001907348633,0,0,0,0,15.000000953674316,21.052631378173828,100,0,0,0,0,66481098752,12884893696,1631842304,0
99,1780596546128,56972.69889831543,4700,1,0.3062499999999999,6932.2086181640625,4700,1,0.3062499999999999,6794.71305847168,4700,1,0.3062499999999999,11901.928344726563,4700,1,0.3062499999999999,45367.49978637695,4700,1,0.3062499999999999,37534.79293823242,4700,1,0.3062499999999999,46739.78282165527,4700,1,0.3062499999999999,29077.22576904297,4700,1,0.3062499999999999,7269.102005004883,4700,1,0.3062499999999999,7158.182327270508,4700,1,0.3062499999999999,6749.146286010742,4700,1,0.3062499999999999,6965.491760253906,4700,1,0.3062499999999999,7159.906188964844,3007,3007,3007,3007,3007,3007,3007,3007,3007,3007,3007,3007,4690,4691,3007,3007,3007,4690,3007,3007,3007,3007,3007,4690,83.33332824707031,0,0,0,21.052631378173828,20,10.526315689086914,21.052631378173828,25,47.36842346191406,0,0,42.85714340209961,0,0,0,0,25,19.047618865966797,100,0,0,0,0,66481098752,12884893696,1636433920,0
99,1780596546228,56973.29286193848,4700,1,0.3062499999999999,6932.211730957031,4700,1,0.3062499999999999,6794.716217041016,4700,1,0.3062499999999999,11902.198104858398,4700,1,0.3062499999999999,45367.88459777832,4700,1,0.3062499999999999,37535.27201843262,4700,1,0.3062499999999999,46740.26887512207,4700,1,0.3062499999999999,29077.885284423828,4700,1,0.3062499999999999,7269.105270385742,4700,1,0.3062499999999999,7158.185409545898,4700,1,0.3062499999999999,6749.149429321289,4700,1,0.3062499999999999,6965.494964599609,4700,1,0.3062499999999999,7165.674362182617,3007,3007,3007,3007,3007,3007,3007,3007,3007,3007,3007,3007,4690,4691,3007,3007,3007,4690,3007,3007,3007,3007,3007,4690,83.33332824707031,0,0,0,21.052631378173828,20,10.526315689086914,21.052631378173828,25,47.36842346191406,0,0,42.85714340209961,0,0,0,0,25,19.047618865966797,100,0,0,0,0,66481098752,12884893696,1637130240,0
99,1780596546328,56973.86332702637,4700,1,0.3062499999999999,6932.214828491211,4700,1,0.3062499999999999,6794.719299316406,4700,1,0.3062499999999999,11902.415771484375,4700,1,0.3062499999999999,45368.20471191406,4700,1,0.3062499999999999,37535.73466491699,4700,1,0.3062499999999999,46740.74786376953,4700,1,0.3062499999999999,29078.570999145508,4700,1,0.3062499999999999,7269.108932495117,4700,1,0.3062499999999999,7158.188491821289,4700,1,0.3062499999999999,6749.15251159668,4700,1,0.3062499999999999,6965.498138427734,4700,1,0.3062499999999999,7171.414840698242,3007,3007,3007,3007,3007,3007,3007,3007,3007,3007,3007,3007,4690,4691,3007,3007,3007,4690,3007,3007,3007,3007,3007,4690,88.23529815673828,9.523809432983398,0,0,20,5.263157844543457,0,31.57894515991211,26.3157901763916,31.25,0,0,31.57894515991211,0,0,0,0,17.647058486938477,25,100,0,0,0,0,66481098752,12884893696,1628921856,0
99,1780596546428,56974.438735961914,4700,1,0.3062499999999999,6932.21794128418,4700,1,0.3062499999999999,6794.722442626953,4700,1,0.3062499999999999,11902.604309082031,4700,1,0.3062499999999999,45368.59489440918,4700,1,0.3062499999999999,37536.16645812988,4700,1,0.3062499999999999,46741.1999206543,4700,1,0.3062499999999999,29079.266510009766,4700,1,0.3062499999999999,7269.112075805664,4700,1,0.3062499999999999,7158.19157409668,4700,1,0.3062499999999999,6749.155731201172,4700,1,0.3062499999999999,6965.501220703125,4700,1,0.3062499999999999,7177.0997314453125,3007,3007,3007,3007,3007,3007,3007,3007,3007,3007,3007,3007,4690,4691,3007,3007,3007,4690,3007,3007,3007,3007,3007,4690,88.23529815673828,9.523809432983398,0,0,20,5.263157844543457,0,31.57894515991211,26.3157901763916,31.25,0,0,31.57894515991211,0,0,0,0,17.647058486938477,25,100,0,0,0,0,66481098752,12884893696,1624809472,0
99,1780596546528,56975.03207397461,4700,1,0.3062499999999999,6932.221054077148,4700,1,0.3062499999999999,6794.725555419922,4700,1,0.3062499999999999,11902.912506103516,4700,1,0.3062499999999999,45368.98107910156,4700,1,0.3062499999999999,37536.51426696777,4700,1,0.3062499999999999,46741.64712524414,4700,1,0.3062499999999999,29079.94512939453,4700,1,0.3062499999999999,7269.115646362305,4700,1,0.3062499999999999,7158.194778442383,4700,1,0.3062499999999999,6749.158874511719,4700,1,0.3062499999999999,6965.504348754883,4700,1,0.3062499999999999,7182.869201660156,3007,3007,3007,3007,3007,3007,3007,3007,3007,3007,3007,3007,4690,4691,3007,3007,3007,4690,3007,3007,3007,3007,3007,4690,84.21052551269531,5,0,0,25,15.000000953674316,10.526315689086914,35,22.22222328186035,47.36842346191406,0,0,34.78260803222656,0,0,0,0,14.285715103149414,22.22222328186035,100,0,0,0,0,66481098752,12884893696,1631617024,0
99,1780596546628,56975.621170043945,4700,1,0.30000000000000004,6932.224197387695,4700,1,0.30000000000000004,6794.72868347168,4700,1,0.3062499999999999,11903.227493286133,4700,1,0.30000000000000004,45369.40937805176,4700,1,0.30000000000000004,37536.871658325195,4700,1,0.30000000000000004,46742.020751953125,4700,1,0.30000000000000004,29080.64239501953,4700,1,0.30000000000000004,7269.118881225586,4700,1,0.30000000000000004,7158.19792175293,4700,1,0.30000000000000004,6749.161956787109,4700,1,0.30000000000000004,6965.507568359375,4700,1,0.30000000000000004,7188.603927612305,3007,3007,3007,3007,3007,3007,3007,3007,3007,3007,3007,3007,4690,4691,3007,3007,3007,4690,3007,3007,3007,3007,3007,4690,84.21052551269531,5,0,0,25,15.000000953674316,10.526315689086914,35,22.22222328186035,47.36842346191406,0,0,34.78260803222656,0,0,0,0,14.285715103149414,22.22222328186035,100,0,0,0,0,66481098752,12884893696,1628360704,0
99,1780596546728,56976.21885681152,4700,1,0.3062499999999999,6932.227340698242,4700,1,0.3062499999999999,6794.731826782227,4700,1,0.3062499999999999,11903.402725219727,4700,1,0.3062499999999999,45369.85983276367,4700,1,0.3062499999999999,37537.24395751953,4700,1,0.3062499999999999,46742.42427062988,4700,1,0.3062499999999999,29081.330368041992,4700,1,0.3062499999999999,7269.122329711914,4700,1,0.3062499999999999,7158.20100402832,4700,1,0.3062499999999999,6749.165237426758,4700,1,0.3062499999999999,6965.510650634766,4700,1,0.3062499999999999,7194.316390991211,3007,3007,3007,3007,3007,3007,3007,3007,3007,3007,3007,3007,4690,4691,3007,3007,3007,4690,3007,3007,3007,3007,3007,4690,90,10.526315689086914,0,0,28.571430206298828,0,40.90909194946289,5.263157844543457,25,50,0,0,5.882352828979492,0,0,0,0,20,15.789472579956055,100,0,0,0,0,66481098752,12884893696,1625796608,0
99,1780596546828,56976.803649902344,4700,1,0.3062499999999999,6932.230392456055,4700,1,0.3062499999999999,6794.734878540039,4700,1,0.3062499999999999,11903.713394165039,4700,1,0.3062499999999999,45370.21871948242,4700,1,0.3062499999999999,37537.67256164551,4700,1,0.3062499999999999,46742.787689208984,4700,1,0.3062499999999999,29082.025146484375,4700,1,0.3062499999999999,7269.125381469727,4700,1,0.3062499999999999,7158.204086303711,4700,1,0.3062499999999999,6749.16828918457,4700,1,0.3062499999999999,6965.513702392578,4700,1,0.3062499999999999,7199.965393066406,3007,3007,3007,3007,3007,3007,3007,3007,3007,3007,3007,3007,4690,4691,3007,3007,3007,4690,3007,3007,3007,3007,3007,4690,90,10.526315689086914,0,0,28.571430206298828,0,40.90909194946289,5.263157844543457,25,50,0,0,5.882352828979492,0,0,0,0,20,15.789472579956055,100,0,0,0,0,66481098752,12884893696,1626173440,0
99,1780596546929,56977.42510986328,4700,1,0.3062499999999999,6932.233505249023,4700,1,0.3062499999999999,6794.738021850586,4700,1,0.3062499999999999,11903.92268371582,4700,1,0.3062499999999999,45370.683181762695,4700,1,0.3062499999999999,37538.029541015625,4700,1,0.3062499999999999,46743.17027282715,4700,1,0.3062499999999999,29082.6923828125,4700,1,0.3062499999999999,7269.12858581543,4700,1,0.3062499999999999,7158.207168579102,4700,1,0.3062499999999999,6749.171432495117,4700,1,0.3062499999999999,6965.516784667969,4700,1,0.3062499999999999,7205.674270629883,3007,3007,3007,3007,3007,3007,3007,3007,3007,3007,3007,3007,4690,4691,3007,3007,3007,4690,3007,3007,3007,3007,3007,4690,83.33332824707031,13.636363983154297,0,0,12.5,20,27.77777862548828,28.571430206298828,28.571430206298828,47.36842346191406,0,0,19.047618865966797,0,0,0,0,11.111111640930176,10.526315689086914,100,0,0,0,0,66481098752,12884893696,1630355456,0
99,1780596547029,56977.990783691406,4700,1,0.3062499999999999,6932.236587524414,4700,1,0.3062499999999999,6794.741104125977,4700,1,0.3062499999999999,11904.152404785156,4700,1,0.3062499999999999,45371.133850097656,4700,1,0.3062499999999999,37538.46592712402,4700,1,0.3062499999999999,46743.56553649902,4700,1,0.3062499999999999,29083.37956237793,4700,1,0.3062499999999999,7269.131851196289,4700,1,0.3062499999999999,7158.210250854492,4700,1,0.3062499999999999,6749.174514770508,4700,1,0.3062499999999999,6965.519973754883,4700,1,0.3062499999999999,7211.417007446289,3007,3007,3007,3007,3007,3007,3007,3007,3007,3007,3007,3007,4690,4691,3007,3007,3007,4690,3007,3007,3007,3007,3007,4690,83.33332824707031,13.636363983154297,0,0,12.5,20,27.77777862548828,28.571430206298828,28.571430206298828,47.36842346191406,0,0,19.047618865966797,0,0,0,0,11.111111640930176,10.526315689086914,100,0,0,0,0,66481098752,12884893696,1630236672,0
99,1780596547129,56978.58920288086,4700,1,0.3062499999999999,6932.239715576172,4700,1,0.3062499999999999,6794.744186401367,4700,1,0.3062499999999999,11904.417602539063,4700,1,0.3062499999999999,45371.49922180176,4700,1,0.3062499999999999,37538.8748626709,4700,1,0.3062499999999999,46743.95463562012,4700,1,0.3062499999999999,29084.074920654297,4700,1,0.3062499999999999,7269.135116577148,4700,1,0.3062499999999999,7158.213333129883,4700,1,0.3062499999999999,6749.184631347656,4700,1,0.3062499999999999,6965.523056030273,4700,1,0.3062499999999999,7217.16650390625,3007,3007,3007,3007,3007,3007,3007,3007,3007,3007,3007,3007,4690,4691,3007,3007,3007,4690,3007,3007,3007,3007,3007,4690,87.5,10,0,0,27.272727966308594,15.000000953674316,15.789472579956055,31.57894515991211,11.111111640930176,55,0,0,23.52941131591797,0,0,0,0,23.809524536132813,21.052631378173828,100,0,0,0,0,66481098752,12884893696,1628495872,0
99,1780596547229,56979.2151184082,4700,1,0.3062499999999999,6932.2427978515625,4700,1,0.3062499999999999,6794.747329711914,4700,1,0.3062499999999999,11904.770584106445,4700,1,0.3062499999999999,45371.838150024414,4700,1,0.3062499999999999,37539.17626953125,4700,1,0.3062499999999999,46744.398498535156,4700,1,0.3062499999999999,29084.761459350586,4700,1,0.3062499999999999,7269.138488769531,4700,1,0.3062499999999999,7158.216415405273,4700,1,0.3062499999999999,6749.187774658203,4700,1,0.3062499999999999,6965.5262451171875,4700,1,0.3062499999999999,7222.915222167969,3007,3007,3007,3007,3007,3007,3007,3007,3007,3007,3007,3007,4690,4691,3007,3007,3007,4690,3007,3007,3007,3007,3007,4690,87.5,10,0,0,27.272727966308594,15.000000953674316,15.789472579956055,31.57894515991211,11.111111640930176,55,0,0,23.52941131591797,0,0,0,0,23.809524536132813,21.052631378173828,100,0,0,0,0,66481098752,12884893696,1626259456,0
99,1780596547329,56979.82066345215,4700,1,0.30000000000000004,6932.245880126953,4700,1,0.3062499999999999,6794.750411987305,4700,1,0.3062499999999999,11904.974304199219,4700,1,0.30000000000000004,45372.30700683594,4700,1,0.30000000000000004,37539.50369262695,4700,1,0.30000000000000004,46744.84078979492,4700,1,0.30000000000000004,29085.455337524414,4700,1,0.30000000000000004,7269.142059326172,4700,1,0.30000000000000004,7158.219497680664,4700,1,0.30000000000000004,6749.190856933594,4700,1,0.30000000000000004,6965.529434204102,4700,1,0.3062499999999999,7228.6087646484375,3007,3007,3007,3007,3007,3007,3007,3007,3007,3007,3007,3007,4690,4691,3007,3007,3007,4690,3007,3007,3007,3007,3007,4690,89.47368621826172,19.047618865966797,0,0,26.3157901763916,5.263157844543457,17.647058486938477,0,21.052631378173828,50,0,0,19.047618865966797,0,0,0,0,26.3157901763916,22.22222328186035,100,0,0,0,0,66481098752,12884893696,1628684288,0
99,1780596547429,56980.4133605957,4700,1,0.3062499999999999,6932.248962402344,4700,1,0.3062499999999999,6794.753555297852,4700,1,0.3062499999999999,11905.26449584961,4700,1,0.3062499999999999,45372.71891784668,4700,1,0.3062499999999999,37539.89463806152,4700,1,0.3062499999999999,46745.27355957031,4700,1,0.3062499999999999,29086.140899658203,4700,1,0.3062499999999999,7269.145416259766,4700,1,0.3062499999999999,7158.222579956055,4700,1,0.3062499999999999,6749.194046020508,4700,1,0.3062499999999999,6965.532608032227,4700,1,0.3062499999999999,7234.391586303711,3007,3007,3007,3007,3007,3007,3007,3007,3007,3007,3007,3007,4690,4691,3007,3007,3007,4690,3007,3007,3007,3007,3007,4690,89.47368621826172,19.047618865966797,0,0,26.3157901763916,5.263157844543457,17.647058486938477,0,21.052631378173828,50,0,0,19.047618865966797,0,0,0,0,26.3157901763916,22.22222328186035,100,0,0,0,0,66481098752,12884893696,1627840512,0
99,1780596547529,56981.02894592285,4700,1,0.3062499999999999,6932.252044677734,4700,1,0.3062499999999999,6794.759979248047,4700,1,0.3062499999999999,11905.572875976563,4700,1,0.3062499999999999,45373.080657958984,4700,1,0.3062499999999999,37540.33534240723,4700,1,0.3062499999999999,46745.60595703125,4700,1,0.3062499999999999,29086.822952270508,4700,1,0.3062499999999999,7269.148498535156,4700,1,0.3062499999999999,7158.225662231445,4700,1,0.3062499999999999,6749.197128295898,4700,1,0.3062499999999999,6965.535690307617,4700,1,0.3062499999999999,7240.09196472168,3007,3007,3007,3007,3007,3007,3007,3007,3007,3007,3007,3007,4690,4691,3007,3007,3007,4690,3007,3007,3007,3007,3007,4690,83.33332824707031,0,0,0,22.22222328186035,11.764705657958984,14.285715103149414,11.764705657958984,15.000000953674316,44.4444465637207,0,0,30.000001907348633,0,0,0,0,21.052631378173828,23.52941131591797,100,0,0,0,0,66481098752,12884893696,1627705344,0
99,1780596547629,56981.60011291504,4700,1,0.3062499999999999,6932.255096435547,4700,1,0.3062499999999999,6794.763031005859,4700,1,0.3062499999999999,11905.924224853516,4700,1,0.3062499999999999,45373.36796569824,4700,1,0.3062499999999999,37540.71662902832,4700,1,0.3062499999999999,46746.072998046875,4700,1,0.3062499999999999,29087.502151489258,4700,1,0.3062499999999999,7269.15185546875,4700,1,0.3062499999999999,7158.228713989258,4700,1,0.3062499999999999,6749.200241088867,4700,1,0.3062499999999999,6965.53874206543,4700,1,0.3062499999999999,7245.780792236328,3007,3007,3007,3007,3007,3007,3007,3007,3007,3007,3007,3007,4690,4691,3007,3007,3007,4690,3007,3007,3007,3007,3007,4690,83.33332824707031,0,0,0,22.22222328186035,11.764705657958984,14.285715103149414,11.764705657958984,15.000000953674316,44.4444465637207,0,0,30.000001907348633,0,0,0,0,21.052631378173828,23.52941131591797,100,0,0,0,0,66481098752,12884893696,1625042944,0
99,1780596547729,56982.19839477539,4700,1,0.3062499999999999,6932.2581787109375,4700,1,0.3062499999999999,6794.766174316406,4700,1,0.3062499999999999,11906.23876953125,4700,1,0.3062499999999999,45373.68797302246,4700,1,0.3062499999999999,37541.123626708984,4700,1,0.3062499999999999,46746.55812072754,4700,1,0.3062499999999999,29088.194274902344,4700,1,0.3062499999999999,7269.155303955078,4700,1,0.3062499999999999,7158.231796264648,4700,1,0.3062499999999999,6749.203384399414,4700,1,0.3062499999999999,6965.54182434082,4700,1,0.3062499999999999,7251.592987060547,3007,3007,3007,3007,3007,3007,3007,3007,3007,3007,3007,3007,4690,4691,3007,3007,3007,4690,3007,3007,3007,3007,3007,4690,89.47368621826172,21.052631378173828,0,0,15.789472579956055,10,0,26.3157901763916,26.3157901763916,41.17647171020508,0,0,11.764705657958984,0,0,0,0,10.526315689086914,27.77777862548828,100,0,0,0,0,66481098752,12884893696,1629716480,0
99,1780596547829,56982.79235839844,4700,1,0.3062499999999999,6932.261276245117,4700,1,0.3062499999999999,6794.769256591797,4700,1,0.3062499999999999,11906.55532836914,4700,1,0.3062499999999999,45374.08303833008,4700,1,0.3062499999999999,37541.54718017578,4700,1,0.3062499999999999,46746.97375488281,4700,1,0.3062499999999999,29088.889556884766,4700,1,0.3062499999999999,7269.158462524414,4700,1,0.3062499999999999,7158.234878540039,4700,1,0.3062499999999999,6749.206466674805,4700,1,0.3062499999999999,6965.544967651367,4700,1,0.3062499999999999,7257.3592529296875,3007,3007,3007,3007,3007,3007,3007,3007,3007,3007,3007,3007,4690,4691,3007,3007,3007,4690,3007,3007,3007,3007,3007,4690,89.47368621826172,21.052631378173828,0,0,15.789472579956055,10,0,26.3157901763916,26.3157901763916,41.17647171020508,0,0,11.764705657958984,0,0,0,0,10.526315689086914,27.77777862548828,100,0,0,0,0,66481098752,12884893696,1627525120,0
99,1780596547929,56983.36363220215,4700,1,0.3062499999999999,6932.264358520508,4700,1,0.3062499999999999,6794.772399902344,4700,1,0.3062499999999999,11906.765869140625,4700,1,0.3062499999999999,45374.51084899902,4700,1,0.3062499999999999,37542.03594970703,4700,1,0.3062499999999999,46747.40473937988,4700,1,0.3062499999999999,29089.579208374023,4700,1,0.3062499999999999,7269.16162109375,4700,1,0.3062499999999999,7158.237991333008,4700,1,0.3062499999999999,6749.209701538086,4700,1,0.3062499999999999,6965.548049926758,4700,1,0.3062499999999999,7263.102783203125,3007,3007,3007,3007,3007,3007,3007,3007,3007,3007,3007,3007,4690,4691,3007,3007,3007,4690,3007,3007,3007,3007,3007,4690,85,0,0,0,0,5.882352828979492,28.571430206298828,30.000001907348633,31.57894515991211,47.05882263183594,0,0,21.052631378173828,0,0,0,0,22.22222328186035,23.809524536132813,100,0,0,0,0,66481098752,12884893696,1622945792,0
99,1780596548029,56983.952865600586,4700,1,0.30000000000000004,6932.273681640625,4700,1,0.3062499999999999,6794.792816162109,4700,1,0.3062499999999999,11907.049011230469,4700,1,0.30000000000000004,45374.89387512207,4700,1,0.30000000000000004,37542.4489440918,4700,1,0.30000000000000004,46747.8681640625,4700,1,0.30000000000000004,29090.269104003906,4700,1,0.30000000000000004,7269.174392700195,4700,1,0.30000000000000004,7158.248733520508,4700,1,0.30000000000000004,6749.224639892578,4700,1,0.30000000000000004,6965.566452026367,4700,1,0.30000000000000004,7268.990447998047,3007,3007,3007,3007,3007,3007,3007,3007,3007,3007,3007,3007,4690,4691,3007,3007,3007,4690,3007,3007,3007,3007,3007,4690,85,0,0,0,0,5.882352828979492,28.571430206298828,30.000001907348633,31.57894515991211,47.05882263183594,0,0,21.052631378173828,0,0,0,0,22.22222328186035,23.809524536132813,100,0,0,0,0,66481098752,12884893696,1627320320,0
99,1780596548129,56984.52308654785,4700,1,0.3062499999999999,6932.28857421875,4700,1,0.3062499999999999,6794.805221557617,4700,1,0.3062499999999999,11907.408477783203,4700,1,0.3062499999999999,45375.1661529541,4700,1,0.3062499999999999,37542.84014892578,4700,1,0.3062499999999999,46748.257568359375,4700,1,0.3062499999999999,29090.890182495117,4700,1,0.3062499999999999,7269.189163208008,4700,1,0.3062499999999999,7158.276763916016,4700,1,0.3062499999999999,6749.240783691406,4700,1,0.3062499999999999,6965.594757080078,4700,1,0.3062499999999999,7274.581207275391,3007,3007,3007,3007,3007,3007,3007,3007,3007,3007,3007,3007,4690,4691,3007,3007,3007,4690,3007,3007,3007,3007,3007,4690,90,10.526315689086914,0,0,20,15.000000953674316,11.764705657958984,12.5,16.666667938232422,47.36842346191406,0,0,10,0,0,0,0,25,22.22222328186035,94.44444274902344,0,0,0,4.761904716491699,66481098752,12884893696,1633464320,0
99,1780596548229,56985.080627441406,4700,1,0.30000000000000004,6932.292221069336,4700,1,0.30000000000000004,6794.809555053711,4700,1,0.30000000000000004,11907.66845703125,4700,1,0.30000000000000004,45375.58581542969,4700,1,0.30000000000000004,37543.26086425781,4700,1,0.30000000000000004,46748.666244506836,4700,1,0.30000000000000004,29091.574645996094,4700,1,0.30000000000000004,7269.193313598633,4700,1,0.30000000000000004,7158.280517578125,4700,1,0.30000000000000004,6749.251205444336,4700,1,0.30000000000000004,6965.602462768555,4700,1,0.30000000000000004,7280.29362487793,3007,3007,3007,3007,3007,3007,3007,3007,3007,3007,3007,3007,4690,4691,3007,3007,3007,4690,3007,3007,3007,3007,3007,4690,90,10.526315689086914,0,0,20,15.000000953674316,11.764705657958984,12.5,16.666667938232422,47.36842346191406,0,0,10,0,0,0,0,25,22.22222328186035,94.44444274902344,0,0,0,4.761904716491699,66481098752,12884893696,1628499968,0
99,1780596548329,56985.70764160156,4700,1,0.30000000000000004,6932.295272827148,4700,1,0.30000000000000004,6794.812606811523,4700,1,0.30000000000000004,11907.914535522461,4700,1,0.30000000000000004,45375.909606933594,4700,1,0.30000000000000004,37543.75259399414,4700,1,0.30000000000000004,46749.07963562012,4700,1,0.30000000000000004,29092.271484375,4700,1,0.30000000000000004,7269.196685791016,4700,1,0.30000000000000004,7158.283599853516,4700,1,0.30000000000000004,6749.254287719727,4700,1,0.30000000000000004,6965.60676574707,4700,1,0.30000000000000004,7286.03108215332,3007,3007,3007,3007,3007,3007,3007,3007,3007,3007,3007,3007,4690,4691,3007,3007,3007,4690,3007,3007,3007,3007,3007,4690,83.33332824707031,10,0,0,20,5.263157844543457,5.555555820465088,27.77777862548828,21.052631378173828,41.17647171020508,0,0,25,0,0,0,0,16.666667938232422,11.764705657958984,100,0,0,0,0,66481098752,12884893696,1626304512,0
99,1780596548429,56986.339126586914,4700,1,0.3062499999999999,6932.29833984375,4700,1,0.3062499999999999,6794.81575012207,4700,1,0.3062499999999999,11908.060119628906,4700,1,0.3062499999999999,45376.21174621582,4700,1,0.3062499999999999,37544.17710876465,4700,1,0.3062499999999999,46749.52461242676,4700,1,0.3062499999999999,29092.970169067383,4700,1,0.3062499999999999,7269.199859619141,4700,1,0.3062499999999999,7158.286758422852,4700,1,0.3062499999999999,6749.2574462890625,4700,1,0.3062499999999999,6965.609848022461,4700,1,0.3062499999999999,7291.7149658203125,3007,3007,3007,3007,3007,3007,3007,3007,3007,3007,3007,3007,4690,4691,3007,3007,3007,4690,3007,3007,3007,3007,3007,4690,83.33332824707031,10,0,0,20,5.263157844543457,5.555555820465088,27.77777862548828,21.052631378173828,41.17647171020508,0,0,25,0,0,0,0,16.666667938232422,11.764705657958984,100,0,0,0,0,66481098752,12884893696,1621082112,0
99,1780596548529,56986.939208984375,4700,1,0.3062499999999999,6932.301422119141,4700,1,0.3062499999999999,6794.818832397461,4700,1,0.3062499999999999,11908.311111450195,4700,1,0.3062499999999999,45376.504623413086,4700,1,0.3062499999999999,37544.59861755371,4700,1,0.3062499999999999,46749.99708557129,4700,1,0.3062499999999999,29093.65852355957,4700,1,0.3062499999999999,7269.202972412109,4700,1,0.3062499999999999,7158.289840698242,4700,1,0.3062499999999999,6749.260528564453,4700,1,0.3062499999999999,6965.618515014648,4700,1,0.3062499999999999,7297.451400756836,3007,3007,3007,3007,3007,3007,3007,3007,3007,3007,3007,3007,4690,4691,3007,3007,3007,4690,3007,3007,3007,3007,3007,4690,90,10,0,0,17.647058486938477,5,14.285715103149414,25,26.3157901763916,43.75,0,0,15.789472579956055,0,0,0,0,21.052631378173828,26.3157901763916,100,0,0,0,0,66481098752,12884893696,1629675520,0
99,1780596548629,56987.53007507324,4700,1,0.3062499999999999,6932.304504394531,4700,1,0.3062499999999999,6794.821914672852,4700,1,0.3062499999999999,11908.701171875,4700,1,0.3062499999999999,45376.88188171387,4700,1,0.3062499999999999,37544.984603881836,4700,1,0.3062499999999999,46750.33787536621,4700,1,0.3062499999999999,29094.356048583984,4700,1,0.3062499999999999,7269.2060546875,4700,1,0.3062499999999999,7158.292922973633,4700,1,0.3062499999999999,6749.263610839844,4700,1,0.3062499999999999,6965.621597290039,4700,1,0.3062499999999999,7303.167755126953,3007,3007,3007,3007,3007,3007,3007,3007,3007,3007,3007,3007,4690,4691,3007,3007,3007,4690,3007,3007,3007,3007,3007,4690,90,10,0,0,17.647058486938477,5,14.285715103149414,25,26.3157901763916,43.75,0,0,15.789472579956055,0,0,0,0,21.052631378173828,26.3157901763916,100,0,0,0,0,66481098752,12884893696,1628659712,0
99,1780596548729,56988.149963378906,4700,1,0.3062499999999999,6932.307632446289,4700,1,0.3062499999999999,6794.825088500977,4700,1,0.3062499999999999,11909.042922973633,4700,1,0.3062499999999999,45377.28468322754,4700,1,0.3062499999999999,37545.342544555664,4700,1,0.3062499999999999,46750.69883728027,4700,1,0.3062499999999999,29095.03875732422,4700,1,0.3062499999999999,7269.209182739258,4700,1,0.3062499999999999,7158.296081542969,4700,1,0.3062499999999999,6749.266906738281,4700,1,0.3062499999999999,6965.624725341797,4700,1,0.3062499999999999,7308.970077514648,3007,3007,3007,3007,3007,3007,3007,3007,3007,3007,3007,3007,4690,4691,3007,3007,3007,4690,3007,3007,3007,3007,3007,4690,85,35,0,0,25,0,15.000000953674316,26.3157901763916,31.57894515991211,47.36842346191406,0,0,25,0,0,0,0,5.555555820465088,0,100,0,0,0,0,66481098752,12884893696,1627680768,0
99,1780596548830,56988.747329711914,4700,1,0.3062499999999999,6932.31071472168,4700,1,0.3062499999999999,6794.828170776367,4700,1,0.3062499999999999,11909.327880859375,4700,1,0.3062499999999999,45377.6086730957,4700,1,0.3062499999999999,37545.70088195801,4700,1,0.3062499999999999,46751.157943725586,4700,1,0.3062499999999999,29095.732452392578,4700,1,0.3062499999999999,7269.212326049805,4700,1,0.3062499999999999,7158.299163818359,4700,1,0.3062499999999999,6749.269989013672,4700,1,0.3062499999999999,6965.6278076171875,4700,1,0.3062499999999999,7314.728256225586,3007,3007,3007,3007,3007,3007,3007,3007,3007,3007,3007,3007,4690,4691,3007,3007,3007,4690,3007,3007,3007,3007,3007,4690,85,35,0,0,25,0,15.000000953674316,26.3157901763916,31.57894515991211,47.36842346191406,0,0,25,0,0,0,0,5.555555820465088,0,100,0,0,0,0,66481098752,12884893696,1625952256,0
99,1780596548930,56989.37155151367,4700,1,0.3062499999999999,6932.31379699707,4700,1,0.3062499999999999,6794.831344604492,4700,1,0.3062499999999999,11909.65592956543,4700,1,0.3062499999999999,45377.910217285156,4700,1,0.3062499999999999,37546.122146606445,4700,1,0.3062499999999999,46751.611068725586,4700,1,0.3062499999999999,29096.414428710938,4700,1,0.3062499999999999,7269.215377807617,4700,1,0.3062499999999999,7158.302261352539,4700,1,0.3062499999999999,6749.273162841797,4700,1,0.3062499999999999,6965.634902954102,4700,1,0.3062499999999999,7320.501235961914,3007,3007,3007,3007,3007,3007,3007,3007,3007,3007,3007,3007,4690,4691,3007,3007,3007,4690,3007,3007,3007,3007,3007,4690,89.47368621826172,9.523809432983398,0,0,26.3157901763916,20,0,20,31.81818199157715,37.5,0,0,15.000000953674316,0,0,0,0,16.666667938232422,35,100,0,0,0,0,66481098752,12884893696,1624297472,0
99,1780596549030,56990.01774597168,4700,1,0.30000000000000004,6932.316940307617,4700,1,0.30000000000000004,6794.834426879883,4700,1,0.30000000000000004,11909.817169189453,4700,1,0.30000000000000004,45378.29508972168,4700,1,0.30000000000000004,37546.557678222656,4700,1,0.30000000000000004,46752.02626037598,4700,1,0.30000000000000004,29097.112426757813,4700,1,0.30000000000000004,7269.218460083008,4700,1,0.30000000000000004,7158.30534362793,4700,1,0.30000000000000004,6749.276214599609,4700,1,0.30000000000000004,6965.637954711914,4700,1,0.30000000000000004,7326.1845703125,3007,3007,3007,3007,3007,3007,3007,3007,3007,3007,3007,3007,4690,4691,3007,3007,3007,4690,3007,3007,3007,3007,3007,4690,89.47368621826172,9.523809432983398,0,0,26.3157901763916,20,0,20,31.81818199157715,37.5,0,0,15.000000953674316,0,0,0,0,16.666667938232422,35,100,0,0,0,0,66481098752,12884893696,1628729344,0
99,1780596549130,56990.664779663086,4700,1,0.3062499999999999,6932.320022583008,4700,1,0.3062499999999999,6794.837539672852,4700,1,0.3062499999999999,11910.039733886719,4700,1,0.3062499999999999,45378.68243408203,4700,1,0.3062499999999999,37546.94348144531,4700,1,0.3062499999999999,46752.41424560547,4700,1,0.3062499999999999,29097.80305480957,4700,1,0.3062499999999999,7269.221542358398,4700,1,0.3062499999999999,7158.30842590332,4700,1,0.3062499999999999,6749.279296875,4700,1,0.3062499999999999,6965.641036987305,4700,1,0.3062499999999999,7331.812515258789,3007,3007,3007,3007,3007,3007,3007,3007,3007,3007,3007,3007,4690,4691,3007,3007,3007,4690,3007,3007,3007,3007,3007,4690,88.8888931274414,0,0,0,33.333335876464844,5.263157844543457,15.789472579956055,21.052631378173828,18.75,43.75,0,0,21.052631378173828,0,0,0,0,15.789472579956055,10.526315689086914,100,0,0,0,0,66481098752,12884893696,1625935872,0
99,1780596549230,56991.28726196289,4700,1,0.3062499999999999,6932.323104858398,4700,1,0.3062499999999999,6794.8406982421875,4700,1,0.3062499999999999,11910.359237670898,4700,1,0.3062499999999999,45379.07157897949,4700,1,0.3062499999999999,37547.30026245117,4700,1,0.3062499999999999,46752.79440307617,4700,1,0.3062499999999999,29098.49449157715,4700,1,0.3062499999999999,7269.22477722168,4700,1,0.3062499999999999,7158.311553955078,4700,1,0.3062499999999999,6749.282440185547,4700,1,0.3062499999999999,6965.65104675293,4700,1,0.3062499999999999,7337.505813598633,3007,3007,3007,3007,3007,3007,3007,3007,3007,3007,3007,3007,4690,4691,3007,3007,3007,4690,3007,3007,3007,3007,3007,4690,88.8888931274414,0,0,0,33.333335876464844,5.263157844543457,15.789472579956055,21.052631378173828,18.75,43.75,0,0,21.052631378173828,0,0,0,0,15.789472579956055,10.526315689086914,100,0,0,0,0,66481098752,12884893696,1633054720,0
99,1780596549330,56991.923110961914,4700,1,0.3062499999999999,6932.326187133789,4700,1,0.3062499999999999,6794.843780517578,4700,1,0.3062499999999999,11910.526870727539,4700,1,0.3062499999999999,45379.52883911133,4700,1,0.3062499999999999,37547.74838256836,4700,1,0.3062499999999999,46753.11714172363,4700,1,0.3062499999999999,29099.182739257813,4700,1,0.3062499999999999,7269.227951049805,4700,1,0.3062499999999999,7158.314636230469,4700,1,0.3062499999999999,6749.2855224609375,4700,1,0.3062499999999999,6965.656387329102,4700,1,0.3062499999999999,7343.183639526367,3007,3007,3007,3007,3007,3007,3007,3007,3007,3007,3007,3007,4690,4691,3007,3007,3007,4690,3007,3007,3007,3007,3007,4690,88.8888931274414,10.526315689086914,0,0,30.000001907348633,0,25,30.000001907348633,11.111111640930176,47.36842346191406,0,0,28.571430206298828,0,0,0,0,15.000000953674316,15.789472579956055,100,0,0,0,0,66481098752,12884893696,1626566656,0
99,1780596549430,56992.53274536133,4700,1,0.30000000000000004,6932.329299926758,4700,1,0.3062499999999999,6794.846939086914,4700,1,0.3062499999999999,11910.909164428711,4700,1,0.30000000000000004,45379.93273925781,4700,1,0.30000000000000004,37548.16305541992,4700,1,0.3062499999999999,46753.56408691406,4700,1,0.3062499999999999,29099.836059570313,4700,1,0.3062499999999999,7269.23127746582,4700,1,0.3062499999999999,7158.317764282227,4700,1,0.3062499999999999,6749.288665771484,4700,1,0.3062499999999999,6965.659515380859,4700,1,0.3062499999999999,7349.085510253906,3007,3007,3007,3007,3007,3007,3007,3007,3007,3007,3007,3007,4690,4691,3007,3007,3007,4690,3007,3007,3007,3007,3007,4690,88.8888931274414,10.526315689086914,0,0,30.000001907348633,0,25,30.000001907348633,11.111111640930176,47.36842346191406,0,0,28.571430206298828,0,0,0,0,15.000000953674316,15.789472579956055,100,0,0,0,0,66481098752,12884893696,1625071616,0
99,1780596549530,56993.171142578125,4700,1,0.30000000000000004,6932.332382202148,4700,1,0.3062499999999999,6794.850021362305,4700,1,0.3062499999999999,11911.243362426758,4700,1,0.30000000000000004,45380.29116821289,4700,1,0.30000000000000004,37548.58351135254,4700,1,0.3062499999999999,46753.949966430664,4700,1,0.3062499999999999,29100.518127441406,4700,1,0.3062499999999999,7269.234420776367,4700,1,0.3062499999999999,7158.320846557617,4700,1,0.3062499999999999,6749.291748046875,4700,1,0.3062499999999999,6965.66259765625,4700,1,0.3062499999999999,7354.851287841797,3007,3007,3007,3007,3007,3007,3007,3007,3007,3007,3007,3007,4690,4691,3007,3007,3007,4690,3007,3007,3007,3007,3007,4690,88.8888931274414,5.555555820465088,0,0,31.57894515991211,15.789472579956055,22.22222328186035,20,21.052631378173828,40,0,0,10.526315689086914,0,0,0,0,26.3157901763916,16.666667938232422,100,0,0,0,0,66481098752,12884893696,1625788416,0
99,1780596549630,56993.760681152344,4700,1,0.3062499999999999,6932.335464477539,4700,1,0.3062499999999999,6794.853103637695,4700,1,0.3062499999999999,11911.552154541016,4700,1,0.3062499999999999,45380.72673034668,4700,1,0.3062499999999999,37548.912353515625,4700,1,0.3062499999999999,46754.37812805176,4700,1,0.3062499999999999,29101.203063964844,4700,1,0.3062499999999999,7269.237594604492,4700,1,0.3062499999999999,7158.323928833008,4700,1,0.3062499999999999,6749.29524230957,4700,1,0.3062499999999999,6965.665679931641,4700,1,0.3062499999999999,7360.628601074219,3007,3007,3007,3007,3007,3007,3007,3007,3007,3007,3007,3007,4690,4691,3007,3007,3007,4690,3007,3007,3007,3007,3007,4690,88.8888931274414,5.555555820465088,0,0,31.57894515991211,15.789472579956055,22.22222328186035,20,21.052631378173828,40,0,0,10.526315689086914,0,0,0,0,26.3157901763916,16.666667938232422,100,0,0,0,0,66481098752,12884893696,1629364224,0
99,1780596549730,56994.35330200195,4700,1,0.3062499999999999,6932.338607788086,4700,1,0.3062499999999999,6794.856246948242,4700,1,0.3062499999999999,11911.832321166992,4700,1,0.3062499999999999,45381.17741394043,4700,1,0.3062499999999999,37549.34762573242,4700,1,0.3062499999999999,46754.76432800293,4700,1,0.3062499999999999,29101.899368286133,4700,1,0.3062499999999999,7269.240768432617,4700,1,0.3062499999999999,7158.327072143555,4700,1,0.3062499999999999,6749.298431396484,4700,1,0.3062499999999999,6965.668899536133,4700,1,0.3062499999999999,7366.404800415039,3007,3007,3007,3007,3007,3007,3007,3007,3007,3007,3007,3007,4690,4691,3007,3007,3007,4690,3007,3007,3007,3007,3007,4690,83.33332824707031,5,0,0,23.809524536132813,10,26.3157901763916,10.526315689086914,31.57894515991211,50,0,0,22.22222328186035,0,0,0,0,22.22222328186035,5.555555820465088,100,0,0,0,0,66481098752,12884893696,1628651520,0
99,1780596549830,56994.96879577637,4700,1,0.3062499999999999,6932.341659545898,4700,1,0.3062499999999999,6794.859298706055,4700,1,0.3062499999999999,11912.074127197266,4700,1,0.3062499999999999,45381.6867980957,4700,1,0.3062499999999999,37549.83769226074,4700,1,0.3062499999999999,46755.21742248535,4700,1,0.3062499999999999,29102.477294921875,4700,1,0.3062499999999999,7269.243957519531,4700,1,0.3062499999999999,7158.330154418945,4700,1,0.3062499999999999,6749.301513671875,4700,1,0.3062499999999999,6965.671981811523,4700,1,0.3062499999999999,7372.279037475586,3007,3007,3007,3007,3007,3007,3007,3007,3007,3007,3007,3007,4690,4691,3007,3007,3007,4690,3007,3007,3007,3007,3007,4690,83.33332824707031,5,0,0,23.809524536132813,10,26.3157901763916,10.526315689086914,31.57894515991211,50,0,0,22.22222328186035,0,0,0,0,22.22222328186035,5.555555820465088,100,0,0,0,0,66481098752,12884893696,1627639808,0
99,1780596549930,56995.60171508789,4700,1,0.3062499999999999,6932.345077514648,4700,1,0.3062499999999999,6794.862487792969,4700,1,0.3062499999999999,11912.385559082031,4700,1,0.3062499999999999,45382.122161865234,4700,1,0.3062499999999999,37550.31587219238,4700,1,0.3062499999999999,46755.713806152344,4700,1,0.3062499999999999,29103.04231262207,4700,1,0.3062499999999999,7269.247467041016,4700,1,0.3062499999999999,7158.333282470703,4700,1,0.3062499999999999,6749.304656982422,4700,1,0.3062499999999999,6965.675079345703,4700,1,0.3062499999999999,7378.2269287109375,3007,3007,3007,3007,3007,3007,3007,3007,3007,3007,3007,3007,4690,4691,3007,3007,3007,4690,3007,3007,3007,3007,3007,4690,94.73684692382813,0,0,0,26.3157901763916,20,30.000001907348633,22.22222328186035,35,0,0,0,33.333335876464844,0,0,0,0,33.333335876464844,27.77777862548828,100,0,0,0,0,66481098752,12884893696,1633001472,0
99,1780596550030,56996.17337036133,4700,1,0.3062499999999999,6932.348159790039,4700,1,0.3062499999999999,6794.865570068359,4700,1,0.3062499999999999,11912.722427368164,4700,1,0.3062499999999999,45382.43395996094,4700,1,0.3062499999999999,37550.76786804199,4700,1,0.3062499999999999,46756.17498779297,4700,1,0.3062499999999999,29103.734283447266,4700,1,0.3062499999999999,7269.250778198242,4700,1,0.3062499999999999,7158.336364746094,4700,1,0.3062499999999999,6749.3077392578125,4700,1,0.3062499999999999,6965.678161621094,4700,1,0.3062499999999999,7383.985931396484,3007,3007,3007,3007,3007,3007,3007,3007,3007,3007,3007,3007,4690,4691,3007,3007,3007,4690,3007,3007,3007,3007,3007,4690,94.73684692382813,0,0,0,26.3157901763916,20,30.000001907348633,22.22222328186035,35,0,0,0,33.333335876464844,0,0,0,0,33.333335876464844,27.77777862548828,100,0,0,0,0,66481098752,12884893696,1626918912,0
99,1780596550130,56996.76446533203,4700,1,0.3062499999999999,6932.35124206543,4700,1,0.3062499999999999,6794.86865234375,4700,1,0.3062499999999999,11913.049285888672,4700,1,0.3062499999999999,45382.68728637695,4700,1,0.3062499999999999,37551.175201416016,4700,1,0.3062499999999999,46756.6561126709,4700,1,0.3062499999999999,29104.415466308594,4700,1,0.3062499999999999,7269.253860473633,4700,1,0.3062499999999999,7158.339447021484,4700,1,0.3062499999999999,6749.310821533203,4700,1,0.3062499999999999,6965.681304931641,4700,1,0.3062499999999999,7389.6923828125,3007,3007,3007,3007,3007,3007,3007,3007,3007,3007,3007,3007,4690,4691,3007,3007,3007,4690,3007,3007,3007,3007,3007,4690,83.33332824707031,10.526315689086914,0,0,19.047618865966797,15.789472579956055,10,31.57894515991211,17.647058486938477,47.36842346191406,0,0,11.111111640930176,0,0,0,0,11.111111640930176,26.3157901763916,100,0,0,0,0,66481098752,12884893696,1623457792,0
99,1780596550230,56997.37780761719,4700,1,0.30000000000000004,6932.35432434082,4700,1,0.30000000000000004,6794.871795654297,4700,1,0.3062499999999999,11913.347106933594,4700,1,0.30000000000000004,45383.131591796875,4700,1,0.30000000000000004,37551.44351196289,4700,1,0.30000000000000004,46757.10006713867,4700,1,0.30000000000000004,29105.11553955078,4700,1,0.30000000000000004,7269.256942749023,4700,1,0.30000000000000004,7158.342575073242,4700,1,0.30000000000000004,6749.31396484375,4700,1,0.30000000000000004,6965.684463500977,4700,1,0.30000000000000004,7395.421356201172,3007,3007,3007,3007,3007,3007,3007,3007,3007,3007,3007,3007,4690,4691,3007,3007,3007,4690,3007,3007,3007,3007,3007,4690,83.33332824707031,10.526315689086914,0,0,19.047618865966797,15.789472579956055,10,31.57894515991211,17.647058486938477,47.36842346191406,0,0,11.111111640930176,0,0,0,0,11.111111640930176,26.3157901763916,100,0,0,0,0,66481098752,12884893696,1623220224,0
99,1780596550330,56997.969635009766,4700,1,0.3062499999999999,6932.357406616211,4700,1,0.3062499999999999,6794.8748779296875,4700,1,0.3062499999999999,11913.622695922852,4700,1,0.3062499999999999,45383.509368896484,4700,1,0.3062499999999999,37551.863052368164,4700,1,0.3062499999999999,46757.570220947266,4700,1,0.3062499999999999,29105.794235229492,4700,1,0.3062499999999999,7269.260177612305,4700,1,0.3062499999999999,7158.345657348633,4700,1,0.3062499999999999,6749.317047119141,4700,1,0.3062499999999999,6965.687606811523,4700,1,0.3062499999999999,7401.154006958008,3007,3007,3007,3007,3007,3007,3007,3007,3007,3007,3007,3007,4690,4691,3007,3007,3007,4690,3007,3007,3007,3007,3007,4690,87.5,0,0,0,16.666667938232422,15.789472579956055,15.789472579956055,15.000000953674316,22.22222328186035,47.36842346191406,0,0,27.77777862548828,0,0,0,0,10.526315689086914,27.77777862548828,100,0,0,0,0,66481098752,12884893696,1627840512,0
99,1780596550430,56998.625549316406,4700,1,0.30000000000000004,6932.360458374023,4700,1,0.30000000000000004,6794.878067016602,4700,1,0.30000000000000004,11913.65852355957,4700,1,0.30000000000000004,45383.95198059082,4700,1,0.30000000000000004,37552.18489074707,4700,1,0.30000000000000004,46758.06929016113,4700,1,0.30000000000000004,29106.469772338867,4700,1,0.30000000000000004,7269.263229370117,4700,1,0.30000000000000004,7158.3487548828125,4700,1,0.30000000000000004,6749.320159912109,4700,1,0.30000000000000004,6965.690658569336,4700,1,0.30000000000000004,7406.844482421875,3007,3007,3007,3007,3007,3007,3007,3007,3007,3007,3007,3007,4690,4691,3007,3007,3007,4690,3007,3007,3007,3007,3007,4690,87.5,0,0,0,16.666667938232422,15.789472579956055,15.789472579956055,15.000000953674316,22.22222328186035,47.36842346191406,0,0,27.77777862548828,0,0,0,0,10.526315689086914,27.77777862548828,100,0,0,0,0,66481098752,12884893696,1627492352,0
99,1780596550531,56999.24287414551,4700,1,0.3062499999999999,6932.36360168457,4700,1,0.3062499999999999,6794.881149291992,4700,1,0.3062499999999999,11913.995803833008,4700,1,0.3062499999999999,45384.29136657715,4700,1,0.3062499999999999,37552.509033203125,4700,1,0.3062499999999999,46758.50440979004,4700,1,0.3062499999999999,29107.161529541016,4700,1,0.3062499999999999,7269.266693115234,4700,1,0.3062499999999999,7158.3519287109375,4700,1,0.3062499999999999,6749.323333740234,4700,1,0.3062499999999999,6965.693862915039,4700,1,0.3062499999999999,7412.563415527344,3007,3007,3007,3007,3007,3007,3007,3007,3007,3007,3007,3007,4690,4691,3007,3007,3007,4690,3007,3007,3007,3007,3007,4690,88.8888931274414,13.636363983154297,0,0,31.57894515991211,5.263157844543457,22.22222328186035,0,26.3157901763916,47.36842346191406,0,0,10.526315689086914,0,0,0,0,26.3157901763916,23.52941131591797,100,0,0,0,0,66481098752,12884893696,1627074560,0
99,1780596550631,56999.868072509766,4700,1,0.3062499999999999,6932.366744995117,4700,1,0.3062499999999999,6794.884262084961,4700,1,0.3062499999999999,11914.21450805664,4700,1,0.3062499999999999,45384.76525878906,4700,1,0.3062499999999999,37552.85011291504,4700,1,0.3062499999999999,46758.852279663086,4700,1,0.3062499999999999,29107.862380981445,4700,1,0.3062499999999999,7269.269775390625,4700,1,0.3062499999999999,7158.355010986328,4700,1,0.3062499999999999,6749.326416015625,4700,1,0.3062499999999999,6965.696990966797,4700,1,0.3062499999999999,7418.261260986328,3007,3007,3007,3007,3007,3007,3007,3007,3007,3007,3007,3007,4690,4691,3007,3007,3007,4690,3007,3007,3007,3007,3007,4690,88.8888931274414,13.636363983154297,0,0,31.57894515991211,5.263157844543457,22.22222328186035,0,26.3157901763916,47.36842346191406,0,0,10.526315689086914,0,0,0,0,26.3157901763916,23.52941131591797,100,0,0,0,0,66481098752,12884893696,1623187456,0
99,1780596550731,57000.50274658203,4700,1,0.3062499999999999,6932.369857788086,4700,1,0.3062499999999999,6794.887405395508,4700,1,0.3062499999999999,11914.561050415039,4700,1,0.3062499999999999,45385.253005981445,4700,1,0.3062499999999999,37553.160552978516,4700,1,0.3062499999999999,46759.12405395508,4700,1,0.3062499999999999,29108.553436279297,4700,1,0.3062499999999999,7269.272933959961,4700,1,0.3062499999999999,7158.358169555664,4700,1,0.3062499999999999,6749.329650878906,4700,1,0.3062499999999999,6965.700103759766,4700,1,0.3062499999999999,7423.923034667969,3007,3007,3007,3007,3007,3007,3007,3007,3007,3007,3007,3007,4690,4691,3007,3007,3007,4690,3007,3007,3007,3007,3007,4690,84.21052551269531,5.555555820465088,0,0,31.57894515991211,10.526315689086914,38.095237731933594,0,11.111111640930176,55,0,0,22.22222328186035,0,0,0,0,17.647058486938477,9.523809432983398,100,0,0,0,0,66481098752,12884893696,1632210944,0
99,1780596550831,57001.1325378418,4700,1,0.3062499999999999,6932.372940063477,4700,1,0.3062499999999999,6794.890487670898,4700,1,0.3062499999999999,11914.768096923828,4700,1,0.3062499999999999,45385.69676208496,4700,1,0.3062499999999999,37553.47741699219,4700,1,0.3062499999999999,46759.54574584961,4700,1,0.3062499999999999,29109.23908996582,4700,1,0.3062499999999999,7269.276016235352,4700,1,0.3062499999999999,7158.361251831055,4700,1,0.3062499999999999,6749.332733154297,4700,1,0.3062499999999999,6965.703186035156,4700,1,0.3062499999999999,7429.656692504883,3007,3007,3007,3007,3007,3007,3007,3007,3007,3007,3007,3007,4690,4691,3007,3007,3007,4690,3007,3007,3007,3007,3007,4690,84.21052551269531,5.555555820465088,0,0,31.57894515991211,10.526315689086914,38.095237731933594,0,11.111111640930176,55,0,0,22.22222328186035,0,0,0,0,17.647058486938477,9.523809432983398,100,0,0,0,0,66481098752,12884893696,1627172864,0
99,1780596550931,57001.70246887207,4700,1,0.30000000000000004,6932.376022338867,4700,1,0.3062499999999999,6794.893630981445,4700,1,0.3062499999999999,11915.174896240234,4700,1,0.30000000000000004,45386.148025512695,4700,1,0.30000000000000004,37553.852310180664,4700,1,0.30000000000000004,46759.90010070801,4700,1,0.30000000000000004,29109.923400878906,4700,1,0.30000000000000004,7269.279220581055,4700,1,0.3062499999999999,7158.364364624023,4700,1,0.3062499999999999,6749.335876464844,4700,1,0.3062499999999999,6965.706329345703,4700,1,0.3062499999999999,7435.418548583984,3007,3007,3007,3007,3007,3007,3007,3007,3007,3007,3007,3007,4690,4691,3007,3007,3007,4690,3007,3007,3007,3007,3007,4690,87.5,19.047618865966797,0,0,16.666667938232422,5.263157844543457,30.000001907348633,26.3157901763916,36.842105865478516,41.17647171020508,0,0,30.000001907348633,0,0,0,0,0,10,100,0,0,0,0,66481098752,12884893696,1628073984,0
99,1780596551031,57002.31091308594,4700,1,0.3062499999999999,6932.379104614258,4700,1,0.3062499999999999,6794.896713256836,4700,1,0.3062499999999999,11915.573944091797,4700,1,0.3062499999999999,45386.59146118164,4700,1,0.3062499999999999,37554.20167541504,4700,1,0.3062499999999999,46760.268783569336,4700,1,0.3062499999999999,29110.606567382813,4700,1,0.3062499999999999,7269.282302856445,4700,1,0.3062499999999999,7158.367446899414,4700,1,0.3062499999999999,6749.338958740234,4700,1,0.3062499999999999,6965.709411621094,4700,1,0.3062499999999999,7441.197052001953,3007,3007,3007,3007,3007,3007,3007,3007,3007,3007,3007,3007,4690,4691,3007,3007,3007,4690,3007,3007,3007,3007,3007,4690,87.5,19.047618865966797,0,0,16.666667938232422,5.263157844543457,30.000001907348633,26.3157901763916,36.842105865478516,41.17647171020508,0,0,30.000001907348633,0,0,0,0,0,10,100,0,0,0,0,66481098752,12884893696,1628041216,0
99,1780596551131,57002.92753601074,4700,1,0.3062499999999999,6932.382186889648,4700,1,0.3062499999999999,6794.899795532227,4700,1,0.3062499999999999,11915.816497802734,4700,1,0.3062499999999999,45387.04016113281,4700,1,0.3062499999999999,37554.54446411133,4700,1,0.3062499999999999,46760.657318115234,4700,1,0.3062499999999999,29111.283737182617,4700,1,0.3062499999999999,7269.285354614258,4700,1,0.3062499999999999,7158.370498657227,4700,1,0.3062499999999999,6749.342041015625,4700,1,0.3062499999999999,6965.712493896484,4700,1,0.3062499999999999,7446.940017700195,3007,3007,3007,3007,3007,3007,3007,3007,3007,3007,3007,3007,4690,4691,3007,3007,3007,4690,3007,3007,3007,3007,3007,4690,89.47368621826172,16.666667938232422,0,0,26.3157901763916,0,28.571430206298828,23.52941131591797,31.57894515991211,50,0,0,27.77777862548828,0,0,0,0,0,0,100,0,0,0,0,66481098752,12884893696,1629675520,0
99,1780596551231,57003.55076599121,4700,1,0.30000000000000004,6932.385238647461,4700,1,0.30000000000000004,6794.902908325195,4700,1,0.30000000000000004,11916.164077758789,4700,1,0.30000000000000004,45387.46250915527,4700,1,0.30000000000000004,37554.914794921875,4700,1,0.30000000000000004,46761.027893066406,4700,1,0.30000000000000004,29111.9698638916,4700,1,0.30000000000000004,7269.288436889648,4700,1,0.30000000000000004,7158.373580932617,4700,1,0.30000000000000004,6749.345153808594,4700,1,0.30000000000000004,6965.715606689453,4700,1,0.30000000000000004,7452.662261962891,3007,3007,3007,3007,3007,3007,3007,3007,3007,3007,3007,3007,4690,4691,3007,3007,3007,4690,3007,3007,3007,3007,3007,4690,89.47368621826172,16.666667938232422,0,0,26.3157901763916,0,28.571430206298828,23.52941131591797,31.57894515991211,50,0,0,27.77777862548828,0,0,0,0,0,0,100,0,0,0,0,66481098752,12884893696,1629425664,0
99,1780596551331,57004.13916015625,4700,1,0.3062499999999999,6932.388320922852,4700,1,0.3062499999999999,6794.905990600586,4700,1,0.3062499999999999,11916.494979858398,4700,1,0.3062499999999999,45387.8039855957,4700,1,0.3062499999999999,37555.27584838867,4700,1,0.3062499999999999,46761.47267150879,4700,1,0.3062499999999999,29112.6619720459,4700,1,0.3062499999999999,7269.291519165039,4700,1,0.3062499999999999,7158.376663208008,4700,1,0.3062499999999999,6749.348236083984,4700,1,0.3062499999999999,6965.71875,4700,1,0.3062499999999999,7458.362350463867,3007,3007,3007,3007,3007,3007,3007,3007,3007,3007,3007,3007,4690,4691,3007,3007,3007,4690,3007,3007,3007,3007,3007,4690,82.35294342041016,15.789472579956055,0,0,25,10.526315689086914,14.285715103149414,15.000000953674316,33.333335876464844,41.17647171020508,0,0,23.52941131591797,0,0,0,0,21.052631378173828,20,100,0,0,0,0,66481098752,12884893696,1626910720,0
99,1780596551431,57004.74377441406,4700,1,0.3062499999999999,6932.391403198242,4700,1,0.3062499999999999,6794.909118652344,4700,1,0.3062499999999999,11916.878814697266,4700,1,0.3062499999999999,45388.16563415527,4700,1,0.3062499999999999,37555.60353088379,4700,1,0.3062499999999999,46761.871643066406,4700,1,0.3062499999999999,29113.351974487305,4700,1,0.3062499999999999,7269.29460144043,4700,1,0.3062499999999999,7158.379745483398,4700,1,0.3062499999999999,6749.351379394531,4700,1,0.3062499999999999,6965.72184753418,4700,1,0.3062499999999999,7464.052459716797,3007,3007,3007,3007,3007,3007,3007,3007,3007,3007,3007,3007,4690,4691,3007,3007,3007,4690,3007,3007,3007,3007,3007,4690,82.35294342041016,15.789472579956055,0,0,25,10.526315689086914,14.285715103149414,15.000000953674316,33.333335876464844,41.17647171020508,0,0,23.52941131591797,0,0,0,0,21.052631378173828,20,100,0,0,0,0,66481098752,12884893696,1626660864,0
99,1780596551531,57005.311447143555,4700,1,0.3062499999999999,6932.394485473633,4700,1,0.3062499999999999,6794.912200927734,4700,1,0.3062499999999999,11917.205291748047,4700,1,0.3062499999999999,45388.493225097656,4700,1,0.3062499999999999,37555.97929382324,4700,1,0.3062499999999999,46762.345932006836,4700,1,0.3062499999999999,29114.041229248047,4700,1,0.3062499999999999,7269.297836303711,4700,1,0.3062499999999999,7158.382827758789,4700,1,0.3062499999999999,6749.354461669922,4700,1,0.3062499999999999,6965.72492980957,4700,1,0.3062499999999999,7469.771392822266,3007,3007,3007,3007,3007,3007,3007,3007,3007,3007,3007,3007,4690,4691,3007,3007,3007,4690,3007,3007,3007,3007,3007,4690,84.21052551269531,15.000000953674316,0,0,15.789472579956055,20,0,5,22.22222328186035,40,0,0,31.57894515991211,0,0,0,0,26.3157901763916,25,100,0,0,0,0,66481098752,12884893696,1630490624,0
99,1780596551631,57005.86688232422,4700,1,0.3062499999999999,6932.397567749023,4700,1,0.3062499999999999,6794.915283203125,4700,1,0.3062499999999999,11917.587539672852,4700,1,0.3062499999999999,45388.85111999512,4700,1,0.3062499999999999,37556.38639831543,4700,1,0.3062499999999999,46762.69819641113,4700,1,0.3062499999999999,29114.739517211914,4700,1,0.3062499999999999,7269.300994873047,4700,1,0.3062499999999999,7158.38591003418,4700,1,0.3062499999999999,6749.359512329102,4700,1,0.3062499999999999,6965.728042602539,4700,1,0.3062499999999999,7475.49284362793,3007,3007,3007,3007,3007,3007,3007,3007,3007,3007,3007,3007,4690,4691,3007,3007,3007,4690,3007,3007,3007,3007,3007,4690,84.21052551269531,15.000000953674316,0,0,15.789472579956055,20,0,5,22.22222328186035,40,0,0,31.57894515991211,0,0,0,0,26.3157901763916,25,100,0,0,0,0,66481098752,12884893696,1626767360,0
99,1780596551731,57006.490295410156,4700,1,0.3062499999999999,6932.400650024414,4700,1,0.3062499999999999,6794.918426513672,4700,1,0.3062499999999999,11917.938339233398,4700,1,0.3062499999999999,45389.21578979492,4700,1,0.3062499999999999,37556.81898498535,4700,1,0.3062499999999999,46763.06475830078,4700,1,0.3062499999999999,29115.435302734375,4700,1,0.3062499999999999,7269.304229736328,4700,1,0.3062499999999999,7158.38899230957,4700,1,0.3062499999999999,6749.3697509765625,4700,1,0.3062499999999999,6965.731155395508,4700,1,0.3062499999999999,7481.27214050293,3007,3007,3007,3007,3007,3007,3007,3007,3007,3007,3007,3007,4690,4691,3007,3007,3007,4690,3007,3007,3007,3007,3007,4690,87.5,5.882352828979492,0,0,20,20,0,25,5.263157844543457,52.38095474243164,0,0,31.57894515991211,0,0,0,0,15.789472579956055,21.052631378173828,100,0,0,0,0,66481098752,12884893696,1624838144,0
99,1780596551831,57007.08285522461,4700,1,0.3062499999999999,6932.403732299805,4700,1,0.3062499999999999,6794.9215087890625,4700,1,0.3062499999999999,11918.236724853516,4700,1,0.3062499999999999,45389.575744628906,4700,1,0.3062499999999999,37557.272384643555,4700,1,0.3062499999999999,46763.47668457031,4700,1,0.3062499999999999,29116.121688842773,4700,1,0.3062499999999999,7269.307281494141,4700,1,0.3062499999999999,7158.392044067383,4700,1,0.3062499999999999,6749.372802734375,4700,1,0.3062499999999999,6965.734237670898,4700,1,0.3062499999999999,7487.092422485352,3007,3007,3007,3007,3007,3007,3007,3007,3007,3007,3007,3007,4690,4691,3007,3007,3007,4690,3007,3007,3007,3007,3007,4690,87.5,5.882352828979492,0,0,20,20,0,25,5.263157844543457,52.38095474243164,0,0,31.57894515991211,0,0,0,0,15.789472579956055,21.052631378173828,100,0,0,0,0,66481098752,12884893696,1624780800,0
99,1780596551931,57007.66499328613,4700,1,0.30000000000000004,6932.406784057617,4700,1,0.30000000000000004,6794.924621582031,4700,1,0.30000000000000004,11918.478652954102,4700,1,0.30000000000000004,45389.940170288086,4700,1,0.30000000000000004,37557.75975036621,4700,1,0.30000000000000004,46763.90913391113,4700,1,0.30000000000000004,29116.799743652344,4700,1,0.30000000000000004,7269.310363769531,4700,1,0.30000000000000004,7158.39518737793,4700,1,0.30000000000000004,6749.375946044922,4700,1,0.30000000000000004,6965.737289428711,4700,1,0.30000000000000004,7492.769332885742,3007,3007,3007,3007,3007,3007,3007,3007,3007,3007,3007,3007,4690,4691,3007,3007,3007,4690,3007,3007,3007,3007,3007,4690,84.21052551269531,0,0,0,20,20,0,31.57894515991211,26.3157901763916,44.4444465637207,0,0,35,0,0,0,0,35,15.789472579956055,100,0,0,0,0,66481098752,12884893696,1627021312,0
99,1780596552031,57008.212814331055,4700,1,0.3062499999999999,6932.409912109375,4700,1,0.3062499999999999,6794.927734375,4700,1,0.3062499999999999,11918.786804199219,4700,1,0.3062499999999999,45390.30067443848,4700,1,0.3062499999999999,37558.187423706055,4700,1,0.3062499999999999,46764.36932373047,4700,1,0.3062499999999999,29117.49252319336,4700,1,0.3062499999999999,7269.31379699707,4700,1,0.3062499999999999,7158.398361206055,4700,1,0.3062499999999999,6749.379058837891,4700,1,0.3062499999999999,6965.740478515625,4700,1,0.3062499999999999,7498.522872924805,3007,3007,3007,3007,3007,3007,3007,3007,3007,3007,3007,3007,4690,4691,3007,3007,3007,4690,3007,3007,3007,3007,3007,4690,84.21052551269531,0,0,0,20,20,0,31.57894515991211,26.3157901763916,44.4444465637207,0,0,35,0,0,0,0,35,15.789472579956055,100,0,0,0,0,66481098752,12884893696,1626013696,0
99,1780596552131,57008.852127075195,4700,1,0.3062499999999999,6932.412994384766,4700,1,0.3062499999999999,6794.930816650391,4700,1,0.3062499999999999,11919.129196166992,4700,1,0.3062499999999999,45390.54893493652,4700,1,0.3062499999999999,37558.627029418945,4700,1,0.3062499999999999,46764.821701049805,4700,1,0.3062499999999999,29118.18913269043,4700,1,0.3062499999999999,7269.316879272461,4700,1,0.3062499999999999,7158.401443481445,4700,1,0.3062499999999999,6749.382278442383,4700,1,0.3062499999999999,6965.743560791016,4700,1,0.3062499999999999,7504.259033203125,3007,3007,3007,3007,3007,3007,3007,3007,3007,3007,3007,3007,4690,4691,3007,3007,3007,4690,3007,3007,3007,3007,3007,4690,88.8888931274414,22.22222328186035,0,0,16.666667938232422,5,0,16.666667938232422,26.3157901763916,50,0,0,15.789472579956055,0,0,0,0,16.666667938232422,26.3157901763916,100,0,0,0,0,66481098752,12884893696,1623752704,0
99,1780596552231,57009.486724853516,4700,1,0.3062499999999999,6932.416076660156,4700,1,0.3062499999999999,6794.933975219727,4700,1,0.3062499999999999,11919.200271606445,4700,1,0.3062499999999999,45390.94688415527,4700,1,0.3062499999999999,37559.10745239258,4700,1,0.3062499999999999,46765.26725769043,4700,1,0.3062499999999999,29118.88185119629,4700,1,0.3062499999999999,7269.320083618164,4700,1,0.3062499999999999,7158.404525756836,4700,1,0.3062499999999999,6749.38542175293,4700,1,0.3062499999999999,6965.7467041015625,4700,1,0.3062499999999999,7509.987976074219,3007,3007,3007,3007,3007,3007,3007,3007,3007,3007,3007,3007,4690,4691,3007,3007,3007,4690,3007,3007,3007,3007,3007,4690,88.8888931274414,22.22222328186035,0,0,16.666667938232422,5,0,16.666667938232422,26.3157901763916,50,0,0,15.789472579956055,0,0,0,0,16.666667938232422,26.3157901763916,100,0,0,0,0,66481098752,12884893696,1623179264,0
99,1780596552331,57010.131774902344,4700,1,0.3062499999999999,6932.419158935547,4700,1,0.3062499999999999,6794.937057495117,4700,1,0.3062499999999999,11919.475204467773,4700,1,0.3062499999999999,45391.37075805664,4700,1,0.3062499999999999,37559.526306152344,4700,1,0.3062499999999999,46765.62271118164,4700,1,0.3062499999999999,29119.57177734375,4700,1,0.3062499999999999,7269.323287963867,4700,1,0.3062499999999999,7158.407608032227,4700,1,0.3062499999999999,6749.38850402832,4700,1,0.3062499999999999,6965.7498779296875,4700,1,0.3062499999999999,7515.7572021484375,3007,3007,3007,3007,3007,3007,3007,3007,3007,3007,3007,3007,4690,4691,3007,3007,3007,4690,3007,3007,3007,3007,3007,4690,88.8888931274414,10,0,0,40,5,0,16.666667938232422,26.3157901763916,47.05882263183594,0,0,17.647058486938477,0,0,0,0,27.77777862548828,11.111111640930176,100,0,0,0,0,66481098752,12884893696,1628168192,0
99,1780596552431,57010.749435424805,4700,1,0.3062499999999999,6932.4222412109375,4700,1,0.3062499999999999,6794.940200805664,4700,1,0.3062499999999999,11919.767822265625,4700,1,0.3062499999999999,45391.737884521484,4700,1,0.3062499999999999,37559.92532348633,4700,1,0.3062499999999999,46766.07569885254,4700,1,0.3062499999999999,29120.26300048828,4700,1,0.3062499999999999,7269.326370239258,4700,1,0.3062499999999999,7158.410690307617,4700,1,0.3062499999999999,6749.391647338867,4700,1,0.3062499999999999,6965.753021240234,4700,1,0.3062499999999999,7521.517288208008,3007,3007,3007,3007,3007,3007,3007,3007,3007,3007,3007,3007,4690,4691,3007,3007,3007,4690,3007,3007,3007,3007,3007,4690,88.8888931274414,10,0,0,40,5,0,16.666667938232422,26.3157901763916,47.05882263183594,0,0,17.647058486938477,0,0,0,0,27.77777862548828,11.111111640930176,100,0,0,0,0,66481098752,12884893696,1626152960,0
99,1780596552532,57011.32942199707,4700,1,0.30000000000000004,6932.425689697266,4700,1,0.30000000000000004,6794.943710327148,4700,1,0.30000000000000004,11920.075942993164,4700,1,0.30000000000000004,45392.171127319336,4700,1,0.30000000000000004,37560.281814575195,4700,1,0.30000000000000004,46766.55659484863,4700,1,0.30000000000000004,29120.954010009766,4700,1,0.30000000000000004,7269.329574584961,4700,1,0.30000000000000004,7158.413772583008,4700,1,0.30000000000000004,6749.394729614258,4700,1,0.30000000000000004,6965.756103515625,4700,1,0.30000000000000004,7527.285736083984,3007,3007,3007,3007,3007,3007,3007,3007,3007,3007,3007,3007,4690,4691,3007,3007,3007,4690,3007,3007,3007,3007,3007,4690,83.33332824707031,5,0,0,21.052631378173828,11.111111640930176,0,22.22222328186035,26.3157901763916,37.5,0,0,23.52941131591797,0,0,0,0,15.000000953674316,27.77777862548828,100,0,0,0,0,66481098752,12884893696,1626529792,0
99,1780596552632,57011.96466064453,4700,1,0.30000000000000004,6932.429458618164,4700,1,0.30000000000000004,6794.946792602539,4700,1,0.30000000000000004,11920.429779052734,4700,1,0.30000000000000004,45392.52502441406,4700,1,0.30000000000000004,37560.61813354492,4700,1,0.30000000000000004,46767.00019836426,4700,1,0.30000000000000004,29121.628967285156,4700,1,0.30000000000000004,7269.337554931641,4700,1,0.30000000000000004,7158.428009033203,4700,1,0.30000000000000004,6749.397811889648,4700,1,0.30000000000000004,6965.759246826172,4700,1,0.30000000000000004,7533.015090942383,3007,3007,3007,3007,3007,3007,3007,3007,3007,3007,3007,3007,4690,4691,3007,3007,3007,4690,3007,3007,3007,3007,3007,4690,83.33332824707031,5,0,0,21.052631378173828,11.111111640930176,0,22.22222328186035,26.3157901763916,37.5,0,0,23.52941131591797,0,0,0,0,15.000000953674316,27.77777862548828,100,0,0,0,0,66481098752,12884893696,1622294528,0
99,1780596552732,57012.48992919922,4700,1,0.3062499999999999,6932.432556152344,4700,1,0.3062499999999999,6794.949920654297,4700,1,0.3062499999999999,11920.769622802734,4700,1,0.3062499999999999,45392.92752075195,4700,1,0.3062499999999999,37561.044372558594,4700,1,0.3062499999999999,46767.48774719238,4700,1,0.3062499999999999,29122.31202697754,4700,1,0.3062499999999999,7269.341049194336,4700,1,0.3062499999999999,7158.439880371094,4700,1,0.3062499999999999,6749.401016235352,4700,1,0.3062499999999999,6965.7623291015625,4700,1,0.3062499999999999,7538.763748168945,3007,3007,3007,3007,3007,3007,3007,3007,3007,3007,3007,3007,4690,4691,3007,3007,3007,4690,3007,3007,3007,3007,3007,4690,82.35294342041016,0,4.761904716491699,0,15.000000953674316,30.000001907348633,5,10.526315689086914,33.333335876464844,50,0,0,22.22222328186035,0,0,0,0,25,21.052631378173828,100,4.761904716491699,0,0,0,66481098752,12884893696,1630724096,0
99,1780596552832,57013.02394104004,4700,1,0.3062499999999999,6932.435638427734,4700,1,0.3062499999999999,6794.9530029296875,4700,1,0.3062499999999999,11921.115539550781,4700,1,0.3062499999999999,45393.349365234375,4700,1,0.3062499999999999,37561.43292236328,4700,1,0.3062499999999999,46767.92755126953,4700,1,0.3062499999999999,29122.997146606445,4700,1,0.3062499999999999,7269.344131469727,4700,1,0.3062499999999999,7158.450973510742,4700,1,0.3062499999999999,6749.404098510742,4700,1,0.3062499999999999,6965.765472412109,4700,1,0.3062499999999999,7544.585800170898,3007,3007,3007,3007,3007,3007,3007,3007,3007,3007,3007,3007,4690,4691,3007,3007,3007,4690,3007,3007,3007,3007,3007,4690,82.35294342041016,0,4.761904716491699,0,15.000000953674316,30.000001907348633,5,10.526315689086914,33.333335876464844,50,0,0,22.22222328186035,0,0,0,0,25,21.052631378173828,100,4.761904716491699,0,0,0,66481098752,12884893696,1630027776,0
99,1780596552932,57013.59410095215,4700,1,0.3062499999999999,6932.438720703125,4700,1,0.3062499999999999,6794.956146240234,4700,1,0.3062499999999999,11921.483123779297,4700,1,0.3062499999999999,45393.82521057129,4700,1,0.3062499999999999,37561.75929260254,4700,1,0.3062499999999999,46768.338775634766,4700,1,0.3062499999999999,29123.68977355957,4700,1,0.3062499999999999,7269.347213745117,4700,1,0.3062499999999999,7158.463104248047,4700,1,0.3062499999999999,6749.407302856445,4700,1,0.3062499999999999,6965.768615722656,4700,1,0.3062499999999999,7550.415328979492,3007,3007,3007,3007,3007,3007,3007,3007,3007,3007,3007,3007,4690,4691,3007,3007,3007,4690,3007,3007,3007,3007,3007,4690,89.47368621826172,0,0,0,14.285715103149414,18.75,21.052631378173828,16.666667938232422,26.3157901763916,44.4444465637207,0,0,30.000001907348633,0,0,0,0,10,15.789472579956055,100,0,0,0,0,66481098752,12884893696,1627656192,0
99,1780596553032,57014.20658874512,4700,1,0.30000000000000004,6932.441802978516,4700,1,0.3062499999999999,6794.959228515625,4700,1,0.3062499999999999,11921.663681030273,4700,1,0.30000000000000004,45394.294662475586,4700,1,0.30000000000000004,37562.21717834473,4700,1,0.30000000000000004,46768.659088134766,4700,1,0.30000000000000004,29124.375900268555,4700,1,0.3062499999999999,7269.350296020508,4700,1,0.3062499999999999,7158.47834777832,4700,1,0.3062499999999999,6749.410385131836,4700,1,0.3062499999999999,6965.771697998047,4700,1,0.3062499999999999,7556.157150268555,3007,3007,3007,3007,3007,3007,3007,3007,3007,3007,3007,3007,4690,4691,3007,3007,3007,4690,3007,3007,3007,3007,3007,4690,89.47368621826172,0,0,0,14.285715103149414,18.75,21.052631378173828,16.666667938232422,26.3157901763916,44.4444465637207,0,0,30.000001907348633,0,0,0,0,10,15.789472579956055,100,0,0,0,0,66481098752,12884893696,1627459584,0
99,1780596553132,57014.811462402344,4700,1,0.3062499999999999,6932.444885253906,4700,1,0.3062499999999999,6794.962310791016,4700,1,0.3062499999999999,11921.926574707031,4700,1,0.3062499999999999,45394.684310913086,4700,1,0.3062499999999999,37562.7022857666,4700,1,0.3062499999999999,46769.05244445801,4700,1,0.3062499999999999,29125.036071777344,4700,1,0.3062499999999999,7269.353378295898,4700,1,0.3062499999999999,7158.481460571289,4700,1,0.3062499999999999,6749.413467407227,4700,1,0.3062499999999999,6965.7747802734375,4700,1,0.3062499999999999,7561.919570922852,3007,3007,3007,3007,3007,3007,3007,3007,3007,3007,3007,3007,4690,4691,3007,3007,3007,4690,3007,3007,3007,3007,3007,4690,85,0,0,0,26.3157901763916,11.111111640930176,12.5,22.22222328186035,35,42.105262756347656,0,0,30.000001907348633,0,0,0,0,29.411766052246094,5,100,0,4.761904716491699,0,0,66481098752,12884893696,1630167040,0
99,1780596553232,57015.3984375,4700,1,0.30000000000000004,6932.447967529297,4700,1,0.30000000000000004,6794.9654541015625,4700,1,0.30000000000000004,11922.230972290039,4700,1,0.30000000000000004,45395.080307006836,4700,1,0.30000000000000004,37563.11199951172,4700,1,0.30000000000000004,46769.45848083496,4700,1,0.30000000000000004,29125.7257232666,4700,1,0.30000000000000004,7269.356460571289,4700,1,0.30000000000000004,7158.484512329102,4700,1,0.30000000000000004,6749.416580200195,4700,1,0.30000000000000004,6965.778121948242,4700,1,0.30000000000000004,7567.723236083984,3007,3007,3007,3007,3007,3007,3007,3007,3007,3007,3007,3007,4690,4691,3007,3007,3007,4690,3007,3007,3007,3007,3007,4690,85,0,0,0,26.3157901763916,11.111111640930176,12.5,22.22222328186035,35,42.105262756347656,0,0,30.000001907348633,0,0,0,0,29.411766052246094,5,100,0,4.761904716491699,0,0,66481098752,12884893696,1625354240,0
99,1780596553332,57016.00282287598,4700,1,0.30000000000000004,6932.451019287109,4700,1,0.30000000000000004,6794.968536376953,4700,1,0.30000000000000004,11922.564865112305,4700,1,0.30000000000000004,45395.52851867676,4700,1,0.30000000000000004,37563.35720825195,4700,1,0.30000000000000004,46769.904708862305,4700,1,0.30000000000000004,29126.4169921875,4700,1,0.30000000000000004,7269.359558105469,4700,1,0.30000000000000004,7158.487594604492,4700,1,0.30000000000000004,6749.419662475586,4700,1,0.30000000000000004,6965.781219482422,4700,1,0.30000000000000004,7573.498428344727,3007,3007,3007,3007,3007,3007,3007,3007,3007,3007,3007,3007,4690,4691,3007,3007,3007,4690,3007,3007,3007,3007,3007,4690,89.47368621826172,5.263157844543457,0,0,20,15.000000953674316,21.052631378173828,15.789472579956055,26.3157901763916,40,0,0,26.3157901763916,0,0,0,0,10.526315689086914,10.526315689086914,100,0,0,0,0,66481098752,12884893696,1622056960,0
99,1780596553432,57016.61428833008,4700,1,0.30000000000000004,6932.4541015625,4700,1,0.30000000000000004,6794.971649169922,4700,1,0.30000000000000004,11922.714538574219,4700,1,0.30000000000000004,45395.9815826416,4700,1,0.30000000000000004,37563.7239074707,4700,1,0.30000000000000004,46770.314682006836,4700,1,0.30000000000000004,29127.109283447266,4700,1,0.30000000000000004,7269.362762451172,4700,1,0.30000000000000004,7158.490676879883,4700,1,0.30000000000000004,6749.422805786133,4700,1,0.30000000000000004,6965.7843017578125,4700,1,0.30000000000000004,7579.165481567383,3007,3007,3007,3007,3007,3007,3007,3007,3007,3007,3007,3007,4690,4691,3007,3007,3007,4690,3007,3007,3007,3007,3007,4690,89.47368621826172,5.263157844543457,0,0,20,15.000000953674316,21.052631378173828,15.789472579956055,26.3157901763916,40,0,0,26.3157901763916,0,0,0,0,10.526315689086914,10.526315689086914,100,0,0,0,0,66481098752,12884893696,1621114880,0
99,1780596553532,57017.23449707031,4700,1,0.3062499999999999,6932.457305908203,4700,1,0.3062499999999999,6794.9747314453125,4700,1,0.3062499999999999,11922.839172363281,4700,1,0.3062499999999999,45396.44302368164,4700,1,0.3062499999999999,37564.07225036621,4700,1,0.3062499999999999,46770.76756286621,4700,1,0.3062499999999999,29127.799194335938,4700,1,0.3062499999999999,7269.36589050293,4700,1,0.3062499999999999,7158.493759155273,4700,1,0.3062499999999999,6749.425888061523,4700,1,0.3062499999999999,6965.787384033203,4700,1,0.3062499999999999,7584.84407043457,3007,3007,3007,3007,3007,3007,3007,3007,3007,3007,3007,3007,4690,4691,3007,3007,3007,4690,3007,3007,3007,3007,3007,4690,84.21052551269531,0,0,0,26.3157901763916,5.263157844543457,33.333335876464844,4.761904716491699,22.22222328186035,50,0,0,21.052631378173828,0,0,0,0,30.000001907348633,17.647058486938477,100,0,0,0,0,66481098752,12884893696,1627906048,0
99,1780596553632,57017.832763671875,4700,1,0.3062499999999999,6932.460388183594,4700,1,0.3062499999999999,6794.977813720703,4700,1,0.3062499999999999,11922.896667480469,4700,1,0.3062499999999999,45396.88313293457,4700,1,0.3062499999999999,37564.43263244629,4700,1,0.3062499999999999,46771.26202392578,4700,1,0.3062499999999999,29128.49476623535,4700,1,0.3062499999999999,7269.369033813477,4700,1,0.3062499999999999,7158.496841430664,4700,1,0.3062499999999999,6749.431015014648,4700,1,0.3062499999999999,6965.79052734375,4700,1,0.3062499999999999,7590.5206298828125,3007,3007,3007,3007,3007,3007,3007,3007,3007,3007,3007,3007,4690,4691,3007,3007,3007,4690,3007,3007,3007,3007,3007,4690,84.21052551269531,0,0,0,26.3157901763916,5.263157844543457,33.333335876464844,4.761904716491699,22.22222328186035,50,0,0,21.052631378173828,0,0,0,0,30.000001907348633,17.647058486938477,100,0,0,0,0,66481098752,12884893696,1628463104,0
99,1780596553732,57018.439208984375,4700,1,0.3062499999999999,6932.463470458984,4700,1,0.3062499999999999,6794.98095703125,4700,1,0.3062499999999999,11923.037322998047,4700,1,0.3062499999999999,45397.375076293945,4700,1,0.3062499999999999,37564.842514038086,4700,1,0.3062499999999999,46771.69956970215,4700,1,0.3062499999999999,29129.146560668945,4700,1,0.3062499999999999,7269.372146606445,4700,1,0.3062499999999999,7158.499954223633,4700,1,0.3062499999999999,6749.440338134766,4700,1,0.3062499999999999,6965.793609619141,4700,1,0.3062499999999999,7596.356369018555,3007,3007,3007,3007,3007,3007,3007,3007,3007,3007,3007,3007,4690,4691,3007,3007,3007,4690,3007,3007,3007,3007,3007,4690,88.23529815673828,5,0,0,21.052631378173828,0,27.77777862548828,40,40.90909194946289,37.5,0,0,23.52941131591797,0,0,0,0,5,25,100,0,0,0,0,66481098752,12884893696,1625174016,0
99,1780596553832,57019.05415344238,4700,1,0.30000000000000004,6932.466552734375,4700,1,0.3062499999999999,6794.984039306641,4700,1,0.3062499999999999,11923.38735961914,4700,1,0.30000000000000004,45397.78323364258,4700,1,0.30000000000000004,37565.167709350586,4700,1,0.30000000000000004,46772.17387390137,4700,1,0.30000000000000004,29129.81768798828,4700,1,0.30000000000000004,7269.375350952148,4700,1,0.30000000000000004,7158.503067016602,4700,1,0.30000000000000004,6749.443420410156,4700,1,0.3062499999999999,6965.796691894531,4700,1,0.3062499999999999,7602.135711669922,3007,3007,3007,3007,3007,3007,3007,3007,3007,3007,3007,3007,4690,4691,3007,3007,3007,4690,3007,3007,3007,3007,3007,4690,88.23529815673828,5,0,0,21.052631378173828,0,27.77777862548828,40,40.90909194946289,37.5,0,0,23.52941131591797,0,0,0,0,5,25,100,0,0,0,0,66481098752,12884893696,1621090304,0
99,1780596553932,57019.591888427734,4700,1,0.3062499999999999,6932.469635009766,4700,1,0.3062499999999999,6794.9871826171875,4700,1,0.3062499999999999,11923.689254760742,4700,1,0.3062499999999999,45398.19825744629,4700,1,0.3062499999999999,37565.51249694824,4700,1,0.3062499999999999,46772.65197753906,4700,1,0.3062499999999999,29130.500518798828,4700,1,0.3062499999999999,7269.378494262695,4700,1,0.3062499999999999,7158.506118774414,4700,1,0.3062499999999999,6749.446533203125,4700,1,0.3062499999999999,6965.799774169922,4700,1,0.3062499999999999,7607.919448852539,3007,3007,3007,3007,3007,3007,3007,3007,3007,3007,3007,3007,4690,4691,3007,3007,3007,4690,3007,3007,3007,3007,3007,4690,88.23529815673828,10.526315689086914,0,0,15.789472579956055,10.526315689086914,16.666667938232422,15.000000953674316,31.57894515991211,47.619049072265625,0,0,25,0,0,0,0,15.789472579956055,35,100,0,0,0,0,66481098752,12884893696,1628356608,0
99,1780596554032,57020.214416503906,4700,1,0.3062499999999999,6932.472686767578,4700,1,0.3062499999999999,6794.990234375,4700,1,0.3062499999999999,11923.98030090332,4700,1,0.3062499999999999,45398.6530456543,4700,1,0.3062499999999999,37565.88052368164,4700,1,0.3062499999999999,46773.11054992676,4700,1,0.3062499999999999,29131.17398071289,4700,1,0.3062499999999999,7269.38166809082,4700,1,0.3062499999999999,7158.509201049805,4700,1,0.3062499999999999,6749.449615478516,4700,1,0.3062499999999999,6965.802886962891,4700,1,0.3062499999999999,7613.651397705078,3007,3007,3007,3007,3007,3007,3007,3007,3007,3007,3007,3007,4690,4691,3007,3007,3007,4690,3007,3007,3007,3007,3007,4690,88.23529815673828,10.526315689086914,0,0,15.789472579956055,10.526315689086914,16.666667938232422,15.000000953674316,31.57894515991211,47.619049072265625,0,0,25,0,0,0,0,15.789472579956055,35,100,0,0,0,0,66481098752,12884893696,1628155904,0
99,1780596554132,57020.8141784668,4700,1,0.3062499999999999,6932.475784301758,4700,1,0.3062499999999999,6794.993392944336,4700,1,0.3062499999999999,11924.225082397461,4700,1,0.3062499999999999,45399.14236450195,4700,1,0.3062499999999999,37566.230880737305,4700,1,0.3062499999999999,46773.49382019043,4700,1,0.3062499999999999,29131.871337890625,4700,1,0.3062499999999999,7269.384750366211,4700,1,0.3062499999999999,7158.512283325195,4700,1,0.3062499999999999,6749.452697753906,4700,1,0.3062499999999999,6965.805969238281,4700,1,0.3062499999999999,7619.385437011719,3007,3007,3007,3007,3007,3007,3007,3007,3007,3007,3007,3007,4690,4691,3007,3007,3007,4690,3007,3007,3007,3007,3007,4690,83.33332824707031,5,0,0,25,0,27.77777862548828,5.882352828979492,26.3157901763916,47.36842346191406,0,0,22.22222328186035,0,0,0,0,5.555555820465088,11.111111640930176,100,0,0,0,0,66481098752,12884893696,1624637440,0
99,1780596554232,57021.405532836914,4700,1,0.3062499999999999,6932.478866577148,4700,1,0.3062499999999999,6795.003372192383,4700,1,0.3062499999999999,11924.529235839844,4700,1,0.3062499999999999,45399.58744812012,4700,1,0.3062499999999999,37566.56694030762,4700,1,0.3062499999999999,46773.867431640625,4700,1,0.3062499999999999,29132.56558227539,4700,1,0.3062499999999999,7269.387832641602,4700,1,0.3062499999999999,7158.515365600586,4700,1,0.3062499999999999,6749.455856323242,4700,1,0.3062499999999999,6965.809112548828,4700,1,0.3062499999999999,7625.112121582031,3007,3007,3007,3007,3007,3007,3007,3007,3007,3007,3007,3007,4690,4691,3007,3007,3007,4690,3007,3007,3007,3007,3007,4690,83.33332824707031,5,0,0,25,0,27.77777862548828,5.882352828979492,26.3157901763916,47.36842346191406,0,0,22.22222328186035,0,0,0,0,5.555555820465088,11.111111640930176,100,0,0,0,0,66481098752,12884893696,1624334336,0
99,1780596554332,57021.981872558594,4700,1,0.3062499999999999,6932.481948852539,4700,1,0.3062499999999999,6795.0172119140625,4700,1,0.3062499999999999,11924.751770019531,4700,1,0.3062499999999999,45400.07278442383,4700,1,0.3062499999999999,37566.939682006836,4700,1,0.3062499999999999,46774.286376953125,4700,1,0.3062499999999999,29133.26336669922,4700,1,0.3062499999999999,7269.390914916992,4700,1,0.3062499999999999,7158.518447875977,4700,1,0.3062499999999999,6749.458938598633,4700,1,0.3062499999999999,6965.812255859375,4700,1,0.3062499999999999,7630.79606628418,3007,3007,3007,3007,3007,3007,3007,3007,3007,3007,3007,3007,4690,4691,3007,3007,3007,4690,3007,3007,3007,3007,3007,4690,83.33332824707031,0,0,0,20,19.047618865966797,26.3157901763916,0,36.842105865478516,50,0,0,35,0,0,0,0,27.77777862548828,0,100,0,0,0,0,66481098752,12884893696,1632292864,0
99,1780596554433,57022.55374145508,4700,1,0.30000000000000004,6932.48503112793,4700,1,0.3062499999999999,6795.02571105957,4700,1,0.3062499999999999,11925.030670166016,4700,1,0.30000000000000004,45400.547286987305,4700,1,0.30000000000000004,37567.28416442871,4700,1,0.30000000000000004,46774.694595336914,4700,1,0.30000000000000004,29133.956329345703,4700,1,0.30000000000000004,7269.393997192383,4700,1,0.3062499999999999,7158.521575927734,4700,1,0.3062499999999999,6749.462112426758,4700,1,0.3062499999999999,6965.815399169922,4700,1,0.3062499999999999,7636.545349121094,3007,3007,3007,3007,3007,3007,3007,3007,3007,3007,3007,3007,4690,4691,3007,3007,3007,4690,3007,3007,3007,3007,3007,4690,83.33332824707031,0,0,0,20,19.047618865966797,26.3157901763916,0,36.842105865478516,50,0,0,35,0,0,0,0,27.77777862548828,0,100,0,0,0,0,66481098752,12884893696,1625890816,0
99,1780596554533,57023.1071472168,4700,1,0.3062499999999999,6932.488174438477,4700,1,0.3062499999999999,6795.033264160156,4700,1,0.3062499999999999,11925.181625366211,4700,1,0.3062499999999999,45401.01014709473,4700,1,0.3062499999999999,37567.731201171875,4700,1,0.3062499999999999,46775.161865234375,4700,1,0.3062499999999999,29134.647232055664,4700,1,0.3062499999999999,7269.397201538086,4700,1,0.3062499999999999,7158.524749755859,4700,1,0.3062499999999999,6749.465255737305,4700,1,0.3062499999999999,6965.818572998047,4700,1,0.3062499999999999,7642.28971862793,3007,3007,3007,3007,3007,3007,3007,3007,3007,3007,3007,3007,4690,4691,3007,3007,3007,4690,3007,3007,3007,3007,3007,4690,88.23529815673828,0,0,0,10,15.000000953674316,23.52941131591797,9.523809432983398,27.77777862548828,50,0,0,22.22222328186035,0,0,0,0,33.333335876464844,20,100,0,0,0,0,66481098752,12884893696,1623224320,0
99,1780596554633,57023.62580871582,4700,1,0.3062499999999999,6932.491317749023,4700,1,0.3062499999999999,6795.04524230957,4700,1,0.3062499999999999,11925.552215576172,4700,1,0.3062499999999999,45401.409759521484,4700,1,0.3062499999999999,37568.13969421387,4700,1,0.3062499999999999,46775.60772705078,4700,1,0.3062499999999999,29135.33122253418,4700,1,0.3062499999999999,7269.400390625,4700,1,0.3062499999999999,7158.527862548828,4700,1,0.3062499999999999,6749.468338012695,4700,1,0.3062499999999999,6965.8216552734375,4700,1,0.3062499999999999,7648.104110717773,3007,3007,3007,3007,3007,3007,3007,3007,3007,3007,3007,3007,4690,4691,3007,3007,3007,4690,3007,3007,3007,3007,3007,4690,88.23529815673828,0,0,0,10,15.000000953674316,23.52941131591797,9.523809432983398,27.77777862548828,50,0,0,22.22222328186035,0,0,0,0,33.333335876464844,20,100,0,0,0,0,66481098752,12884893696,1623318528,0
99,1780596554733,57024.15574645996,4700,1,0.30000000000000004,6932.494400024414,4700,1,0.30000000000000004,6795.052185058594,4700,1,0.30000000000000004,11925.881607055664,4700,1,0.30000000000000004,45401.88018798828,4700,1,0.30000000000000004,37568.5848236084,4700,1,0.30000000000000004,46776.004470825195,4700,1,0.30000000000000004,29136.01774597168,4700,1,0.30000000000000004,7269.403533935547,4700,1,0.30000000000000004,7158.530944824219,4700,1,0.30000000000000004,6749.478912353516,4700,1,0.30000000000000004,6965.82470703125,4700,1,0.30000000000000004,7653.872772216797,3007,3007,3007,3007,3007,3007,3007,3007,3007,3007,3007,3007,4690,4691,3007,3007,3007,4690,3007,3007,3007,3007,3007,4690,85,26.3157901763916,0,0,0,0,31.57894515991211,30.000001907348633,21.052631378173828,41.17647171020508,0,0,16.666667938232422,0,0,0,0,11.764705657958984,16.666667938232422,100,0,0,0,0,66481098752,12884893696,1628540928,0
99,1780596554833,57024.680603027344,4700,1,0.3062499999999999,6932.497451782227,4700,1,0.3062499999999999,6795.062194824219,4700,1,0.3062499999999999,11926.057312011719,4700,1,0.3062499999999999,45402.33674621582,4700,1,0.3062499999999999,37569.018310546875,4700,1,0.3062499999999999,46776.46423339844,4700,1,0.3062499999999999,29136.717391967773,4700,1,0.3062499999999999,7269.406875610352,4700,1,0.3062499999999999,7158.534027099609,4700,1,0.3062499999999999,6749.481994628906,4700,1,0.3062499999999999,6965.827850341797,4700,1,0.3062499999999999,7659.533935546875,3007,3007,3007,3007,3007,3007,3007,3007,3007,3007,3007,3007,4690,4691,3007,3007,3007,4690,3007,3007,3007,3007,3007,4690,85,26.3157901763916,0,0,0,0,31.57894515991211,30.000001907348633,21.052631378173828,41.17647171020508,0,0,16.666667938232422,0,0,0,0,11.764705657958984,16.666667938232422,100,0,0,0,0,66481098752,12884893696,1628704768,0
99,1780596554933,57025.20820617676,4700,1,0.3062499999999999,6932.500534057617,4700,1,0.3062499999999999,6795.07649230957,4700,1,0.3062499999999999,11926.224044799805,4700,1,0.3062499999999999,45402.827865600586,4700,1,0.3062499999999999,37569.46308898926,4700,1,0.3062499999999999,46776.86170959473,4700,1,0.3062499999999999,29137.40234375,4700,1,0.3062499999999999,7269.409957885742,4700,1,0.3062499999999999,7158.537109375,4700,1,0.3062499999999999,6749.485244750977,4700,1,0.3062499999999999,6965.830963134766,4700,1,0.3062499999999999,7665.315902709961,3007,3007,3007,3007,3007,3007,3007,3007,3007,3007,3007,3007,4690,4691,3007,3007,3007,4690,3007,3007,3007,3007,3007,4690,80.95238494873047,5,0,0,0,5.263157844543457,26.3157901763916,17.647058486938477,29.411766052246094,47.05882263183594,0,0,38.095237731933594,0,0,0,0,16.666667938232422,10,100,0,0,0,0,66481098752,12884893696,1628508160,0
99,1780596555033,57025.7350769043,4700,1,0.3062499999999999,6932.503616333008,4700,1,0.3062499999999999,6795.087066650391,4700,1,0.3062499999999999,11926.486434936523,4700,1,0.3062499999999999,45403.28630065918,4700,1,0.3062499999999999,37569.8204498291,4700,1,0.3062499999999999,46777.31512451172,4700,1,0.3062499999999999,29138.0955657959,4700,1,0.3062499999999999,7269.413192749023,4700,1,0.3062499999999999,7158.540191650391,4700,1,0.3062499999999999,6749.488327026367,4700,1,0.3062499999999999,6965.834045410156,4700,1,0.3062499999999999,7671.014175415039,3007,3007,3007,3007,3007,3007,3007,3007,3007,3007,3007,3007,4690,4691,3007,3007,3007,4690,3007,3007,3007,3007,3007,4690,80.95238494873047,5,0,0,0,5.263157844543457,26.3157901763916,17.647058486938477,29.411766052246094,47.05882263183594,0,0,38.095237731933594,0,0,0,0,16.666667938232422,10,100,0,0,0,0,66481098752,12884893696,1623048192,0
99,1780596555133,57026.252532958984,4700,1,0.3062499999999999,6932.506698608398,4700,1,0.3062499999999999,6795.095596313477,4700,1,0.3062499999999999,11926.902587890625,4700,1,0.3062499999999999,45403.73027038574,4700,1,0.3062499999999999,37570.150146484375,4700,1,0.3062499999999999,46777.68960571289,4700,1,0.3062499999999999,29138.773193359375,4700,1,0.3062499999999999,7269.41682434082,4700,1,0.3062499999999999,7158.543273925781,4700,1,0.3062499999999999,6749.491409301758,4700,1,0.3062499999999999,6965.837158203125,4700,1,0.3062499999999999,7676.769866943359,3007,3007,3007,3007,3007,3007,3007,3007,3007,3007,3007,3007,4690,4691,3007,3007,3007,4690,3007,3007,3007,3007,3007,4690,82.35294342041016,26.3157901763916,0,0,0,5.263157844543457,31.57894515991211,0,25,44.4444465637207,0,0,21.052631378173828,0,0,0,0,27.77777862548828,30.000001907348633,100,0,0,0,0,66481098752,12884893696,1620451328,0
99,1780596555233,57026.85411071777,4700,1,0.3062499999999999,6932.513107299805,4700,1,0.3062499999999999,6795.139297485352,4700,1,0.3062499999999999,11927.284210205078,4700,1,0.3062499999999999,45404.25662231445,4700,1,0.3062499999999999,37570.56033325195,4700,1,0.3062499999999999,46778.13172912598,4700,1,0.3062499999999999,29139.42515563965,4700,1,0.3062499999999999,7269.499649047852,4700,1,0.3062499999999999,7158.630844116211,4700,1,0.3062499999999999,6749.546249389648,4700,1,0.3062499999999999,6965.9044189453125,4700,1,0.3062499999999999,7683.035888671875,3007,3007,3007,3007,3007,3007,3007,3007,3007,3007,3007,3007,4690,4691,3007,3007,3007,4690,3007,3007,3007,3007,3007,4690,82.35294342041016,26.3157901763916,0,0,0,5.263157844543457,31.57894515991211,0,25,44.4444465637207,0,0,21.052631378173828,0,0,0,0,27.77777862548828,30.000001907348633,100,0,0,0,0,66481098752,12884893696,1619333120,0
99,1780596555333,57027.37582397461,4700,1,0.3062499999999999,6932.516189575195,4700,1,0.3062499999999999,6795.15104675293,4700,1,0.3062499999999999,11927.564498901367,4700,1,0.3062499999999999,45404.71141052246,4700,1,0.3062499999999999,37570.91017150879,4700,1,0.3062499999999999,46778.590240478516,4700,1,0.3062499999999999,29140.102615356445,4700,1,0.3062499999999999,7269.503005981445,4700,1,0.3062499999999999,7158.633926391602,4700,1,0.3062499999999999,6749.549331665039,4700,1,0.3062499999999999,6966.119812011719,4700,1,0.3062499999999999,7689.032272338867,3007,3007,3007,3007,3007,3007,3007,3007,3007,3007,3007,3007,4690,4691,3007,3007,3007,4690,3007,3007,3007,3007,3007,4690,88.8888931274414,20,0,0,15.000000953674316,15.000000953674316,40,10,11.764705657958984,35.29411697387695,0,0,23.52941131591797,0,0,0,0,23.52941131591797,26.3157901763916,100,9.523809432983398,5,0,0,66481098752,12884893696,1623420928,0
99,1780596555433,57027.90431213379,4700,1,0.3062499999999999,6932.519302368164,4700,1,0.3062499999999999,6795.166748046875,4700,1,0.3062499999999999,11927.925399780273,4700,1,0.3062499999999999,45405.20301818848,4700,1,0.3062499999999999,37571.169494628906,4700,1,0.3062499999999999,46779.02072143555,4700,1,0.3062499999999999,29140.77716064453,4700,1,0.3062499999999999,7269.506057739258,4700,1,0.3062499999999999,7158.636978149414,4700,1,0.3062499999999999,6749.552444458008,4700,1,0.3062499999999999,6966.156234741211,4700,1,0.3062499999999999,7694.863815307617,3007,3007,3007,3007,3007,3007,3007,3007,3007,3007,3007,3007,4690,4691,3007,3007,3007,4690,3007,3007,3007,3007,3007,4690,88.8888931274414,20,0,0,15.000000953674316,15.000000953674316,40,10,11.764705657958984,35.29411697387695,0,0,23.52941131591797,0,0,0,0,23.52941131591797,26.3157901763916,100,9.523809432983398,5,0,0,66481098752,12884893696,1627963392,0
99,1780596555533,57028.435134887695,4700,1,0.30000000000000004,6932.522354125977,4700,1,0.30000000000000004,6795.178314208984,4700,1,0.30000000000000004,11928.073852539063,4700,1,0.30000000000000004,45405.68656921387,4700,1,0.30000000000000004,37571.636306762695,4700,1,0.30000000000000004,46779.428787231445,4700,1,0.30000000000000004,29141.450256347656,4700,1,0.30000000000000004,7269.509216308594,4700,1,0.30000000000000004,7158.640045166016,4700,1,0.30000000000000004,6749.555526733398,4700,1,0.30000000000000004,6966.159622192383,4700,1,0.30000000000000004,7700.535232543945,3007,3007,3007,3007,3007,3007,3007,3007,3007,3007,3007,3007,4690,4691,3007,3007,3007,4690,3007,3007,3007,3007,3007,4690,85,5.555555820465088,0,0,0,19.047618865966797,31.57894515991211,11.111111640930176,22.22222328186035,44.4444465637207,0,0,33.333335876464844,0,0,0,0,16.666667938232422,16.666667938232422,100,0,0,0,0,66481098752,12884893696,1623105536,0
99,1780596555633,57028.96055603027,4700,1,0.3062499999999999,6932.525482177734,4700,1,0.3062499999999999,6795.183883666992,4700,1,0.3062499999999999,11928.359191894531,4700,1,0.3062499999999999,45406.175857543945,4700,1,0.3062499999999999,37571.98889160156,4700,1,0.3062499999999999,46779.834701538086,4700,1,0.3062499999999999,29142.143676757813,4700,1,0.3062499999999999,7269.5123291015625,4700,1,0.3062499999999999,7158.643127441406,4700,1,0.3062499999999999,6749.560760498047,4700,1,0.3062499999999999,6966.163131713867,4700,1,0.3062499999999999,7706.285995483398,3007,3007,3007,3007,3007,3007,3007,3007,3007,3007,3007,3007,4690,4691,3007,3007,3007,4690,3007,3007,3007,3007,3007,4690,85,5.555555820465088,0,0,0,19.047618865966797,31.57894515991211,11.111111640930176,22.22222328186035,44.4444465637207,0,0,33.333335876464844,0,0,0,0,16.666667938232422,16.666667938232422,100,0,0,0,0,66481098752,12884893696,1632079872,0
99,1780596555733,57029.47998046875,4700,1,0.3062499999999999,6932.528594970703,4700,1,0.3062499999999999,6795.194717407227,4700,1,0.3062499999999999,11928.681213378906,4700,1,0.3062499999999999,45406.60322570801,4700,1,0.3062499999999999,37572.36111450195,4700,1,0.3062499999999999,46780.24983215332,4700,1,0.3062499999999999,29142.836502075195,4700,1,0.3062499999999999,7269.515411376953,4700,1,0.3062499999999999,7158.646209716797,4700,1,0.3062499999999999,6749.571563720703,4700,1,0.3062499999999999,6966.350784301758,4700,1,0.3062499999999999,7712.203811645508,3007,3007,3007,3007,3007,3007,3007,3007,3007,3007,3007,3007,4690,4691,3007,3007,3007,4690,3007,3007,3007,3007,3007,4690,85,9.523809432983398,0,0,0,20,11.764705657958984,19.047618865966797,31.57894515991211,50,0,0,27.77777862548828,0,0,0,0,5.882352828979492,15.000000953674316,100,0,0,0,0,66481098752,12884893696,1630330880,0
99,1780596555833,57030.01469421387,4700,1,0.3062499999999999,6932.53173828125,4700,1,0.3062499999999999,6795.197845458984,4700,1,0.3062499999999999,11928.971664428711,4700,1,0.3062499999999999,45407.05155944824,4700,1,0.3062499999999999,37572.75715637207,4700,1,0.3062499999999999,46780.67724609375,4700,1,0.3062499999999999,29143.517456054688,4700,1,0.3062499999999999,7269.518524169922,4700,1,0.3062499999999999,7158.6492919921875,4700,1,0.3062499999999999,6749.574645996094,4700,1,0.3062499999999999,6966.4234619140625,4700,1,0.3062499999999999,7717.96891784668,3007,3007,3007,3007,3007,3007,3007,3007,3007,3007,3007,3007,4690,4691,3007,3007,3007,4690,3007,3007,3007,3007,3007,4690,85,9.523809432983398,0,0,0,20,11.764705657958984,19.047618865966797,31.57894515991211,50,0,0,27.77777862548828,0,0,0,0,5.882352828979492,15.000000953674316,100,0,0,0,0,66481098752,12884893696,1630822400,0
99,1780596555933,57030.537857055664,4700,1,0.30000000000000004,6932.534851074219,4700,1,0.3062499999999999,6795.201065063477,4700,1,0.3062499999999999,11929.340560913086,4700,1,0.30000000000000004,45407.476638793945,4700,1,0.30000000000000004,37573.12757873535,4700,1,0.30000000000000004,46781.086364746094,4700,1,0.30000000000000004,29144.20492553711,4700,1,0.30000000000000004,7269.521697998047,4700,1,0.3062499999999999,7158.652374267578,4700,1,0.3062499999999999,6749.577789306641,4700,1,0.3062499999999999,6966.470611572266,4700,1,0.3062499999999999,7723.743255615234,3007,3007,3007,3007,3007,3007,3007,3007,3007,3007,3007,3007,4690,4691,3007,3007,3007,4690,3007,3007,3007,3007,3007,4690,78.94737243652344,0,0,0,0,21.052631378173828,22.22222328186035,0,27.77777862548828,44.4444465637207,0,0,12.5,0,0,0,0,18.75,19.047618865966797,100,0,0,0,0,66481098752,12884893696,1627430912,0
99,1780596556034,57031.1672668457,4700,1,0.3062499999999999,6932.537933349609,4700,1,0.3062499999999999,6795.204147338867,4700,1,0.3062499999999999,11929.66439819336,4700,1,0.3062499999999999,45407.78022766113,4700,1,0.3062499999999999,37573.53448486328,4700,1,0.3062499999999999,46781.495834350586,4700,1,0.3062499999999999,29144.889541625977,4700,1,0.3062499999999999,7269.524810791016,4700,1,0.3062499999999999,7158.655456542969,4700,1,0.3062499999999999,6749.580871582031,4700,1,0.3062499999999999,6966.590835571289,4700,1,0.3062499999999999,7729.5703125,3007,3007,3007,3007,3007,3007,3007,3007,3007,3007,3007,3007,4690,4691,3007,3007,3007,4690,3007,3007,3007,3007,3007,4690,78.94737243652344,0,0,0,0,21.052631378173828,22.22222328186035,0,27.77777862548828,44.4444465637207,0,0,12.5,0,0,0,0,18.75,19.047618865966797,100,0,0,0,0,66481098752,12884893696,1632915456,0
99,1780596556134,57031.78691101074,4700,1,0.30000000000000004,6932.541015625,4700,1,0.30000000000000004,6795.207229614258,4700,1,0.30000000000000004,11929.686172485352,4700,1,0.30000000000000004,45408.11381530762,4700,1,0.30000000000000004,37573.990661621094,4700,1,0.30000000000000004,46781.96453857422,4700,1,0.30000000000000004,29145.584579467773,4700,1,0.30000000000000004,7269.527984619141,4700,1,0.30000000000000004,7158.658538818359,4700,1,0.30000000000000004,6749.583953857422,4700,1,0.30000000000000004,6966.636703491211,4700,1,0.30000000000000004,7735.285263061523,3007,3007,3007,3007,3007,3007,3007,3007,3007,3007,3007,3007,4690,4691,3007,3007,3007,4690,3007,3007,3007,3007,3007,4690,88.8888931274414,19.047618865966797,0,0,27.77777862548828,5,4.761904716491699,20,31.57894515991211,44.4444465637207,0,0,25,0,0,0,0,27.77777862548828,11.764705657958984,100,0,0,0,0,66481098752,12884893696,1630720000,0
99,1780596556234,57032.3630065918,4700,1,0.30000000000000004,6932.544128417969,4700,1,0.30000000000000004,6795.210479736328,4700,1,0.30000000000000004,11929.901733398438,4700,1,0.30000000000000004,45408.53811645508,4700,1,0.30000000000000004,37574.4249420166,4700,1,0.30000000000000004,46782.34931945801,4700,1,0.30000000000000004,29146.26593017578,4700,1,0.30000000000000004,7269.531234741211,4700,1,0.30000000000000004,7158.661666870117,4700,1,0.30000000000000004,6749.587173461914,4700,1,0.30000000000000004,6966.640167236328,4700,1,0.30000000000000004,7741.004577636719,3007,3007,3007,3007,3007,3007,3007,3007,3007,3007,3007,3007,4690,4691,3007,3007,3007,4690,3007,3007,3007,3007,3007,4690,88.8888931274414,19.047618865966797,0,0,27.77777862548828,5,4.761904716491699,20,31.57894515991211,44.4444465637207,0,0,25,0,0,0,0,27.77777862548828,11.764705657958984,100,0,0,0,0,66481098752,12884893696,1626730496,0
99,1780596556334,57032.88349914551,4700,1,0.3062499999999999,6932.547210693359,4700,1,0.3062499999999999,6795.213623046875,4700,1,0.3062499999999999,11930.002838134766,4700,1,0.3062499999999999,45408.9557800293,4700,1,0.3062499999999999,37574.89668273926,4700,1,0.3062499999999999,46782.81204223633,4700,1,0.3062499999999999,29146.959060668945,4700,1,0.3062499999999999,7269.534423828125,4700,1,0.3062499999999999,7158.664749145508,4700,1,0.3062499999999999,6749.590255737305,4700,1,0.3062499999999999,6966.643600463867,4700,1,0.3062499999999999,7746.745834350586,3007,3007,3007,3007,3007,3007,3007,3007,3007,3007,3007,3007,4690,4691,3007,3007,3007,4690,3007,3007,3007,3007,3007,4690,85,10,0,0,10,0,11.764705657958984,22.22222328186035,26.3157901763916,50,0,0,26.3157901763916,0,0,0,0,22.22222328186035,16.666667938232422,100,0,0,0,4.761904716491699,66481098752,12884893696,1627664384,0
99,1780596556434,57033.40200805664,4700,1,0.3062499999999999,6932.550323486328,4700,1,0.3062499999999999,6795.216796875,4700,1,0.3062499999999999,11930.046310424805,4700,1,0.3062499999999999,45409.385513305664,4700,1,0.3062499999999999,37575.37532043457,4700,1,0.3062499999999999,46783.257720947266,4700,1,0.3062499999999999,29147.65660095215,4700,1,0.3062499999999999,7269.537506103516,4700,1,0.3062499999999999,7158.667831420898,4700,1,0.3062499999999999,6749.593399047852,4700,1,0.3062499999999999,6966.723480224609,4700,1,0.3062499999999999,7752.508544921875,3007,3007,3007,3007,3007,3007,3007,3007,3007,3007,3007,3007,4690,4691,3007,3007,3007,4690,3007,3007,3007,3007,3007,4690,85,10,0,0,10,0,11.764705657958984,22.22222328186035,26.3157901763916,50,0,0,26.3157901763916,0,0,0,0,22.22222328186035,16.666667938232422,100,0,0,0,4.761904716491699,66481098752,12884893696,1634390016,0
99,1780596556534,57033.92495727539,4700,1,0.3062499999999999,6932.553405761719,4700,1,0.3062499999999999,6795.219879150391,4700,1,0.3062499999999999,11930.198776245117,4700,1,0.3062499999999999,45409.81266784668,4700,1,0.3062499999999999,37575.77262878418,4700,1,0.3062499999999999,46783.75067138672,4700,1,0.3062499999999999,29148.345932006836,4700,1,0.3062499999999999,7269.540863037109,4700,1,0.3062499999999999,7158.670913696289,4700,1,0.3062499999999999,6749.596481323242,4700,1,0.3062499999999999,6966.940216064453,4700,1,0.3062499999999999,7758.4150390625,3007,3007,3007,3007,3007,3007,3007,3007,3007,3007,3007,3007,4690,4691,3007,3007,3007,4690,3007,3007,3007,3007,3007,4690,83.33332824707031,5.263157844543457,0,0,0,0,25,22.22222328186035,31.57894515991211,50,0,0,23.52941131591797,0,0,0,0,16.666667938232422,26.3157901763916,100,0,0,0,0,66481098752,12884893696,1635201024,0
99,1780596556634,57034.44776916504,4700,1,0.3062499999999999,6932.556488037109,4700,1,0.3062499999999999,6795.222961425781,4700,1,0.3062499999999999,11930.429382324219,4700,1,0.3062499999999999,45410.22512817383,4700,1,0.3062499999999999,37576.15982055664,4700,1,0.3062499999999999,46784.23342895508,4700,1,0.3062499999999999,29149.03741455078,4700,1,0.3062499999999999,7269.5443115234375,4700,1,0.3062499999999999,7158.67399597168,4700,1,0.3062499999999999,6749.599563598633,4700,1,0.3062499999999999,6967.142166137695,4700,1,0.3062499999999999,7764.352462768555,3007,3007,3007,3007,3007,3007,3007,3007,3007,3007,3007,3007,4690,4691,3007,3007,3007,4690,3007,3007,3007,3007,3007,4690,83.33332824707031,5.263157844543457,0,0,0,0,25,22.22222328186035,31.57894515991211,50,0,0,23.52941131591797,0,0,0,0,16.666667938232422,26.3157901763916,100,0,0,0,0,66481098752,12884893696,1635639296,0
99,1780596556734,57035.03169250488,4700,1,0.3062499999999999,6932.559600830078,4700,1,0.3062499999999999,6795.226165771484,4700,1,0.3062499999999999,11930.61068725586,4700,1,0.3062499999999999,45410.58497619629,4700,1,0.3062499999999999,37576.5830078125,4700,1,0.3062499999999999,46784.664611816406,4700,1,0.3062499999999999,29149.73422241211,4700,1,0.3062499999999999,7269.547393798828,4700,1,0.3062499999999999,7158.67707824707,4700,1,0.3062499999999999,6749.613235473633,4700,1,0.3062499999999999,6967.359939575195,4700,1,0.3062499999999999,7770.167083740234,3007,3007,3007,3007,3007,3007,3007,3007,3007,3007,3007,3007,4690,4691,3007,3007,3007,4690,3007,3007,3007,3007,3007,4690,83.33332824707031,10,0,0,5.263157844543457,5.263157844543457,20,5.555555820465088,16.666667938232422,35.71428680419922,0,0,21.052631378173828,0,0,0,0,35,36.842105865478516,100,0,0,0,0,66481098752,12884893696,1625653248,0
99,1780596556834,57035.6492767334,4700,1,0.3062499999999999,6932.562683105469,4700,1,0.3062499999999999,6795.229248046875,4700,1,0.3062499999999999,11931.029708862305,4700,1,0.3062499999999999,45410.94903564453,4700,1,0.3062499999999999,37576.90069580078,4700,1,0.3062499999999999,46784.988998413086,4700,1,0.3062499999999999,29150.420700073242,4700,1,0.3062499999999999,7269.550537109375,4700,1,0.3062499999999999,7158.680160522461,4700,1,0.3062499999999999,6749.7322998046875,4700,1,0.3062499999999999,6967.399169921875,4700,1,0.3062499999999999,7776.050994873047,3007,3007,3007,3007,3007,3007,3007,3007,3007,3007,3007,3007,4690,4691,3007,3007,3007,4690,3007,3007,3007,3007,3007,4690,83.33332824707031,10,0,0,5.263157844543457,5.263157844543457,20,5.555555820465088,16.666667938232422,35.71428680419922,0,0,21.052631378173828,0,0,0,0,35,36.842105865478516,100,0,0,0,0,66481098752,12884893696,1634152448,0
99,1780596556934,57036.28253173828,4700,1,0.3062499999999999,6932.565765380859,4700,1,0.3062499999999999,6795.232391357422,4700,1,0.3062499999999999,11931.448196411133,4700,1,0.3062499999999999,45411.290756225586,4700,1,0.3062499999999999,37577.25407409668,4700,1,0.3062499999999999,46785.288177490234,4700,1,0.3062499999999999,29151.10873413086,4700,1,0.3062499999999999,7269.553619384766,4700,1,0.3062499999999999,7158.683242797852,4700,1,0.3062499999999999,6749.743621826172,4700,1,0.3062499999999999,6967.514511108398,4700,1,0.3062499999999999,7781.93408203125,3007,3007,3007,3007,3007,3007,3007,3007,3007,3007,3007,3007,4690,4691,3007,3007,3007,4690,3007,3007,3007,3007,3007,4690,90,21.052631378173828,0,0,35,22.22222328186035,26.3157901763916,30.000001907348633,0,47.36842346191406,0,0,5,0,0,0,0,0,21.052631378173828,100,0,0,0,0,66481098752,12884893696,1631186944,0
99,1780596557034,57036.82376098633,4700,1,0.30000000000000004,6932.568817138672,4700,1,0.30000000000000004,6795.235443115234,4700,1,0.30000000000000004,11931.803329467773,4700,1,0.30000000000000004,45411.70391845703,4700,1,0.30000000000000004,37577.64628601074,4700,1,0.30000000000000004,46785.72807312012,4700,1,0.30000000000000004,29151.78904724121,4700,1,0.30000000000000004,7269.556671142578,4700,1,0.30000000000000004,7158.686294555664,4700,1,0.30000000000000004,6749.746673583984,4700,1,0.30000000000000004,6967.517562866211,4700,1,0.30000000000000004,7787.699401855469,3007,3007,3007,3007,3007,3007,3007,3007,3007,3007,3007,3007,4690,4691,3007,3007,3007,4690,3007,3007,3007,3007,3007,4690,90,21.052631378173828,0,0,35,22.22222328186035,26.3157901763916,30.000001907348633,0,47.36842346191406,0,0,5,0,0,0,0,0,21.052631378173828,100,0,0,0,0,66481098752,12884893696,1625460736,0
99,1780596557134,57037.46885681152,4700,1,0.3062499999999999,6932.571929931641,4700,1,0.3062499999999999,6795.238586425781,4700,1,0.3062499999999999,11932.157928466797,4700,1,0.3062499999999999,45412.09420776367,4700,1,0.3062499999999999,37577.88311767578,4700,1,0.3062499999999999,46786.111389160156,4700,1,0.3062499999999999,29152.478134155273,4700,1,0.3062499999999999,7269.559814453125,4700,1,0.3062499999999999,7158.689376831055,4700,1,0.3062499999999999,6749.755874633789,4700,1,0.3062499999999999,6967.520645141602,4700,1,0.3062499999999999,7793.298202514648,3007,3007,3007,3007,3007,3007,3007,3007,3007,3007,3007,3007,4690,4691,3007,3007,3007,4690,3007,3007,3007,3007,3007,4690,80,6.25,0,0,23.809524536132813,5.555555820465088,36.3636360168457,15.789472579956055,30.000001907348633,47.05882263183594,0,0,5.555555820465088,0,0,0,0,14.285715103149414,5.555555820465088,100,0,0,0,0,66481098752,12884893696,1621225472,0
99,1780596557234,57038.07914733887,4700,1,0.3062499999999999,6932.575012207031,4700,1,0.3062499999999999,6795.241882324219,4700,1,0.3062499999999999,11932.46989440918,4700,1,0.3062499999999999,45412.5407409668,4700,1,0.3062499999999999,37578.1653137207,4700,1,0.3062499999999999,46786.5592956543,4700,1,0.3062499999999999,29153.165634155273,4700,1,0.3062499999999999,7269.562957763672,4700,1,0.3062499999999999,7158.692489624023,4700,1,0.3062499999999999,6749.765716552734,4700,1,0.3062499999999999,6967.523727416992,4700,1,0.3062499999999999,7798.976959228516,3007,3007,3007,3007,3007,3007,3007,3007,3007,3007,3007,3007,4690,4691,3007,3007,3007,4690,3007,3007,3007,3007,3007,4690,80,6.25,0,0,23.809524536132813,5.555555820465088,36.3636360168457,15.789472579956055,30.000001907348633,47.05882263183594,0,0,5.555555820465088,0,0,0,0,14.285715103149414,5.555555820465088,100,0,0,0,0,66481098752,12884893696,1627828224,0
99,1780596557334,57038.708923339844,4700,1,0.3062499999999999,6932.578094482422,4700,1,0.3062499999999999,6795.2449951171875,4700,1,0.3062499999999999,11932.763763427734,4700,1,0.3062499999999999,45412.98042297363,4700,1,0.3062499999999999,37578.59638977051,4700,1,0.3062499999999999,46786.89126586914,4700,1,0.3062499999999999,29153.853759765625,4700,1,0.3062499999999999,7269.5660400390625,4700,1,0.3062499999999999,7158.695571899414,4700,1,0.3062499999999999,6749.768798828125,4700,1,0.3062499999999999,6967.526809692383,4700,1,0.3062499999999999,7804.69140625,3007,3007,3007,3007,3007,3007,3007,3007,3007,3007,3007,3007,4690,4691,3007,3007,3007,4690,3007,3007,3007,3007,3007,4690,85,13.636363983154297,0,0,31.57894515991211,15.000000953674316,29.411766052246094,15.789472579956055,25,44.4444465637207,0,0,25,0,0,0,0,0,21.052631378173828,100,0,0,0,0,66481098752,12884893696,1626882048,0
99,1780596557434,57039.31021118164,4700,1,0.3062499999999999,6932.5811767578125,4700,1,0.3062499999999999,6795.248138427734,4700,1,0.3062499999999999,11933.065078735352,4700,1,0.3062499999999999,45413.491271972656,4700,1,0.3062499999999999,37579.019271850586,4700,1,0.3062499999999999,46787.25373840332,4700,1,0.3062499999999999,29154.521423339844,4700,1,0.3062499999999999,7269.569274902344,4700,1,0.3062499999999999,7158.698715209961,4700,1,0.3062499999999999,6749.771881103516,4700,1,0.3062499999999999,6967.529891967773,4700,1,0.3062499999999999,7810.507125854492,3007,3007,3007,3007,3007,3007,3007,3007,3007,3007,3007,3007,4690,4691,3007,3007,3007,4690,3007,3007,3007,3007,3007,4690,85,13.636363983154297,0,0,31.57894515991211,15.000000953674316,29.411766052246094,15.789472579956055,25,44.4444465637207,0,0,25,0,0,0,0,0,21.052631378173828,100,0,0,0,0,66481098752,12884893696,1626423296,0
99,1780596557534,57039.91877746582,4700,1,0.3062499999999999,6932.584259033203,4700,1,0.3062499999999999,6795.257110595703,4700,1,0.3062499999999999,11933.472213745117,4700,1,0.3062499999999999,45413.91133117676,4700,1,0.3062499999999999,37579.382888793945,4700,1,0.3062499999999999,46787.52224731445,4700,1,0.3062499999999999,29155.21466064453,4700,1,0.3062499999999999,7269.572525024414,4700,1,0.3062499999999999,7158.701797485352,4700,1,0.3062499999999999,6749.774963378906,4700,1,0.3062499999999999,6967.532974243164,4700,1,0.3062499999999999,7816.291397094727,3007,3007,3007,3007,3007,3007,3007,3007,3007,3007,3007,3007,4690,4691,3007,3007,3007,4690,3007,3007,3007,3007,3007,4690,88.8888931274414,5.882352828979492,0,0,21.052631378173828,5.882352828979492,30.000001907348633,28.571430206298828,15.789472579956055,47.36842346191406,0,0,31.57894515991211,0,0,0,0,20,5.263157844543457,100,0,0,0,0,66481098752,12884893696,1621061632,0
99,1780596557634,57040.53942871094,4700,1,0.30000000000000004,6932.587387084961,4700,1,0.30000000000000004,6795.260192871094,4700,1,0.30000000000000004,11933.729446411133,4700,1,0.30000000000000004,45414.38374328613,4700,1,0.30000000000000004,37579.705795288086,4700,1,0.30000000000000004,46787.96113586426,4700,1,0.30000000000000004,29155.901107788086,4700,1,0.30000000000000004,7269.575881958008,4700,1,0.30000000000000004,7158.704940795898,4700,1,0.30000000000000004,6749.778045654297,4700,1,0.30000000000000004,6967.536056518555,4700,1,0.30000000000000004,7822.00439453125,3007,3007,3007,3007,3007,3007,3007,3007,3007,3007,3007,3007,4690,4691,3007,3007,3007,4690,3007,3007,3007,3007,3007,4690,88.8888931274414,5.882352828979492,0,0,21.052631378173828,5.882352828979492,30.000001907348633,28.571430206298828,15.789472579956055,47.36842346191406,0,0,31.57894515991211,0,0,0,0,20,5.263157844543457,100,0,0,0,0,66481098752,12884893696,1628504064,0
99,1780596557734,57041.1368560791,4700,1,0.30000000000000004,6932.590469360352,4700,1,0.30000000000000004,6795.263336181641,4700,1,0.30000000000000004,11934.080368041992,4700,1,0.30000000000000004,45414.75895690918,4700,1,0.30000000000000004,37580.05027770996,4700,1,0.30000000000000004,46788.41679382324,4700,1,0.30000000000000004,29156.583740234375,4700,1,0.30000000000000004,7269.579208374023,4700,1,0.30000000000000004,7158.708053588867,4700,1,0.30000000000000004,6749.781097412109,4700,1,0.30000000000000004,6967.53923034668,4700,1,0.30000000000000004,7827.799377441406,3007,3007,3007,3007,3007,3007,3007,3007,3007,3007,3007,3007,4690,4691,3007,3007,3007,4690,3007,3007,3007,3007,3007,4690,83.33332824707031,15.000000953674316,0,0,17.647058486938477,18.18181800842285,28.571430206298828,21.052631378173828,15.000000953674316,47.36842346191406,0,0,22.22222328186035,0,0,0,0,5,35,100,0,0,0,0,66481098752,12884893696,1627480064,0
99,1780596557835,57041.7698059082,4700,1,0.3062499999999999,6932.593521118164,4700,1,0.3062499999999999,6795.266387939453,4700,1,0.3062499999999999,11934.257797241211,4700,1,0.3062499999999999,45415.208251953125,4700,1,0.3062499999999999,37580.385314941406,4700,1,0.3062499999999999,46788.87185668945,4700,1,0.3062499999999999,29157.264755249023,4700,1,0.3062499999999999,7269.582336425781,4700,1,0.3062499999999999,7158.711135864258,4700,1,0.3062499999999999,6749.7841796875,4700,1,0.3062499999999999,6967.542373657227,4700,1,0.3062499999999999,7833.4666748046875,3007,3007,3007,3007,3007,3007,3007,3007,3007,3007,3007,3007,4690,4691,3007,3007,3007,4690,3007,3007,3007,3007,3007,4690,83.33332824707031,15.000000953674316,0,0,17.647058486938477,18.18181800842285,28.571430206298828,21.052631378173828,15.000000953674316,47.36842346191406,0,0,22.22222328186035,0,0,0,0,5,35,100,0,0,0,0,66481098752,12884893696,1623945216,0
99,1780596557935,57042.3663482666,4700,1,0.3062499999999999,6932.596603393555,4700,1,0.3062499999999999,6795.269592285156,4700,1,0.3062499999999999,11934.696884155273,4700,1,0.3062499999999999,45415.682525634766,4700,1,0.3062499999999999,37580.80093383789,4700,1,0.3062499999999999,46789.24850463867,4700,1,0.3062499999999999,29157.88784790039,4700,1,0.3062499999999999,7269.585479736328,4700,1,0.3062499999999999,7158.714279174805,4700,1,0.3062499999999999,6749.787261962891,4700,1,0.3062499999999999,6967.545455932617,4700,1,0.3062499999999999,7839.330764770508,3007,3007,3007,3007,3007,3007,3007,3007,3007,3007,3007,3007,4690,4691,3007,3007,3007,4690,3007,3007,3007,3007,3007,4690,89.47368621826172,28.571430206298828,0,0,22.22222328186035,10.526315689086914,27.77777862548828,12.5,22.22222328186035,40,0,0,28.571430206298828,0,0,0,0,0,20,100,0,0,0,0,66481098752,12884893696,1622433792,0
99,1780596558035,57043.015197753906,4700,1,0.3062499999999999,6932.599685668945,4700,1,0.3062499999999999,6795.272674560547,4700,1,0.3062499999999999,11934.823287963867,4700,1,0.3062499999999999,45416.166900634766,4700,1,0.3062499999999999,37581.300033569336,4700,1,0.3062499999999999,46789.76989746094,4700,1,0.3062499999999999,29158.442260742188,4700,1,0.3062499999999999,7269.588851928711,4700,1,0.3062499999999999,7158.717361450195,4700,1,0.3062499999999999,6749.790344238281,4700,1,0.3062499999999999,6967.548538208008,4700,1,0.3062499999999999,7845.212326049805,3007,3007,3007,3007,3007,3007,3007,3007,3007,3007,3007,3007,4690,4691,3007,3007,3007,4690,3007,3007,3007,3007,3007,4690,89.47368621826172,28.571430206298828,0,0,22.22222328186035,10.526315689086914,27.77777862548828,12.5,22.22222328186035,40,0,0,28.571430206298828,0,0,0,0,0,20,100,0,0,0,0,66481098752,12884893696,1629700096,0
99,1780596558135,57043.59957885742,4700,1,0.30000000000000004,6932.624557495117,4700,1,0.3062499999999999,6795.305816650391,4700,1,0.3062499999999999,11935.072677612305,4700,1,0.30000000000000004,45416.533294677734,4700,1,0.30000000000000004,37581.65689086914,4700,1,0.30000000000000004,46790.18299865723,4700,1,0.30000000000000004,29159.06507873535,4700,1,0.30000000000000004,7269.605453491211,4700,1,0.30000000000000004,7158.760971069336,4700,1,0.3062499999999999,6749.829727172852,4700,1,0.3062499999999999,6967.58171081543,4700,1,0.3062499999999999,7850.812118530273,3007,3007,3007,3007,3007,3007,3007,3007,3007,3007,3007,3007,4690,4691,3007,3007,3007,4690,3007,3007,3007,3007,3007,4690,94.73684692382813,0,0,0,25,0,21.052631378173828,20,26.3157901763916,16.666667938232422,0,0,30.000001907348633,0,9.090909004211426,0,0,27.77777862548828,26.3157901763916,90,0,0,0,0,66481098752,12884893696,1634742272,0
99,1780596558235,57044.154388427734,4700,1,0.30000000000000004,6932.628616333008,4700,1,0.30000000000000004,6795.311279296875,4700,1,0.30000000000000004,11935.48745727539,4700,1,0.30000000000000004,45416.95703125,4700,1,0.30000000000000004,37582.007415771484,4700,1,0.30000000000000004,46790.53157043457,4700,1,0.30000000000000004,29159.746780395508,4700,1,0.30000000000000004,7269.6092529296875,4700,1,0.30000000000000004,7158.765228271484,4700,1,0.30000000000000004,6749.833297729492,4700,1,0.30000000000000004,6967.585250854492,4700,1,0.30000000000000004,7856.501358032227,3007,3007,3007,3007,3007,3007,3007,3007,3007,3007,3007,3007,4690,4691,3007,3007,3007,4690,3007,3007,3007,3007,3007,4690,94.73684692382813,0,0,0,25,0,21.052631378173828,20,26.3157901763916,16.666667938232422,0,0,30.000001907348633,0,9.090909004211426,0,0,27.77777862548828,26.3157901763916,90,0,0,0,0,66481098752,12884893696,1626361856,0
99,1780596558335,57044.81036376953,4700,1,0.3062499999999999,6932.632263183594,4700,1,0.3062499999999999,6795.331130981445,4700,1,0.3062499999999999,11935.801818847656,4700,1,0.3062499999999999,45417.455322265625,4700,1,0.3062499999999999,37582.46269226074,4700,1,0.3062499999999999,46790.888610839844,4700,1,0.3062499999999999,29160.35235595703,4700,1,0.3062499999999999,7269.6124267578125,4700,1,0.3062499999999999,7158.768417358398,4700,1,0.3062499999999999,6749.836380004883,4700,1,0.3062499999999999,6967.588333129883,4700,1,0.3062499999999999,7862.364944458008,3007,3007,3007,3007,3007,3007,3007,3007,3007,3007,3007,3007,4690,4691,3007,3007,3007,4690,3007,3007,3007,3007,3007,4690,88.23529815673828,22.22222328186035,0,0,21.052631378173828,15.000000953674316,27.77777862548828,16.666667938232422,31.57894515991211,31.57894515991211,0,0,26.3157901763916,0,0,0,0,11.764705657958984,0,100,0,0,0,0,66481098752,12884893696,1625235456,0
99,1780596558435,57045.40986633301,4700,1,0.3062499999999999,6932.635314941406,4700,1,0.3062499999999999,6795.334182739258,4700,1,0.3062499999999999,11936.12026977539,4700,1,0.3062499999999999,45417.92189025879,4700,1,0.3062499999999999,37582.954360961914,4700,1,0.3062499999999999,46791.391021728516,4700,1,0.3062499999999999,29160.894165039063,4700,1,0.3062499999999999,7269.615692138672,4700,1,0.3062499999999999,7158.771469116211,4700,1,0.3062499999999999,6749.839431762695,4700,1,0.3062499999999999,6967.591384887695,4700,1,0.3062499999999999,7868.294692993164,3007,3007,3007,3007,3007,3007,3007,3007,3007,3007,3007,3007,4690,4691,3007,3007,3007,4690,3007,3007,3007,3007,3007,4690,88.23529815673828,22.22222328186035,0,0,21.052631378173828,15.000000953674316,27.77777862548828,16.666667938232422,31.57894515991211,31.57894515991211,0,0,26.3157901763916,0,0,0,0,11.764705657958984,0,100,0,0,0,0,66481098752,12884893696,1634332672,0
99,1780596558535,57046.04136657715,4700,1,0.3062499999999999,6932.638488769531,4700,1,0.3062499999999999,6795.337387084961,4700,1,0.3062499999999999,11936.512924194336,4700,1,0.3062499999999999,45418.38313293457,4700,1,0.3062499999999999,37583.368713378906,4700,1,0.3062499999999999,46791.88998413086,4700,1,0.3062499999999999,29161.437759399414,4700,1,0.3062499999999999,7269.618865966797,4700,1,0.3062499999999999,7158.774612426758,4700,1,0.3062499999999999,6749.842666625977,4700,1,0.3062499999999999,6967.594573974609,4700,1,0.3062499999999999,7874.322769165039,3007,3007,3007,3007,3007,3007,3007,3007,3007,3007,3007,3007,4690,4691,3007,3007,3007,4690,3007,3007,3007,3007,3007,4690,94.73684692382813,9.523809432983398,0,0,21.052631378173828,26.3157901763916,30.000001907348633,36.842105865478516,36.842105865478516,0,0,0,29.411766052246094,0,0,0,0,28.571430206298828,31.57894515991211,100,0,0,0,0,66481098752,12884893696,1635987456,0
99,1780596558635,57046.693588256836,4700,1,0.3062499999999999,6932.641571044922,4700,1,0.3062499999999999,6795.340484619141,4700,1,0.3062499999999999,11936.957534790039,4700,1,0.3062499999999999,45418.82586669922,4700,1,0.3062499999999999,37583.856521606445,4700,1,0.3062499999999999,46792.258728027344,4700,1,0.3062499999999999,29161.98194885254,4700,1,0.3062499999999999,7269.622161865234,4700,1,0.3062499999999999,7158.777694702148,4700,1,0.3062499999999999,6749.845748901367,4700,1,0.3062499999999999,6967.59765625,4700,1,0.3062499999999999,7880.338333129883,3007,3007,3007,3007,3007,3007,3007,3007,3007,3007,3007,3007,4690,4691,3007,3007,3007,4690,3007,3007,3007,3007,3007,4690,94.73684692382813,9.523809432983398,0,0,21.052631378173828,26.3157901763916,30.000001907348633,36.842105865478516,36.842105865478516,0,0,0,29.411766052246094,0,0,0,0,28.571430206298828,31.57894515991211,100,0,0,0,0,66481098752,12884893696,1629589504,0
99,1780596558735,57047.312271118164,4700,1,0.3062499999999999,6932.644683837891,4700,1,0.3062499999999999,6795.34831237793,4700,1,0.3062499999999999,11937.331253051758,4700,1,0.3062499999999999,45419.27508544922,4700,1,0.3062499999999999,37584.21984863281,4700,1,0.3062499999999999,46792.66180419922,4700,1,0.3062499999999999,29162.630813598633,4700,1,0.3062499999999999,7269.625274658203,4700,1,0.3062499999999999,7158.780776977539,4700,1,0.3062499999999999,6749.849411010742,4700,1,0.3062499999999999,6967.600769042969,4700,1,0.3062499999999999,7886.078598022461,3007,3007,3007,3007,3007,3007,3007,3007,3007,3007,3007,3007,4690,4691,3007,3007,3007,4690,3007,3007,3007,3007,3007,4690,95,16.666667938232422,0,0,27.77777862548828,26.3157901763916,11.111111640930176,30.000001907348633,27.77777862548828,15.789472579956055,0,0,31.57894515991211,0,0,0,0,16.666667938232422,5.263157844543457,100,0,0,0,0,66481098752,12884893696,1631236096,0
99,1780596558835,57047.90361022949,4700,1,0.30000000000000004,6932.647766113281,4700,1,0.3062499999999999,6795.35139465332,4700,1,0.3062499999999999,11937.477005004883,4700,1,0.30000000000000004,45419.742767333984,4700,1,0.3062499999999999,37584.53517150879,4700,1,0.3062499999999999,46793.11796569824,4700,1,0.3062499999999999,29163.329162597656,4700,1,0.3062499999999999,7269.6285400390625,4700,1,0.3062499999999999,7158.78385925293,4700,1,0.3062499999999999,6749.852493286133,4700,1,0.3062499999999999,6967.603851318359,4700,1,0.3062499999999999,7891.810562133789,3007,3007,3007,3007,3007,3007,3007,3007,3007,3007,3007,3007,4690,4691,3007,3007,3007,4690,3007,3007,3007,3007,3007,4690,95,16.666667938232422,0,0,27.77777862548828,26.3157901763916,11.111111640930176,30.000001907348633,27.77777862548828,15.789472579956055,0,0,31.57894515991211,0,0,0,0,16.666667938232422,5.263157844543457,100,0,0,0,0,66481098752,12884893696,1630846976,0
99,1780596558935,57048.42738342285,4700,1,0.3062499999999999,6932.650848388672,4700,1,0.3062499999999999,6795.354553222656,4700,1,0.3062499999999999,11937.725692749023,4700,1,0.3062499999999999,45420.135345458984,4700,1,0.3062499999999999,37584.91981506348,4700,1,0.3062499999999999,46793.61668395996,4700,1,0.3062499999999999,29164.020538330078,4700,1,0.3062499999999999,7269.631927490234,4700,1,0.3062499999999999,7158.78694152832,4700,1,0.3062499999999999,6749.855621337891,4700,1,0.3062499999999999,6967.60693359375,4700,1,0.3062499999999999,7897.505630493164,3007,3007,3007,3007,3007,3007,3007,3007,3007,3007,3007,3007,4690,4691,3007,3007,3007,4690,3007,3007,3007,3007,3007,4690,83.33332824707031,10.526315689086914,0,0,10.526315689086914,5,20,0,22.22222328186035,43.75,0,0,27.77777862548828,0,0,0,0,17.647058486938477,23.52941131591797,100,0,0,0,0,66481098752,12884893696,1631584256,0
99,1780596559035,57049.00617980957,4700,1,0.3062499999999999,6932.6539306640625,4700,1,0.3062499999999999,6795.3597412109375,4700,1,0.3062499999999999,11938.00602722168,4700,1,0.3062499999999999,45420.45617675781,4700,1,0.3062499999999999,37585.39747619629,4700,1,0.3062499999999999,46794.05616760254,4700,1,0.3062499999999999,29164.70149230957,4700,1,0.3062499999999999,7269.634979248047,4700,1,0.3062499999999999,7158.790069580078,4700,1,0.3062499999999999,6749.858749389648,4700,1,0.3062499999999999,6967.610015869141,4700,1,0.3062499999999999,7903.232955932617,3007,3007,3007,3007,3007,3007,3007,3007,3007,3007,3007,3007,4690,4691,3007,3007,3007,4690,3007,3007,3007,3007,3007,4690,83.33332824707031,10.526315689086914,0,0,10.526315689086914,5,20,0,22.22222328186035,43.75,0,0,27.77777862548828,0,0,0,0,17.647058486938477,23.52941131591797,100,0,0,0,0,66481098752,12884893696,1626292224,0
99,1780596559135,57049.572662353516,4700,1,0.3062499999999999,6932.656982421875,4700,1,0.3062499999999999,6795.362823486328,4700,1,0.3062499999999999,11938.259750366211,4700,1,0.3062499999999999,45420.8634185791,4700,1,0.3062499999999999,37585.779724121094,4700,1,0.3062499999999999,46794.525131225586,4700,1,0.3062499999999999,29165.39292907715,4700,1,0.3062499999999999,7269.638198852539,4700,1,0.3062499999999999,7158.793197631836,4700,1,0.3062499999999999,6749.861831665039,4700,1,0.3062499999999999,6967.613067626953,4700,1,0.3062499999999999,7908.847946166992,3007,3007,3007,3007,3007,3007,3007,3007,3007,3007,3007,3007,4690,4691,3007,3007,3007,4690,3007,3007,3007,3007,3007,4690,84.21052551269531,5.555555820465088,0,0,10.526315689086914,0,30.000001907348633,15.789472579956055,35,41.17647171020508,0,0,10.526315689086914,0,0,0,0,31.57894515991211,20,100,0,0,0,0,66481098752,12884893696,1627467776,0
99,1780596559235,57050.166915893555,4700,1,0.3062499999999999,6932.660064697266,4700,1,0.3062499999999999,6795.36865234375,4700,1,0.3062499999999999,11938.454559326172,4700,1,0.3062499999999999,45421.33903503418,4700,1,0.3062499999999999,37586.16584777832,4700,1,0.3062499999999999,46794.93244934082,4700,1,0.3062499999999999,29166.067306518555,4700,1,0.3062499999999999,7269.641891479492,4700,1,0.3062499999999999,7158.796325683594,4700,1,0.3062499999999999,6749.864974975586,4700,1,0.3062499999999999,6967.616165161133,4700,1,0.3062499999999999,7914.613037109375,3007,3007,3007,3007,3007,3007,3007,3007,3007,3007,3007,3007,4690,4691,3007,3007,3007,4690,3007,3007,3007,3007,3007,4690,84.21052551269531,5.555555820465088,0,0,10.526315689086914,0,30.000001907348633,15.789472579956055,35,41.17647171020508,0,0,10.526315689086914,0,0,0,0,31.57894515991211,20,100,0,0,0,0,66481098752,12884893696,1626853376,0
99,1780596559335,57050.78276062012,4700,1,0.30000000000000004,6932.663146972656,4700,1,0.30000000000000004,6795.371734619141,4700,1,0.30000000000000004,11938.764083862305,4700,1,0.30000000000000004,45421.71879577637,4700,1,0.30000000000000004,37586.556228637695,4700,1,0.30000000000000004,46795.3065032959,4700,1,0.30000000000000004,29166.756301879883,4700,1,0.30000000000000004,7269.645004272461,4700,1,0.30000000000000004,7158.799407958984,4700,1,0.30000000000000004,6749.868057250977,4700,1,0.30000000000000004,6967.619247436523,4700,1,0.30000000000000004,7920.406631469727,3007,3007,3007,3007,3007,3007,3007,3007,3007,3007,3007,3007,4690,4691,3007,3007,3007,4690,3007,3007,3007,3007,3007,4690,84.21052551269531,14.285715103149414,0,0,30.000001907348633,5.263157844543457,11.764705657958984,10,10.526315689086914,50,0,0,30.000001907348633,0,0,0,0,31.57894515991211,22.22222328186035,100,0,0,0,0,66481098752,12884893696,1627942912,0
99,1780596559435,57051.414154052734,4700,1,0.3062499999999999,6932.666229248047,4700,1,0.3062499999999999,6795.374954223633,4700,1,0.3062499999999999,11938.967956542969,4700,1,0.3062499999999999,45422.160736083984,4700,1,0.3062499999999999,37586.91831970215,4700,1,0.3062499999999999,46795.687103271484,4700,1,0.3062499999999999,29167.435287475586,4700,1,0.3062499999999999,7269.64811706543,4700,1,0.3062499999999999,7158.802490234375,4700,1,0.3062499999999999,6749.871139526367,4700,1,0.3062499999999999,6967.622329711914,4700,1,0.3062499999999999,7926.122146606445,3007,3007,3007,3007,3007,3007,3007,3007,3007,3007,3007,3007,4690,4691,3007,3007,3007,4690,3007,3007,3007,3007,3007,4690,84.21052551269531,14.285715103149414,0,0,30.000001907348633,5.263157844543457,11.764705657958984,10,10.526315689086914,50,0,0,30.000001907348633,0,0,0,0,31.57894515991211,22.22222328186035,100,0,0,0,0,66481098752,12884893696,1620975616,0
99,1780596559535,57052.03578186035,4700,1,0.3062499999999999,6932.6693115234375,4700,1,0.3062499999999999,6795.378112792969,4700,1,0.3062499999999999,11939.226837158203,4700,1,0.3062499999999999,45422.603286743164,4700,1,0.3062499999999999,37587.23329162598,4700,1,0.3062499999999999,46796.06253051758,4700,1,0.3062499999999999,29168.130661010742,4700,1,0.3062499999999999,7269.65119934082,4700,1,0.3062499999999999,7158.805572509766,4700,1,0.3062499999999999,6749.874298095703,4700,1,0.3062499999999999,6967.625411987305,4700,1,0.3062499999999999,7931.814682006836,3007,3007,3007,3007,3007,3007,3007,3007,3007,3007,3007,3007,4690,4691,3007,3007,3007,4690,3007,3007,3007,3007,3007,4690,88.8888931274414,0,0,0,30.000001907348633,23.809524536132813,21.052631378173828,21.052631378173828,10.526315689086914,37.5,0,0,23.52941131591797,0,0,0,0,9.523809432983398,17.647058486938477,100,0,0,0,0,66481098752,12884893696,1626845184,0
99,1780596559636,57052.65010070801,4700,1,0.3062499999999999,6932.672393798828,4700,1,0.3062499999999999,6795.381195068359,4700,1,0.3062499999999999,11939.39306640625,4700,1,0.3062499999999999,45423.07400512695,4700,1,0.3062499999999999,37587.534576416016,4700,1,0.3062499999999999,46796.46597290039,4700,1,0.3062499999999999,29168.818801879883,4700,1,0.3062499999999999,7269.654281616211,4700,1,0.3062499999999999,7158.808654785156,4700,1,0.3062499999999999,6749.878875732422,4700,1,0.3062499999999999,6967.628601074219,4700,1,0.3062499999999999,7937.491485595703,3007,3007,3007,3007,3007,3007,3007,3007,3007,3007,3007,3007,4690,4691,3007,3007,3007,4690,3007,3007,3007,3007,3007,4690,88.8888931274414,0,0,0,30.000001907348633,23.809524536132813,21.052631378173828,21.052631378173828,10.526315689086914,37.5,0,0,23.52941131591797,0,0,0,0,9.523809432983398,17.647058486938477,100,0,0,0,0,66481098752,12884893696,1625468928,0
99,1780596559736,57053.21739196777,4700,1,0.30000000000000004,6932.675537109375,4700,1,0.30000000000000004,6795.384338378906,4700,1,0.30000000000000004,11939.799255371094,4700,1,0.30000000000000004,45423.515396118164,4700,1,0.30000000000000004,37587.878356933594,4700,1,0.30000000000000004,46796.85206604004,4700,1,0.30000000000000004,29169.483642578125,4700,1,0.30000000000000004,7269.657424926758,4700,1,0.30000000000000004,7158.811737060547,4700,1,0.30000000000000004,6749.882064819336,4700,1,0.30000000000000004,6967.631820678711,4700,1,0.30000000000000004,7943.240936279297,3007,3007,3007,3007,3007,3007,3007,3007,3007,3007,3007,3007,4690,4691,3007,3007,3007,4690,3007,3007,3007,3007,3007,4690,82.35294342041016,10,0,0,21.052631378173828,15.789472579956055,30.000001907348633,21.052631378173828,21.052631378173828,42.105262756347656,0,0,27.77777862548828,0,0,0,0,5.555555820465088,28.571430206298828,100,0,0,0,0,66481098752,12884893696,1621790720,0
99,1780596559836,57053.787536621094,4700,1,0.30000000000000004,6932.678619384766,4700,1,0.30000000000000004,6795.387512207031,4700,1,0.30000000000000004,11940.172790527344,4700,1,0.30000000000000004,45423.862380981445,4700,1,0.30000000000000004,37588.231704711914,4700,1,0.30000000000000004,46797.3291015625,4700,1,0.30000000000000004,29170.16065979004,4700,1,0.30000000000000004,7269.6605224609375,4700,1,0.30000000000000004,7158.814804077148,4700,1,0.30000000000000004,6749.885116577148,4700,1,0.30000000000000004,6967.634902954102,4700,1,0.30000000000000004,7948.951126098633,3007,3007,3007,3007,3007,3007,3007,3007,3007,3007,3007,3007,4690,4691,3007,3007,3007,4690,3007,3007,3007,3007,3007,4690,82.35294342041016,10,0,0,21.052631378173828,15.789472579956055,30.000001907348633,21.052631378173828,21.052631378173828,42.105262756347656,0,0,27.77777862548828,0,0,0,0,5.555555820465088,28.571430206298828,100,0,0,0,0,66481098752,12884893696,1629773824,0
99,1780596559936,57054.38572692871,4700,1,0.30000000000000004,6932.681671142578,4700,1,0.30000000000000004,6795.390563964844,4700,1,0.30000000000000004,11940.481338500977,4700,1,0.30000000000000004,45424.20471191406,4700,1,0.30000000000000004,37588.60934448242,4700,1,0.30000000000000004,46797.788986206055,4700,1,0.30000000000000004,29170.84829711914,4700,1,0.30000000000000004,7269.663604736328,4700,1,0.30000000000000004,7158.817886352539,4700,1,0.30000000000000004,6749.888198852539,4700,1,0.30000000000000004,6967.637954711914,4700,1,0.30000000000000004,7954.617218017578,3007,3007,3007,3007,3007,3007,3007,3007,3007,3007,3007,3007,4690,4691,3007,3007,3007,4690,3007,3007,3007,3007,3007,4690,90,25,0,0,20,5,30.000001907348633,17.647058486938477,31.57894515991211,50,0,0,0,0,0,0,0,9.523809432983398,17.647058486938477,100,0,0,0,0,66481098752,12884893696,1627746304,0
99,1780596560036,57054.95317077637,4700,1,0.3062499999999999,6932.684753417969,4700,1,0.3062499999999999,6795.393707275391,4700,1,0.3062499999999999,11940.829849243164,4700,1,0.3062499999999999,45424.49743652344,4700,1,0.3062499999999999,37589.009521484375,4700,1,0.3062499999999999,46798.26170349121,4700,1,0.3062499999999999,29171.53726196289,4700,1,0.3062499999999999,7269.666748046875,4700,1,0.3062499999999999,7158.82096862793,4700,1,0.3062499999999999,6749.89128112793,4700,1,0.3062499999999999,6967.64111328125,4700,1,0.3062499999999999,7960.361877441406,3007,3007,3007,3007,3007,3007,3007,3007,3007,3007,3007,3007,4690,4691,3007,3007,3007,4690,3007,3007,3007,3007,3007,4690,90,25,0,0,20,5,30.000001907348633,17.647058486938477,31.57894515991211,50,0,0,0,0,0,0,0,9.523809432983398,17.647058486938477,100,0,0,0,0,66481098752,12884893696,1626456064,0
99,1780596560136,57055.55418395996,4700,1,0.3062499999999999,6932.687835693359,4700,1,0.3062499999999999,6795.396789550781,4700,1,0.3062499999999999,11941.24885559082,4700,1,0.3062499999999999,45424.85009765625,4700,1,0.3062499999999999,37589.350357055664,4700,1,0.3062499999999999,46798.72383117676,4700,1,0.3062499999999999,29172.21517944336,4700,1,0.3062499999999999,7269.669830322266,4700,1,0.3062499999999999,7158.82405090332,4700,1,0.3062499999999999,6749.89436340332,4700,1,0.3062499999999999,6967.644195556641,4700,1,0.3062499999999999,7966.198455810547,3007,3007,3007,3007,3007,3007,3007,3007,3007,3007,3007,3007,4690,4691,3007,3007,3007,4690,3007,3007,3007,3007,3007,4690,83.33332824707031,10.526315689086914,0,0,20,12.5,27.77777862548828,27.272727966308594,35,33.333335876464844,0,0,0,0,0,0,0,21.052631378173828,28.571430206298828,100,0,0,0,0,66481098752,12884893696,1624608768,0
99,1780596560236,57056.17182922363,4700,1,0.3062499999999999,6932.69091796875,4700,1,0.3062499999999999,6795.400146484375,4700,1,0.3062499999999999,11941.567337036133,4700,1,0.3062499999999999,45425.13162231445,4700,1,0.3062499999999999,37589.751525878906,4700,1,0.3062499999999999,46799.16050720215,4700,1,0.3062499999999999,29172.904235839844,4700,1,0.3062499999999999,7269.6729736328125,4700,1,0.3062499999999999,7158.827133178711,4700,1,0.3062499999999999,6749.897445678711,4700,1,0.3062499999999999,6967.647354125977,4700,1,0.3062499999999999,7971.92024230957,3007,3007,3007,3007,3007,3007,3007,3007,3007,3007,3007,3007,4690,4691,3007,3007,3007,4690,3007,3007,3007,3007,3007,4690,83.33332824707031,10.526315689086914,0,0,20,12.5,27.77777862548828,27.272727966308594,35,33.333335876464844,0,0,0,0,0,0,0,21.052631378173828,28.571430206298828,100,0,0,0,0,66481098752,12884893696,1632595968,0
99,1780596560336,57056.77690124512,4700,1,0.3062499999999999,6932.694030761719,4700,1,0.3062499999999999,6795.403259277344,4700,1,0.3062499999999999,11941.863998413086,4700,1,0.3062499999999999,45425.47499084473,4700,1,0.3062499999999999,37590.10346984863,4700,1,0.3062499999999999,46799.64910888672,4700,1,0.3062499999999999,29173.58836364746,4700,1,0.3062499999999999,7269.676086425781,4700,1,0.3062499999999999,7158.830215454102,4700,1,0.3062499999999999,6749.900527954102,4700,1,0.3062499999999999,6967.650436401367,4700,1,0.3062499999999999,7977.60563659668,3007,3007,3007,3007,3007,3007,3007,3007,3007,3007,3007,3007,4690,4691,3007,3007,3007,4690,3007,3007,3007,3007,3007,4690,89.47368621826172,10,0,0,22.22222328186035,15.789472579956055,30.000001907348633,26.3157901763916,27.77777862548828,44.4444465637207,0,0,0,0,0,0,0,5.263157844543457,27.77777862548828,100,0,0,0,0,66481098752,12884893696,1627779072,0
99,1780596560436,57057.35517883301,4700,1,0.3062499999999999,6932.697113037109,4700,1,0.3062499999999999,6795.406341552734,4700,1,0.3062499999999999,11942.216552734375,4700,1,0.3062499999999999,45425.82810974121,4700,1,0.3062499999999999,37590.4518737793,4700,1,0.3062499999999999,46800.0930480957,4700,1,0.3062499999999999,29174.26560974121,4700,1,0.3062499999999999,7269.67919921875,4700,1,0.3062499999999999,7158.833343505859,4700,1,0.3062499999999999,6749.90364074707,4700,1,0.3062499999999999,6967.653518676758,4700,1,0.3062499999999999,7983.358871459961,3007,3007,3007,3007,3007,3007,3007,3007,3007,3007,3007,3007,4690,4691,3007,3007,3007,4690,3007,3007,3007,3007,3007,4690,89.47368621826172,10,0,0,22.22222328186035,15.789472579956055,30.000001907348633,26.3157901763916,27.77777862548828,44.4444465637207,0,0,0,0,0,0,0,5.263157844543457,27.77777862548828,100,0,0,0,0,66481098752,12884893696,1627561984,0
99,1780596560536,57057.966873168945,4700,1,0.3062499999999999,6932.7001953125,4700,1,0.3062499999999999,6795.415451049805,4700,1,0.3062499999999999,11942.534896850586,4700,1,0.3062499999999999,45426.044509887695,4700,1,0.3062499999999999,37590.92616271973,4700,1,0.3062499999999999,46800.545349121094,4700,1,0.3062499999999999,29174.93099975586,4700,1,0.3062499999999999,7269.682403564453,4700,1,0.3062499999999999,7158.83642578125,4700,1,0.3062499999999999,6749.906723022461,4700,1,0.3062499999999999,6967.6630859375,4700,1,0.3062499999999999,7989.120986938477,3007,3007,3007,3007,3007,3007,3007,3007,3007,3007,3007,3007,4690,4691,3007,3007,3007,4690,3007,3007,3007,3007,3007,4690,83.33332824707031,11.764705657958984,0,0,21.052631378173828,10,23.809524536132813,27.77777862548828,35,38.88888931274414,0,0,5.263157844543457,0,0,0,0,15.000000953674316,15.789472579956055,100,0,0,0,0,66481098752,12884893696,1624207360,0
99,1780596560636,57058.60656738281,4700,1,0.3062499999999999,6932.7032470703125,4700,1,0.3062499999999999,6795.418563842773,4700,1,0.3062499999999999,11942.903884887695,4700,1,0.3062499999999999,45426.335525512695,4700,1,0.3062499999999999,37591.38130187988,4700,1,0.3062499999999999,46800.859130859375,4700,1,0.3062499999999999,29175.627334594727,4700,1,0.3062499999999999,7269.685455322266,4700,1,0.3062499999999999,7158.8394775390625,4700,1,0.3062499999999999,6749.909881591797,4700,1,0.3062499999999999,6967.6661376953125,4700,1,0.3062499999999999,7994.8330078125,3007,3007,3007,3007,3007,3007,3007,3007,3007,3007,3007,3007,4690,4691,3007,3007,3007,4690,3007,3007,3007,3007,3007,4690,83.33332824707031,11.764705657958984,0,0,21.052631378173828,10,23.809524536132813,27.77777862548828,35,38.88888931274414,0,0,5.263157844543457,0,0,0,0,15.000000953674316,15.789472579956055,100,0,0,0,0,66481098752,12884893696,1629028352,0
99,1780596560736,57059.15019226074,4700,1,0.3062499999999999,6932.70637512207,4700,1,0.3062499999999999,6795.421722412109,4700,1,0.3062499999999999,11943.20768737793,4700,1,0.3062499999999999,45426.8134765625,4700,1,0.3062499999999999,37591.76924133301,4700,1,0.3062499999999999,46801.27540588379,4700,1,0.3062499999999999,29176.320907592773,4700,1,0.3062499999999999,7269.688613891602,4700,1,0.3062499999999999,7158.842559814453,4700,1,0.3062499999999999,6749.9129638671875,4700,1,0.3062499999999999,6967.677108764648,4700,1,0.3062499999999999,8000.584671020508,3007,3007,3007,3007,3007,3007,3007,3007,3007,3007,3007,3007,4690,4691,3007,3007,3007,4690,3007,3007,3007,3007,3007,4690,85.71428680419922,10,0,0,16.666667938232422,11.111111640930176,21.052631378173828,21.052631378173828,22.22222328186035,43.75,0,0,22.72727394104004,0,0,0,0,26.3157901763916,5.263157844543457,100,0,0,0,0,66481098752,12884893696,1624326144,0
99,1780596560836,57059.747482299805,4700,1,0.3062499999999999,6932.709457397461,4700,1,0.3062499999999999,6795.4248046875,4700,1,0.3062499999999999,11943.442459106445,4700,1,0.3062499999999999,45427.19412231445,4700,1,0.3062499999999999,37592.201736450195,4700,1,0.3062499999999999,46801.76365661621,4700,1,0.3062499999999999,29177.00552368164,4700,1,0.3062499999999999,7269.69172668457,4700,1,0.3062499999999999,7158.845642089844,4700,1,0.3062499999999999,6749.916046142578,4700,1,0.3062499999999999,6967.680191040039,4700,1,0.3062499999999999,8006.319351196289,3007,3007,3007,3007,3007,3007,3007,3007,3007,3007,3007,3007,4690,4691,3007,3007,3007,4690,3007,3007,3007,3007,3007,4690,85.71428680419922,10,0,0,16.666667938232422,11.111111640930176,21.052631378173828,21.052631378173828,22.22222328186035,43.75,0,0,22.72727394104004,0,0,0,0,26.3157901763916,5.263157844543457,100,0,0,0,0,66481098752,12884893696,1624735744,0
99,1780596560936,57060.36196899414,4700,1,0.3062499999999999,6932.712539672852,4700,1,0.3062499999999999,6795.427886962891,4700,1,0.3062499999999999,11943.792251586914,4700,1,0.3062499999999999,45427.63414001465,4700,1,0.3062499999999999,37592.55369567871,4700,1,0.3062499999999999,46802.12510681152,4700,1,0.3062499999999999,29177.68392944336,4700,1,0.3062499999999999,7269.694808959961,4700,1,0.3062499999999999,7158.848724365234,4700,1,0.3062499999999999,6749.919158935547,4700,1,0.3062499999999999,6967.683303833008,4700,1,0.3062499999999999,8012.075958251953,3007,3007,3007,3007,3007,3007,3007,3007,3007,3007,3007,3007,4690,4691,3007,3007,3007,4690,3007,3007,3007,3007,3007,4690,87.5,15.000000953674316,0,0,20,5,23.52941131591797,22.22222328186035,26.3157901763916,35.29411697387695,0,0,5.555555820465088,0,0,0,0,15.000000953674316,16.666667938232422,100,0,0,0,0,66481098752,12884893696,1622061056,0
99,1780596561036,57060.92517089844,4700,1,0.3062499999999999,6932.715621948242,4700,1,0.3062499999999999,6795.4317626953125,4700,1,0.3062499999999999,11944.13948059082,4700,1,0.3062499999999999,45428.05271911621,4700,1,0.3062499999999999,37592.9900970459,4700,1,0.3062499999999999,46802.483657836914,4700,1,0.3062499999999999,29178.370407104492,4700,1,0.3062499999999999,7269.69792175293,4700,1,0.3062499999999999,7158.851806640625,4700,1,0.3062499999999999,6749.9222412109375,4700,1,0.3062499999999999,6967.686447143555,4700,1,0.3062499999999999,8017.832901000977,3007,3007,3007,3007,3007,3007,3007,3007,3007,3007,3007,3007,4690,4691,3007,3007,3007,4690,3007,3007,3007,3007,3007,4690,87.5,15.000000953674316,0,0,20,5,23.52941131591797,22.22222328186035,26.3157901763916,35.29411697387695,0,0,5.555555820465088,0,0,0,0,15.000000953674316,16.666667938232422,100,0,0,0,0,66481098752,12884893696,1622237184,0
99,1780596561136,57061.50614929199,4700,1,0.3062499999999999,6932.718704223633,4700,1,0.3062499999999999,6795.434844970703,4700,1,0.3062499999999999,11944.520370483398,4700,1,0.3062499999999999,45428.50538635254,4700,1,0.3062499999999999,37593.34770202637,4700,1,0.3062499999999999,46802.84487915039,4700,1,0.3062499999999999,29179.052368164063,4700,1,0.3062499999999999,7269.701065063477,4700,1,0.3062499999999999,7158.854888916016,4700,1,0.3062499999999999,6749.925323486328,4700,1,0.3062499999999999,6967.689529418945,4700,1,0.3062499999999999,8023.597671508789,3007,3007,3007,3007,3007,3007,3007,3007,3007,3007,3007,3007,4690,4691,3007,3007,3007,4690,3007,3007,3007,3007,3007,4690,83.33332824707031,26.3157901763916,0,0,19.047618865966797,5,17.647058486938477,10.526315689086914,31.57894515991211,44.4444465637207,0,0,22.22222328186035,0,0,0,0,27.77777862548828,0,100,0,0,0,0,66481098752,12884893696,1630363648,0
99,1780596561236,57062.13595581055,4700,1,0.3062499999999999,6932.721786499023,4700,1,0.3062499999999999,6795.438079833984,4700,1,0.3062499999999999,11944.900436401367,4700,1,0.3062499999999999,45428.962661743164,4700,1,0.3062499999999999,37593.852310180664,4700,1,0.3062499999999999,46803.254486083984,4700,1,0.3062499999999999,29179.598724365234,4700,1,0.3062499999999999,7269.704147338867,4700,1,0.3062499999999999,7158.857940673828,4700,1,0.3062499999999999,6749.928375244141,4700,1,0.3062499999999999,6967.692687988281,4700,1,0.3062499999999999,8029.591339111328,3007,3007,3007,3007,3007,3007,3007,3007,3007,3007,3007,3007,4690,4691,3007,3007,3007,4690,3007,3007,3007,3007,3007,4690,83.33332824707031,26.3157901763916,0,0,19.047618865966797,5,17.647058486938477,10.526315689086914,31.57894515991211,44.4444465637207,0,0,22.22222328186035,0,0,0,0,27.77777862548828,0,100,0,0,0,0,66481098752,12884893696,1630420992,0
99,1780596561336,57062.70263671875,4700,1,0.30000000000000004,6932.724838256836,4700,1,0.30000000000000004,6795.441162109375,4700,1,0.30000000000000004,11945.145874023438,4700,1,0.30000000000000004,45429.403900146484,4700,1,0.30000000000000004,37594.33866882324,4700,1,0.30000000000000004,46803.62812805176,4700,1,0.30000000000000004,29180.255661010742,4700,1,0.30000000000000004,7269.707229614258,4700,1,0.30000000000000004,7158.861022949219,4700,1,0.30000000000000004,6749.931457519531,4700,1,0.30000000000000004,6967.695739746094,4700,1,0.30000000000000004,8035.308624267578,3007,3007,3007,3007,3007,3007,3007,3007,3007,3007,3007,3007,4690,4691,3007,3007,3007,4690,3007,3007,3007,3007,3007,4690,89.47368621826172,5.555555820465088,0,0,21.052631378173828,16.666667938232422,31.57894515991211,26.3157901763916,36.842105865478516,20,0,0,16.666667938232422,0,0,0,0,29.411766052246094,5.263157844543457,100,0,0,0,0,66481098752,12884893696,1622167552,0
99,1780596561437,57063.31748962402,4700,1,0.3062499999999999,6932.727951049805,4700,1,0.3062499999999999,6795.444305419922,4700,1,0.3062499999999999,11945.288848876953,4700,1,0.3062499999999999,45429.85861206055,4700,1,0.3062499999999999,37594.736251831055,4700,1,0.3062499999999999,46804.001724243164,4700,1,0.3062499999999999,29180.94578552246,4700,1,0.3062499999999999,7269.710311889648,4700,1,0.3062499999999999,7158.864105224609,4700,1,0.3062499999999999,6749.934539794922,4700,1,0.3062499999999999,6967.698883056641,4700,1,0.3062499999999999,8041.005264282227,3007,3007,3007,3007,3007,3007,3007,3007,3007,3007,3007,3007,4690,4691,3007,3007,3007,4690,3007,3007,3007,3007,3007,4690,89.47368621826172,5.555555820465088,0,0,21.052631378173828,16.666667938232422,31.57894515991211,26.3157901763916,36.842105865478516,20,0,0,16.666667938232422,0,0,0,0,29.411766052246094,5.263157844543457,100,0,0,0,0,66481098752,12884893696,1622282240,0
99,1780596561537,57063.92530822754,4700,1,0.3062499999999999,6932.731033325195,4700,1,0.3062499999999999,6795.447448730469,4700,1,0.3062499999999999,11945.594100952148,4700,1,0.3062499999999999,45430.25714111328,4700,1,0.3062499999999999,37595.20137023926,4700,1,0.3062499999999999,46804.3132019043,4700,1,0.3062499999999999,29181.632843017578,4700,1,0.3062499999999999,7269.713424682617,4700,1,0.3062499999999999,7158.8671875,4700,1,0.3062499999999999,6749.9376220703125,4700,1,0.3062499999999999,6967.702041625977,4700,1,0.3062499999999999,8046.744689941406,3007,3007,3007,3007,3007,3007,3007,3007,3007,3007,3007,3007,4690,4691,3007,3007,3007,4690,3007,3007,3007,3007,3007,4690,88.8888931274414,5.263157844543457,0,0,26.3157901763916,14.285715103149414,5.555555820465088,26.3157901763916,27.77777862548828,50,0,0,31.57894515991211,0,0,0,0,21.052631378173828,0,100,0,0,0,0,66481098752,12884893696,1625309184,0
99,1780596561637,57064.54551696777,4700,1,0.3062499999999999,6932.734161376953,4700,1,0.3062499999999999,6795.450531005859,4700,1,0.3062499999999999,11945.94450378418,4700,1,0.3062499999999999,45430.654525756836,4700,1,0.3062499999999999,37595.62586975098,4700,1,0.3062499999999999,46804.646743774414,4700,1,0.3062499999999999,29182.294403076172,4700,1,0.3062499999999999,7269.716598510742,4700,1,0.3062499999999999,7158.870269775391,4700,1,0.3062499999999999,6749.940704345703,4700,1,0.3062499999999999,6967.7078857421875,4700,1,0.3062499999999999,8052.528793334961,3007,3007,3007,3007,3007,3007,3007,3007,3007,3007,3007,3007,4690,4691,3007,3007,3007,4690,3007,3007,3007,3007,3007,4690,88.8888931274414,5.263157844543457,0,0,26.3157901763916,14.285715103149414,5.555555820465088,26.3157901763916,27.77777862548828,50,0,0,31.57894515991211,0,0,0,0,21.052631378173828,0,100,0,0,0,0,66481098752,12884893696,1624428544,0
99,1780596561737,57065.1201171875,4700,1,0.3062499999999999,6932.737243652344,4700,1,0.3062499999999999,6795.453674316406,4700,1,0.3062499999999999,11946.292907714844,4700,1,0.3062499999999999,45431.13325500488,4700,1,0.3062499999999999,37596.00303649902,4700,1,0.3062499999999999,46805.0050201416,4700,1,0.3062499999999999,29182.98374938965,4700,1,0.3062499999999999,7269.719711303711,4700,1,0.3062499999999999,7158.873352050781,4700,1,0.3062499999999999,6749.943786621094,4700,1,0.3062499999999999,6967.715225219727,4700,1,0.3062499999999999,8058.284622192383,3007,3007,3007,3007,3007,3007,3007,3007,3007,3007,3007,3007,4690,4691,3007,3007,3007,4690,3007,3007,3007,3007,3007,4690,84.21052551269531,23.809524536132813,0,0,25,10.526315689086914,21.052631378173828,5.263157844543457,31.57894515991211,38.88888931274414,0,0,23.52941131591797,0,0,0,0,22.22222328186035,0,100,0,0,0,0,66481098752,12884893696,1623425024,0
99,1780596561837,57065.71485900879,4700,1,0.3062499999999999,6932.740371704102,4700,1,0.3062499999999999,6795.456848144531,4700,1,0.3062499999999999,11946.673202514648,4700,1,0.3062499999999999,45431.54708862305,4700,1,0.3062499999999999,37596.22805786133,4700,1,0.3062499999999999,46805.42721557617,4700,1,0.3062499999999999,29183.668899536133,4700,1,0.3062499999999999,7269.722885131836,4700,1,0.3062499999999999,7158.876434326172,4700,1,0.3062499999999999,6749.946868896484,4700,1,0.3062499999999999,6967.718307495117,4700,1,0.3062499999999999,8063.949813842773,3007,3007,3007,3007,3007,3007,3007,3007,3007,3007,3007,3007,4690,4691,3007,3007,3007,4690,3007,3007,3007,3007,3007,4690,84.21052551269531,23.809524536132813,0,0,25,10.526315689086914,21.052631378173828,5.263157844543457,31.57894515991211,38.88888931274414,0,0,23.52941131591797,0,0,0,0,22.22222328186035,0,100,0,0,0,0,66481098752,12884893696,1628418048,0
99,1780596561937,57066.28285217285,4700,1,0.30000000000000004,6932.743453979492,4700,1,0.3062499999999999,6795.459930419922,4700,1,0.3062499999999999,11947.073104858398,4700,1,0.30000000000000004,45431.98895263672,4700,1,0.30000000000000004,37596.627197265625,4700,1,0.30000000000000004,46805.759826660156,4700,1,0.30000000000000004,29184.36070251465,4700,1,0.30000000000000004,7269.726318359375,4700,1,0.30000000000000004,7158.8795166015625,4700,1,0.3062499999999999,6749.949951171875,4700,1,0.3062499999999999,6967.721389770508,4700,1,0.3062499999999999,8069.737228393555,3007,3007,3007,3007,3007,3007,3007,3007,3007,3007,3007,3007,4690,4691,3007,3007,3007,4690,3007,3007,3007,3007,3007,4690,82.35294342041016,21.052631378173828,0,0,15.789472579956055,16.666667938232422,11.764705657958984,11.111111640930176,21.052631378173828,47.36842346191406,0,0,26.3157901763916,0,0,0,0,10.526315689086914,10.526315689086914,100,0,0,0,0,66481098752,12884893696,1626546176,0
99,1780596562037,57066.814041137695,4700,1,0.30000000000000004,6932.746612548828,4700,1,0.30000000000000004,6795.463165283203,4700,1,0.30000000000000004,11947.4541015625,4700,1,0.30000000000000004,45432.42393493652,4700,1,0.30000000000000004,37596.9188079834,4700,1,0.30000000000000004,46806.238510131836,4700,1,0.30000000000000004,29185.04232788086,4700,1,0.30000000000000004,7269.729843139648,4700,1,0.30000000000000004,7158.882675170898,4700,1,0.30000000000000004,6749.953109741211,4700,1,0.30000000000000004,6967.724624633789,4700,1,0.30000000000000004,8075.482803344727,3007,3007,3007,3007,3007,3007,3007,3007,3007,3007,3007,3007,4690,4691,3007,3007,3007,4690,3007,3007,3007,3007,3007,4690,82.35294342041016,21.052631378173828,0,0,15.789472579956055,16.666667938232422,11.764705657958984,11.111111640930176,21.052631378173828,47.36842346191406,0,0,26.3157901763916,0,0,0,0,10.526315689086914,10.526315689086914,100,0,0,0,0,66481098752,12884893696,1623011328,0
99,1780596562137,57067.42805480957,4700,1,0.30000000000000004,6932.749694824219,4700,1,0.30000000000000004,6795.466247558594,4700,1,0.30000000000000004,11947.759841918945,4700,1,0.30000000000000004,45432.814865112305,4700,1,0.30000000000000004,37597.32182312012,4700,1,0.30000000000000004,46806.68183898926,4700,1,0.30000000000000004,29185.732345581055,4700,1,0.30000000000000004,7269.732955932617,4700,1,0.30000000000000004,7158.885726928711,4700,1,0.30000000000000004,6749.956161499023,4700,1,0.30000000000000004,6967.727783203125,4700,1,0.30000000000000004,8081.192276000977,3007,3007,3007,3007,3007,3007,3007,3007,3007,3007,3007,3007,4690,4691,3007,3007,3007,4690,3007,3007,3007,3007,3007,4690,88.8888931274414,16.666667938232422,0,0,15.000000953674316,9.523809432983398,30.000001907348633,20,10.526315689086914,43.75,0,0,23.809524536132813,0,0,0,0,15.000000953674316,29.411766052246094,100,0,0,0,0,66481098752,12884893696,1620701184,0
99,1780596562237,57067.98774719238,4700,1,0.3062499999999999,6932.752746582031,4700,1,0.3062499999999999,6795.469512939453,4700,1,0.3062499999999999,11948.05990600586,4700,1,0.3062499999999999,45433.25094604492,4700,1,0.3062499999999999,37597.823791503906,4700,1,0.3062499999999999,46807.09440612793,4700,1,0.3062499999999999,29186.375274658203,4700,1,0.3062499999999999,7269.736236572266,4700,1,0.3062499999999999,7158.888809204102,4700,1,0.3062499999999999,6749.959243774414,4700,1,0.3062499999999999,6967.730911254883,4700,1,0.3062499999999999,8086.98078918457,3007,3007,3007,3007,3007,3007,3007,3007,3007,3007,3007,3007,4690,4691,3007,3007,3007,4690,3007,3007,3007,3007,3007,4690,88.8888931274414,16.666667938232422,0,0,15.000000953674316,9.523809432983398,30.000001907348633,20,10.526315689086914,43.75,0,0,23.809524536132813,0,0,0,0,15.000000953674316,29.411766052246094,100,0,0,0,0,66481098752,12884893696,1627156480,0
99,1780596562337,57068.59777832031,4700,1,0.3062499999999999,6932.755828857422,4700,1,0.3062499999999999,6795.472625732422,4700,1,0.3062499999999999,11948.347091674805,4700,1,0.3062499999999999,45433.58467102051,4700,1,0.3062499999999999,37598.239807128906,4700,1,0.3062499999999999,46807.52262878418,4700,1,0.3062499999999999,29187.049926757813,4700,1,0.3062499999999999,7269.739349365234,4700,1,0.3062499999999999,7158.891891479492,4700,1,0.3062499999999999,6749.962326049805,4700,1,0.3062499999999999,6967.733993530273,4700,1,0.3062499999999999,8092.722457885742,3007,3007,3007,3007,3007,3007,3007,3007,3007,3007,3007,3007,4690,4691,3007,3007,3007,4690,3007,3007,3007,3007,3007,4690,83.33332824707031,21.7391300201416,0,0,20,0,22.22222328186035,17.647058486938477,26.3157901763916,33.333335876464844,0,0,11.111111640930176,0,0,0,0,23.52941131591797,20,100,0,0,0,0,66481098752,12884893696,1625677824,0
99,1780596562437,57069.191467285156,4700,1,0.3062499999999999,6932.7589111328125,4700,1,0.3062499999999999,6795.475738525391,4700,1,0.3062499999999999,11948.619003295898,4700,1,0.3062499999999999,45433.987045288086,4700,1,0.3062499999999999,37598.58094787598,4700,1,0.3062499999999999,46807.97196960449,4700,1,0.3062499999999999,29187.745330810547,4700,1,0.3062499999999999,7269.742431640625,4700,1,0.3062499999999999,7158.894973754883,4700,1,0.3062499999999999,6749.965408325195,4700,1,0.3062499999999999,6967.737075805664,4700,1,0.3062499999999999,8098.425888061523,3007,3007,3007,3007,3007,3007,3007,3007,3007,3007,3007,3007,4690,4691,3007,3007,3007,4690,3007,3007,3007,3007,3007,4690,83.33332824707031,21.7391300201416,0,0,20,0,22.22222328186035,17.647058486938477,26.3157901763916,33.333335876464844,0,0,11.111111640930176,0,0,0,0,23.52941131591797,20,100,0,0,0,0,66481098752,12884893696,1624547328,0
99,1780596562537,57069.76121520996,4700,1,0.30000000000000004,6932.762100219727,4700,1,0.3062499999999999,6795.479064941406,4700,1,0.3062499999999999,11948.908126831055,4700,1,0.30000000000000004,45434.42932128906,4700,1,0.30000000000000004,37598.899154663086,4700,1,0.30000000000000004,46808.394287109375,4700,1,0.30000000000000004,29188.437881469727,4700,1,0.30000000000000004,7269.745681762695,4700,1,0.30000000000000004,7158.898147583008,4700,1,0.30000000000000004,6749.96858215332,4700,1,0.3062499999999999,6967.746566772461,4700,1,0.3062499999999999,8104.118942260742,3007,3007,3007,3007,3007,3007,3007,3007,3007,3007,3007,3007,4690,4691,3007,3007,3007,4690,3007,3007,3007,3007,3007,4690,83.33332824707031,0,0,0,5.882352828979492,15.789472579956055,23.52941131591797,5,15.789472579956055,47.36842346191406,0,0,11.111111640930176,0,0,0,0,21.052631378173828,27.77777862548828,100,0,0,0,0,66481098752,12884893696,1621295104,0
99,1780596562637,57070.32794189453,4700,1,0.3062499999999999,6932.765213012695,4700,1,0.3062499999999999,6795.482238769531,4700,1,0.3062499999999999,11949.18765258789,4700,1,0.3062499999999999,45434.81672668457,4700,1,0.3062499999999999,37599.248138427734,4700,1,0.3062499999999999,46808.845947265625,4700,1,0.3062499999999999,29189.136032104492,4700,1,0.3062499999999999,7269.748794555664,4700,1,0.3062499999999999,7158.901229858398,4700,1,0.3062499999999999,6749.971664428711,4700,1,0.3062499999999999,6967.749649047852,4700,1,0.3062499999999999,8109.776901245117,3007,3007,3007,3007,3007,3007,3007,3007,3007,3007,3007,3007,4690,4691,3007,3007,3007,4690,3007,3007,3007,3007,3007,4690,83.33332824707031,0,0,0,5.882352828979492,15.789472579956055,23.52941131591797,5,15.789472579956055,47.36842346191406,0,0,11.111111640930176,0,0,0,0,21.052631378173828,27.77777862548828,100,0,0,0,0,66481098752,12884893696,1628389376,0
99,1780596562737,57070.85185241699,4700,1,0.30000000000000004,6932.768325805664,4700,1,0.3062499999999999,6795.485412597656,4700,1,0.3062499999999999,11949.353485107422,4700,1,0.30000000000000004,45435.29019165039,4700,1,0.30000000000000004,37599.68508911133,4700,1,0.30000000000000004,46809.265533447266,4700,1,0.30000000000000004,29189.825912475586,4700,1,0.30000000000000004,7269.751907348633,4700,1,0.30000000000000004,7158.904342651367,4700,1,0.30000000000000004,6749.974746704102,4700,1,0.30000000000000004,6967.752883911133,4700,1,0.30000000000000004,8115.476333618164,3007,3007,3007,3007,3007,3007,3007,3007,3007,3007,3007,3007,4690,4691,3007,3007,3007,4690,3007,3007,3007,3007,3007,4690,83.33332824707031,0,0,0,14.285715103149414,10.526315689086914,16.666667938232422,27.77777862548828,26.3157901763916,52.6315803527832,0,0,30.000001907348633,0,0,0,0,10,22.22222328186035,100,0,0,0,0,66481098752,12884893696,1625845760,0
99,1780596562837,57071.3790435791,4700,1,0.3062499999999999,6932.771408081055,4700,1,0.3062499999999999,6795.488494873047,4700,1,0.3062499999999999,11949.602081298828,4700,1,0.3062499999999999,45435.752532958984,4700,1,0.3062499999999999,37600.144760131836,4700,1,0.3062499999999999,46809.75769042969,4700,1,0.3062499999999999,29190.493713378906,4700,1,0.3062499999999999,7269.754959106445,4700,1,0.3062499999999999,7158.90739440918,4700,1,0.3062499999999999,6749.977798461914,4700,1,0.3062499999999999,6967.755966186523,4700,1,0.3062499999999999,8121.217498779297,3007,3007,3007,3007,3007,3007,3007,3007,3007,3007,3007,3007,4690,4691,3007,3007,3007,4690,3007,3007,3007,3007,3007,4690,83.33332824707031,0,0,0,14.285715103149414,10.526315689086914,16.666667938232422,27.77777862548828,26.3157901763916,52.6315803527832,0,0,30.000001907348633,0,0,0,0,10,22.22222328186035,100,0,0,0,0,66481098752,12884893696,1625419776,0
99,1780596562937,57071.906814575195,4700,1,0.3062499999999999,6932.774459838867,4700,1,0.3062499999999999,6795.491607666016,4700,1,0.3062499999999999,11949.946853637695,4700,1,0.3062499999999999,45436.239974975586,4700,1,0.3062499999999999,37600.56384277344,4700,1,0.3062499999999999,46810.12774658203,4700,1,0.3062499999999999,29191.171783447266,4700,1,0.3062499999999999,7269.758041381836,4700,1,0.3062499999999999,7158.91047668457,4700,1,0.3062499999999999,6749.980880737305,4700,1,0.3062499999999999,6967.759017944336,4700,1,0.3062499999999999,8126.982498168945,3007,3007,3007,3007,3007,3007,3007,3007,3007,3007,3007,3007,4690,4691,3007,3007,3007,4690,3007,3007,3007,3007,3007,4690,84.21052551269531,0,0,0,0,10.526315689086914,29.411766052246094,30.000001907348633,23.52941131591797,45,0,0,22.22222328186035,0,0,0,0,22.22222328186035,20,100,0,0,0,0,66481098752,12884893696,1621155840,0
99,1780596563037,57072.43518066406,4700,1,0.30000000000000004,6932.777618408203,4700,1,0.30000000000000004,6795.494781494141,4700,1,0.30000000000000004,11950.306411743164,4700,1,0.30000000000000004,45436.65866088867,4700,1,0.30000000000000004,37601.02885437012,4700,1,0.30000000000000004,46810.543884277344,4700,1,0.30000000000000004,29191.83753967285,4700,1,0.30000000000000004,7269.761123657227,4700,1,0.30000000000000004,7158.913619995117,4700,1,0.30000000000000004,6749.984024047852,4700,1,0.30000000000000004,6967.762237548828,4700,1,0.30000000000000004,8132.816970825195,3007,3007,3007,3007,3007,3007,3007,3007,3007,3007,3007,3007,4690,4691,3007,3007,3007,4690,3007,3007,3007,3007,3007,4690,84.21052551269531,0,0,0,0,10.526315689086914,29.411766052246094,30.000001907348633,23.52941131591797,45,0,0,22.22222328186035,0,0,0,0,22.22222328186035,20,100,0,0,0,0,66481098752,12884893696,1628758016,0
99,1780596563138,57072.99278259277,4700,1,0.3062499999999999,6932.780700683594,4700,1,0.3062499999999999,6795.497863769531,4700,1,0.3062499999999999,11950.625015258789,4700,1,0.3062499999999999,45437.09803771973,4700,1,0.3062499999999999,37601.409423828125,4700,1,0.3062499999999999,46810.96025085449,4700,1,0.3062499999999999,29192.526107788086,4700,1,0.3062499999999999,7269.764419555664,4700,1,0.3062499999999999,7158.916702270508,4700,1,0.3062499999999999,6749.987106323242,4700,1,0.3062499999999999,6967.765319824219,4700,1,0.3062499999999999,8138.589996337891,3007,3007,3007,3007,3007,3007,3007,3007,3007,3007,3007,3007,4690,4691,3007,3007,3007,4690,3007,3007,3007,3007,3007,4690,83.33332824707031,10.526315689086914,0,0,5,21.052631378173828,25,11.111111640930176,33.333335876464844,44.4444465637207,0,0,30.000001907348633,0,0,0,0,26.3157901763916,5.263157844543457,100,0,0,0,0,66481098752,12884893696,1625341952,0
99,1780596563238,57073.518783569336,4700,1,0.3062499999999999,6932.783782958984,4700,1,0.3062499999999999,6795.5010986328125,4700,1,0.3062499999999999,11950.911407470703,4700,1,0.3062499999999999,45437.478576660156,4700,1,0.3062499999999999,37601.84910583496,4700,1,0.3062499999999999,46811.36915588379,4700,1,0.3062499999999999,29193.21908569336,4700,1,0.3062499999999999,7269.767578125,4700,1,0.3062499999999999,7158.919784545898,4700,1,0.3062499999999999,6749.990188598633,4700,1,0.3062499999999999,6967.768478393555,4700,1,0.3062499999999999,8144.34245300293,3007,3007,3007,3007,3007,3007,3007,3007,3007,3007,3007,3007,4690,4691,3007,3007,3007,4690,3007,3007,3007,3007,3007,4690,83.33332824707031,10.526315689086914,0,0,5,21.052631378173828,25,11.111111640930176,33.333335876464844,44.4444465637207,0,0,30.000001907348633,0,0,0,0,26.3157901763916,5.263157844543457,100,0,0,0,0,66481098752,12884893696,1622818816,0
99,1780596563338,57074.08239746094,4700,1,0.30000000000000004,6932.786865234375,4700,1,0.3062499999999999,6795.5042724609375,4700,1,0.3062499999999999,11951.250289916992,4700,1,0.30000000000000004,45437.89358520508,4700,1,0.30000000000000004,37602.17768859863,4700,1,0.30000000000000004,46811.76837158203,4700,1,0.30000000000000004,29193.9141998291,4700,1,0.30000000000000004,7269.770660400391,4700,1,0.3062499999999999,7158.922866821289,4700,1,0.3062499999999999,6749.993270874023,4700,1,0.3062499999999999,6967.771560668945,4700,1,0.3062499999999999,8150.039245605469,3007,3007,3007,3007,3007,3007,3007,3007,3007,3007,3007,3007,4690,4691,3007,3007,3007,4690,3007,3007,3007,3007,3007,4690,82.35294342041016,0,0,0,0,30.000001907348633,0,15.789472579956055,22.22222328186035,44.4444465637207,0,0,27.77777862548828,0,0,0,0,25,16.666667938232422,100,0,0,0,0,66481098752,12884893696,1621463040,0
99,1780596563438,57074.690353393555,4700,1,0.3062499999999999,6932.789947509766,4700,1,0.3062499999999999,6795.507354736328,4700,1,0.3062499999999999,11951.497604370117,4700,1,0.3062499999999999,45438.31770324707,4700,1,0.3062499999999999,37602.529876708984,4700,1,0.3062499999999999,46812.162826538086,4700,1,0.3062499999999999,29194.610595703125,4700,1,0.3062499999999999,7269.773834228516,4700,1,0.3062499999999999,7158.92594909668,4700,1,0.3062499999999999,6749.996353149414,4700,1,0.3062499999999999,6967.774642944336,4700,1,0.3062499999999999,8155.701675415039,3007,3007,3007,3007,3007,3007,3007,3007,3007,3007,3007,3007,4690,4691,3007,3007,3007,4690,3007,3007,3007,3007,3007,4690,82.35294342041016,0,0,0,0,30.000001907348633,0,15.789472579956055,22.22222328186035,44.4444465637207,0,0,27.77777862548828,0,0,0,0,25,16.666667938232422,100,0,0,0,0,66481098752,12884893696,1625493504,0
99,1780596563538,57075.30349731445,4700,1,0.3062499999999999,6932.792999267578,4700,1,0.3062499999999999,6795.510467529297,4700,1,0.3062499999999999,11951.838607788086,4700,1,0.3062499999999999,45438.66297912598,4700,1,0.3062499999999999,37602.865814208984,4700,1,0.3062499999999999,46812.57978820801,4700,1,0.3062499999999999,29195.293182373047,4700,1,0.3062499999999999,7269.776885986328,4700,1,0.3062499999999999,7158.929000854492,4700,1,0.3062499999999999,6749.999404907227,4700,1,0.3062499999999999,6967.777755737305,4700,1,0.3062499999999999,8161.392669677734,3007,3007,3007,3007,3007,3007,3007,3007,3007,3007,3007,3007,4690,4691,3007,3007,3007,4690,3007,3007,3007,3007,3007,4690,84.21052551269531,0,0,0,30.000001907348633,11.111111640930176,26.3157901763916,0,21.052631378173828,43.75,0,0,10.526315689086914,0,0,0,0,27.77777862548828,21.052631378173828,100,0,0,0,0,66481098752,12884893696,1625014272,0
99,1780596563638,57075.94900512695,4700,1,0.3062499999999999,6932.796081542969,4700,1,0.3062499999999999,6795.513565063477,4700,1,0.3062499999999999,11952.100570678711,4700,1,0.3062499999999999,45438.98889160156,4700,1,0.3062499999999999,37603.209411621094,4700,1,0.3062499999999999,46813.032653808594,4700,1,0.3062499999999999,29195.986907958984,4700,1,0.3062499999999999,7269.779968261719,4700,1,0.3062499999999999,7158.932083129883,4700,1,0.3062499999999999,6750.002487182617,4700,1,0.3062499999999999,6967.7843017578125,4700,1,0.3062499999999999,8167.071426391602,3007,3007,3007,3007,3007,3007,3007,3007,3007,3007,3007,3007,4690,4691,3007,3007,3007,4690,3007,3007,3007,3007,3007,4690,84.21052551269531,0,0,0,30.000001907348633,11.111111640930176,26.3157901763916,0,21.052631378173828,43.75,0,0,10.526315689086914,0,0,0,0,27.77777862548828,21.052631378173828,100,0,0,0,0,66481098752,12884893696,1624948736,0
99,1780596563738,57076.49214172363,4700,1,0.3062499999999999,6932.7991943359375,4700,1,0.3062499999999999,6795.51676940918,4700,1,0.3062499999999999,11952.34213256836,4700,1,0.3062499999999999,45439.43769836426,4700,1,0.3062499999999999,37603.57487487793,4700,1,0.3062499999999999,46813.47227478027,4700,1,0.3062499999999999,29196.677169799805,4700,1,0.3062499999999999,7269.790191650391,4700,1,0.3062499999999999,7158.935195922852,4700,1,0.3062499999999999,6750.005584716797,4700,1,0.3062499999999999,6967.792404174805,4700,1,0.3062499999999999,8172.801086425781,3007,3007,3007,3007,3007,3007,3007,3007,3007,3007,3007,3007,4690,4691,3007,3007,3007,4690,3007,3007,3007,3007,3007,4690,88.23529815673828,0,0,0,25,28.571430206298828,26.3157901763916,10,11.111111640930176,52.6315803527832,0,0,15.000000953674316,0,0,0,0,21.052631378173828,27.77777862548828,100,0,0,0,0,66481098752,12884893696,1623797760,0
99,1780596563838,57077.093658447266,4700,1,0.3062499999999999,6932.802291870117,4700,1,0.3062499999999999,6795.51985168457,4700,1,0.3062499999999999,11952.36979675293,4700,1,0.3062499999999999,45439.88423156738,4700,1,0.3062499999999999,37604.01762390137,4700,1,0.3062499999999999,46813.945083618164,4700,1,0.3062499999999999,29197.377014160156,4700,1,0.3062499999999999,7269.793548583984,4700,1,0.3062499999999999,7158.938278198242,4700,1,0.3062499999999999,6750.0086669921875,4700,1,0.3062499999999999,6967.795486450195,4700,1,0.3062499999999999,8178.453598022461,3007,3007,3007,3007,3007,3007,3007,3007,3007,3007,3007,3007,4690,4691,3007,3007,3007,4690,3007,3007,3007,3007,3007,4690,88.23529815673828,0,0,0,25,28.571430206298828,26.3157901763916,10,11.111111640930176,52.6315803527832,0,0,15.000000953674316,0,0,0,0,21.052631378173828,27.77777862548828,100,0,0,0,0,66481098752,12884893696,1632710656,0
99,1780596563938,57077.696365356445,4700,1,0.3062499999999999,6932.805374145508,4700,1,0.3062499999999999,6795.522933959961,4700,1,0.3062499999999999,11952.546600341797,4700,1,0.3062499999999999,45440.33483886719,4700,1,0.3062499999999999,37604.41473388672,4700,1,0.3062499999999999,46814.360900878906,4700,1,0.3062499999999999,29198.07014465332,4700,1,0.3062499999999999,7269.7967529296875,4700,1,0.3062499999999999,7158.941360473633,4700,1,0.3062499999999999,6750.011749267578,4700,1,0.3062499999999999,6967.798568725586,4700,1,0.3062499999999999,8184.141174316406,3007,3007,3007,3007,3007,3007,3007,3007,3007,3007,3007,3007,4690,4691,3007,3007,3007,4690,3007,3007,3007,3007,3007,4690,83.33332824707031,4.761904716491699,0,0,21.052631378173828,0,26.3157901763916,0,29.411766052246094,50,0,0,30.000001907348633,0,0,0,0,31.57894515991211,5.882352828979492,100,0,0,0,0,66481098752,12884893696,1625522176,0
99,1780596564038,57078.315170288086,4700,1,0.3062499999999999,6932.808853149414,4700,1,0.3062499999999999,6795.526077270508,4700,1,0.3062499999999999,11952.866485595703,4700,1,0.3062499999999999,45440.77607727051,4700,1,0.3062499999999999,37604.795318603516,4700,1,0.3062499999999999,46814.66191101074,4700,1,0.3062499999999999,29198.75732421875,4700,1,0.3062499999999999,7269.799957275391,4700,1,0.3062499999999999,7158.944442749023,4700,1,0.3062499999999999,6750.014831542969,4700,1,0.3062499999999999,6967.801712036133,4700,1,0.3062499999999999,8189.853820800781,3007,3007,3007,3007,3007,3007,3007,3007,3007,3007,3007,3007,4690,4691,3007,3007,3007,4690,3007,3007,3007,3007,3007,4690,83.33332824707031,4.761904716491699,0,0,21.052631378173828,0,26.3157901763916,0,29.411766052246094,50,0,0,30.000001907348633,0,0,0,0,31.57894515991211,5.882352828979492,100,0,0,0,0,66481098752,12884893696,1624838144,0
99,1780596564138,57078.89602661133,4700,1,0.3062499999999999,6932.820266723633,4700,1,0.3062499999999999,6795.529266357422,4700,1,0.3062499999999999,11953.201232910156,4700,1,0.3062499999999999,45441.2333984375,4700,1,0.3062499999999999,37605.177810668945,4700,1,0.3062499999999999,46814.985290527344,4700,1,0.3062499999999999,29199.450073242188,4700,1,0.3062499999999999,7269.803039550781,4700,1,0.3062499999999999,7158.947494506836,4700,1,0.3062499999999999,6750.0245361328125,4700,1,0.3062499999999999,6967.804763793945,4700,1,0.3062499999999999,8195.574249267578,3007,3007,3007,3007,3007,3007,3007,3007,3007,3007,3007,3007,4690,4691,3007,3007,3007,4690,3007,3007,3007,3007,3007,4690,84.21052551269531,0,0,0,28.571430206298828,31.57894515991211,31.57894515991211,5,0,47.05882263183594,0,0,26.3157901763916,0,0,0,0,35,26.3157901763916,100,0,0,0,0,66481098752,12884893696,1624887296,0
99,1780596564238,57079.50086975098,4700,1,0.30000000000000004,6932.823318481445,4700,1,0.30000000000000004,6795.532470703125,4700,1,0.30000000000000004,11953.456802368164,4700,1,0.30000000000000004,45441.55093383789,4700,1,0.30000000000000004,37605.61625671387,4700,1,0.30000000000000004,46815.33876037598,4700,1,0.30000000000000004,29200.147216796875,4700,1,0.30000000000000004,7269.80615234375,4700,1,0.30000000000000004,7158.950576782227,4700,1,0.30000000000000004,6750.030487060547,4700,1,0.30000000000000004,6967.807922363281,4700,1,0.30000000000000004,8201.145324707031,3007,3007,3007,3007,3007,3007,3007,3007,3007,3007,3007,3007,4690,4691,3007,3007,3007,4690,3007,3007,3007,3007,3007,4690,84.21052551269531,0,0,0,28.571430206298828,31.57894515991211,31.57894515991211,5,0,47.05882263183594,0,0,26.3157901763916,0,0,0,0,35,26.3157901763916,100,0,0,0,0,66481098752,12884893696,1630302208,0
99,1780596564338,57080.12796020508,4700,1,0.3062499999999999,6932.826446533203,4700,1,0.3062499999999999,6795.535583496094,4700,1,0.3062499999999999,11953.621002197266,4700,1,0.3062499999999999,45441.98957824707,4700,1,0.3062499999999999,37606.02198791504,4700,1,0.3062499999999999,46815.722915649414,4700,1,0.3062499999999999,29200.83137512207,4700,1,0.3062499999999999,7269.809234619141,4700,1,0.3062499999999999,7158.953659057617,4700,1,0.3062499999999999,6750.039855957031,4700,1,0.3062499999999999,6967.813888549805,4700,1,0.3062499999999999,8206.892578125,3007,3007,3007,3007,3007,3007,3007,3007,3007,3007,3007,3007,4690,4691,3007,3007,3007,4690,3007,3007,3007,3007,3007,4690,88.8888931274414,0,0,0,30.000001907348633,20,20,15.789472579956055,0,44.4444465637207,0,0,28.571430206298828,0,0,0,0,31.57894515991211,35,100,0,0,0,0,66481098752,12884893696,1630543872,0
99,1780596564438,57080.76664733887,4700,1,0.3062499999999999,6932.829528808594,4700,1,0.3062499999999999,6795.538665771484,4700,1,0.3062499999999999,11953.999221801758,4700,1,0.3062499999999999,45442.52113342285,4700,1,0.3062499999999999,37606.39553833008,4700,1,0.3062499999999999,46816.19546508789,4700,1,0.3062499999999999,29201.383880615234,4700,1,0.3062499999999999,7269.812316894531,4700,1,0.3062499999999999,7158.956741333008,4700,1,0.3062499999999999,6750.042938232422,4700,1,0.3062499999999999,6967.825469970703,4700,1,0.3062499999999999,8212.908645629883,3007,3007,3007,3007,3007,3007,3007,3007,3007,3007,3007,3007,4690,4691,3007,3007,3007,4690,3007,3007,3007,3007,3007,4690,88.8888931274414,0,0,0,30.000001907348633,20,20,15.789472579956055,0,44.4444465637207,0,0,28.571430206298828,0,0,0,0,31.57894515991211,35,100,0,0,0,0,66481098752,12884893696,1624088576,0
99,1780596564538,57081.370864868164,4700,1,0.3062499999999999,6932.832611083984,4700,1,0.3062499999999999,6795.5418701171875,4700,1,0.3062499999999999,11954.374404907227,4700,1,0.3062499999999999,45443.033920288086,4700,1,0.3062499999999999,37606.78825378418,4700,1,0.3062499999999999,46816.723205566406,4700,1,0.3062499999999999,29201.928451538086,4700,1,0.3062499999999999,7269.815399169922,4700,1,0.3062499999999999,7158.959823608398,4700,1,0.3062499999999999,6750.0460205078125,4700,1,0.3062499999999999,6967.840118408203,4700,1,0.3062499999999999,8218.875137329102,3007,3007,3007,3007,3007,3007,3007,3007,3007,3007,3007,3007,4690,4691,3007,3007,3007,4690,3007,3007,3007,3007,3007,4690,95,0,0,0,22.22222328186035,33.333335876464844,36.842105865478516,10,35,0,0,0,40,0,0,0,0,35,40,100,0,0,0,0,66481098752,12884893696,1628147712,0
99,1780596564638,57082.01498413086,4700,1,0.3062499999999999,6932.835693359375,4700,1,0.3062499999999999,6795.544952392578,4700,1,0.3062499999999999,11954.70817565918,4700,1,0.3062499999999999,45443.51509094238,4700,1,0.3062499999999999,37607.191650390625,4700,1,0.3062499999999999,46817.08023071289,4700,1,0.3062499999999999,29202.59390258789,4700,1,0.3062499999999999,7269.818511962891,4700,1,0.3062499999999999,7158.962905883789,4700,1,0.3062499999999999,6750.049102783203,4700,1,0.3062499999999999,6967.848083496094,4700,1,0.3062499999999999,8224.691635131836,3007,3007,3007,3007,3007,3007,3007,3007,3007,3007,3007,3007,4690,4691,3007,3007,3007,4690,3007,3007,3007,3007,3007,4690,95,0,0,0,22.22222328186035,33.333335876464844,36.842105865478516,10,35,0,0,0,40,0,0,0,0,35,40,100,0,0,0,0,66481098752,12884893696,1627189248,0
99,1780596564738,57082.63055419922,4700,1,0.3062499999999999,6932.838775634766,4700,1,0.3062499999999999,6795.5797119140625,4700,1,0.3062499999999999,11955.097412109375,4700,1,0.3062499999999999,45443.94688415527,4700,1,0.3062499999999999,37607.68504333496,4700,1,0.3062499999999999,46817.54069519043,4700,1,0.3062499999999999,29203.2921295166,4700,1,0.3062499999999999,7269.822021484375,4700,1,0.3062499999999999,7158.96598815918,4700,1,0.3062499999999999,6750.079162597656,4700,1,0.3062499999999999,6967.865188598633,4700,1,0.3062499999999999,8230.841415405273,3007,3007,3007,3007,3007,3007,3007,3007,3007,3007,3007,3007,4690,4691,3007,3007,3007,4690,3007,3007,3007,3007,3007,4690,88.8888931274414,20,0,0,33.333335876464844,19.047618865966797,31.57894515991211,27.77777862548828,21.052631378173828,37.5,0,0,17.647058486938477,0,0,0,0,11.111111640930176,11.764705657958984,100,0,0,0,0,66481098752,12884893696,1624846336,0
99,1780596564838,57083.20671081543,4700,1,0.30000000000000004,6932.841857910156,4700,1,0.30000000000000004,6795.582794189453,4700,1,0.30000000000000004,11955.343841552734,4700,1,0.30000000000000004,45444.31349182129,4700,1,0.30000000000000004,37608.0848236084,4700,1,0.30000000000000004,46817.965087890625,4700,1,0.30000000000000004,29203.982376098633,4700,1,0.30000000000000004,7269.825225830078,4700,1,0.30000000000000004,7158.969039916992,4700,1,0.30000000000000004,6750.082214355469,4700,1,0.30000000000000004,6967.868240356445,4700,1,0.30000000000000004,8236.591201782227,3007,3007,3007,3007,3007,3007,3007,3007,3007,3007,3007,3007,4690,4691,3007,3007,3007,4690,3007,3007,3007,3007,3007,4690,88.8888931274414,20,0,0,33.333335876464844,19.047618865966797,31.57894515991211,27.77777862548828,21.052631378173828,37.5,0,0,17.647058486938477,0,0,0,0,11.111111640930176,11.764705657958984,100,0,0,0,0,66481098752,12884893696,1624023040,0
99,1780596564938,57083.82991027832,4700,1,0.3062499999999999,6932.844940185547,4700,1,0.3062499999999999,6795.5859375,4700,1,0.3062499999999999,11955.553421020508,4700,1,0.3062499999999999,45444.789123535156,4700,1,0.3062499999999999,37608.38885498047,4700,1,0.3062499999999999,46818.432220458984,4700,1,0.3062499999999999,29204.66976928711,4700,1,0.3062499999999999,7269.828308105469,4700,1,0.3062499999999999,7158.972122192383,4700,1,0.3062499999999999,6750.085296630859,4700,1,0.3062499999999999,6967.871322631836,4700,1,0.3062499999999999,8242.268051147461,3007,3007,3007,3007,3007,3007,3007,3007,3007,3007,3007,3007,4690,4691,3007,3007,3007,4690,3007,3007,3007,3007,3007,4690,85.71428680419922,15.000000953674316,0,0,25,0,15.789472579956055,21.052631378173828,33.333335876464844,44.4444465637207,0,0,35,0,0,0,0,10,21.052631378173828,100,0,0,0,0,66481098752,12884893696,1621934080,0
99,1780596565039,57084.431411743164,4700,1,0.3062499999999999,6932.848052978516,4700,1,0.3062499999999999,6795.589050292969,4700,1,0.3062499999999999,11955.931838989258,4700,1,0.3062499999999999,45445.27851867676,4700,1,0.3062499999999999,37608.584869384766,4700,1,0.3062499999999999,46818.892349243164,4700,1,0.3062499999999999,29205.351333618164,4700,1,0.3062499999999999,7269.83171081543,4700,1,0.3062499999999999,7158.975204467773,4700,1,0.3062499999999999,6750.088424682617,4700,1,0.3062499999999999,6967.874725341797,4700,1,0.3062499999999999,8247.920715332031,3007,3007,3007,3007,3007,3007,3007,3007,3007,3007,3007,3007,4690,4691,3007,3007,3007,4690,3007,3007,3007,3007,3007,4690,85.71428680419922,15.000000953674316,0,0,25,0,15.789472579956055,21.052631378173828,33.333335876464844,44.4444465637207,0,0,35,0,0,0,0,10,21.052631378173828,100,0,0,0,0,66481098752,12884893696,1626034176,0
99,1780596565139,57084.99331665039,4700,1,0.3062499999999999,6932.851135253906,4700,1,0.3062499999999999,6795.592132568359,4700,1,0.3062499999999999,11956.230239868164,4700,1,0.3062499999999999,45445.72496032715,4700,1,0.3062499999999999,37608.7314453125,4700,1,0.3062499999999999,46819.39990234375,4700,1,0.3062499999999999,29206.04653930664,4700,1,0.3062499999999999,7269.834854125977,4700,1,0.3062499999999999,7158.978286743164,4700,1,0.3062499999999999,6750.091506958008,4700,1,0.3062499999999999,6967.8778076171875,4700,1,0.3062499999999999,8253.575927734375,3007,3007,3007,3007,3007,3007,3007,3007,3007,3007,3007,3007,4690,4691,3007,3007,3007,4690,3007,3007,3007,3007,3007,4690,88.8888931274414,15.789472579956055,0,0,20,10,30.000001907348633,5,31.57894515991211,47.36842346191406,0,0,26.3157901763916,0,0,0,0,5.263157844543457,22.22222328186035,100,0,0,0,0,66481098752,12884893696,1622622208,0
99,1780596565239,57085.59678649902,4700,1,0.3062499999999999,6932.854217529297,4700,1,0.3062499999999999,6795.595367431641,4700,1,0.3062499999999999,11956.595031738281,4700,1,0.3062499999999999,45446.15060424805,4700,1,0.3062499999999999,37608.900787353516,4700,1,0.3062499999999999,46819.8376159668,4700,1,0.3062499999999999,29206.72720336914,4700,1,0.3062499999999999,7269.837966918945,4700,1,0.3062499999999999,7158.981369018555,4700,1,0.3062499999999999,6750.094650268555,4700,1,0.3062499999999999,6967.881011962891,4700,1,0.3062499999999999,8259.238327026367,3007,3007,3007,3007,3007,3007,3007,3007,3007,3007,3007,3007,4690,4691,3007,3007,3007,4690,3007,3007,3007,3007,3007,4690,88.8888931274414,15.789472579956055,0,0,20,10,30.000001907348633,5,31.57894515991211,47.36842346191406,0,0,26.3157901763916,0,0,0,0,5.263157844543457,22.22222328186035,100,0,0,0,0,66481098752,12884893696,1627029504,0
99,1780596565339,57086.21397399902,4700,1,0.3062499999999999,6932.8572998046875,4700,1,0.3062499999999999,6795.598541259766,4700,1,0.3062499999999999,11956.755355834961,4700,1,0.3062499999999999,45446.61225891113,4700,1,0.3062499999999999,37609.31016540527,4700,1,0.3062499999999999,46820.19430541992,4700,1,0.3062499999999999,29207.414642333984,4700,1,0.3062499999999999,7269.841232299805,4700,1,0.3062499999999999,7158.984451293945,4700,1,0.3062499999999999,6750.097732543945,4700,1,0.3062499999999999,6967.884094238281,4700,1,0.3062499999999999,8264.882278442383,3007,3007,3007,3007,3007,3007,3007,3007,3007,3007,3007,3007,4690,4691,3007,3007,3007,4690,3007,3007,3007,3007,3007,4690,88.8888931274414,10.526315689086914,0,0,21.052631378173828,20,23.52941131591797,19.047618865966797,20,47.36842346191406,0,0,21.052631378173828,0,0,0,0,11.111111640930176,28.571430206298828,100,0,0,0,0,66481098752,12884893696,1622761472,0
99,1780596565439,57086.8327331543,4700,1,0.30000000000000004,6932.860382080078,4700,1,0.3062499999999999,6795.601623535156,4700,1,0.3062499999999999,11956.761749267578,4700,1,0.30000000000000004,45447.06607055664,4700,1,0.30000000000000004,37609.77868652344,4700,1,0.30000000000000004,46820.53953552246,4700,1,0.30000000000000004,29208.104248046875,4700,1,0.30000000000000004,7269.844909667969,4700,1,0.30000000000000004,7158.987533569336,4700,1,0.30000000000000004,6750.100814819336,4700,1,0.30000000000000004,6967.887176513672,4700,1,0.30000000000000004,8270.660415649414,3007,3007,3007,3007,3007,3007,3007,3007,3007,3007,3007,3007,4690,4691,3007,3007,3007,4690,3007,3007,3007,3007,3007,4690,88.8888931274414,10.526315689086914,0,0,21.052631378173828,20,23.52941131591797,19.047618865966797,20,47.36842346191406,0,0,21.052631378173828,0,0,0,0,11.111111640930176,28.571430206298828,100,0,0,0,0,66481098752,12884893696,1628233728,0
99,1780596565539,57087.45085144043,4700,1,0.3062499999999999,6932.863464355469,4700,1,0.3062499999999999,6795.604766845703,4700,1,0.3062499999999999,11957.109573364258,4700,1,0.3062499999999999,45447.48408508301,4700,1,0.3062499999999999,37610.23393249512,4700,1,0.3062499999999999,46820.92741394043,4700,1,0.3062499999999999,29208.738082885742,4700,1,0.3062499999999999,7269.848297119141,4700,1,0.3062499999999999,7158.990615844727,4700,1,0.3062499999999999,6750.103897094727,4700,1,0.3062499999999999,6967.892150878906,4700,1,0.3062499999999999,8276.53337097168,3007,3007,3007,3007,3007,3007,3007,3007,3007,3007,3007,3007,4690,4691,3007,3007,3007,4690,3007,3007,3007,3007,3007,4690,89.47368621826172,10,0,0,26.3157901763916,5,27.77777862548828,30.000001907348633,14.285715103149414,29.411766052246094,0,0,16.666667938232422,0,0,0,0,30.000001907348633,35,100,0,0,0,0,66481098752,12884893696,1623162880,0
99,1780596565639,57088.01222229004,4700,1,0.3062499999999999,6932.866516113281,4700,1,0.3062499999999999,6795.607849121094,4700,1,0.3062499999999999,11957.416641235352,4700,1,0.3062499999999999,45447.80717468262,4700,1,0.3062499999999999,37610.68574523926,4700,1,0.3062499999999999,46821.393493652344,4700,1,0.3062499999999999,29209.425842285156,4700,1,0.3062499999999999,7269.8514404296875,4700,1,0.3062499999999999,7158.993667602539,4700,1,0.3062499999999999,6750.106948852539,4700,1,0.3062499999999999,6967.89533996582,4700,1,0.3062499999999999,8282.307723999023,3007,3007,3007,3007,3007,3007,3007,3007,3007,3007,3007,3007,4690,4691,3007,3007,3007,4690,3007,3007,3007,3007,3007,4690,89.47368621826172,10,0,0,26.3157901763916,5,27.77777862548828,30.000001907348633,14.285715103149414,29.411766052246094,0,0,16.666667938232422,0,0,0,0,30.000001907348633,35,100,0,0,0,0,66481098752,12884893696,1621676032,0
99,1780596565739,57088.633544921875,4700,1,0.3062499999999999,6932.869598388672,4700,1,0.3062499999999999,6795.611022949219,4700,1,0.3062499999999999,11957.746688842773,4700,1,0.3062499999999999,45448.13391113281,4700,1,0.3062499999999999,37611.05987548828,4700,1,0.3062499999999999,46821.81723022461,4700,1,0.3062499999999999,29210.125732421875,4700,1,0.3062499999999999,7269.8546142578125,4700,1,0.3062499999999999,7158.996734619141,4700,1,0.3062499999999999,6750.121078491211,4700,1,0.3062499999999999,6967.898498535156,4700,1,0.3062499999999999,8287.936416625977,3007,3007,3007,3007,3007,3007,3007,3007,3007,3007,3007,3007,4690,4691,3007,3007,3007,4690,3007,3007,3007,3007,3007,4690,84.21052551269531,15.000000953674316,0,0,21.052631378173828,5.555555820465088,19.047618865966797,12.5,18.75,52.6315803527832,0,0,5.263157844543457,0,0,0,0,15.789472579956055,11.111111640930176,100,0,0,0,0,66481098752,12884893696,1619185664,0
99,1780596565839,57089.23085021973,4700,1,0.3062499999999999,6932.872695922852,4700,1,0.3062499999999999,6795.61408996582,4700,1,0.3062499999999999,11958.08561706543,4700,1,0.3062499999999999,45448.54135131836,4700,1,0.3062499999999999,37611.430252075195,4700,1,0.3062499999999999,46822.23246765137,4700,1,0.3062499999999999,29210.82814025879,4700,1,0.3062499999999999,7269.857803344727,4700,1,0.3062499999999999,7158.999847412109,4700,1,0.3062499999999999,6750.124160766602,4700,1,0.3062499999999999,6967.901596069336,4700,1,0.3062499999999999,8293.70426940918,3007,3007,3007,3007,3007,3007,3007,3007,3007,3007,3007,3007,4690,4691,3007,3007,3007,4690,3007,3007,3007,3007,3007,4690,84.21052551269531,15.000000953674316,0,0,21.052631378173828,5.555555820465088,19.047618865966797,12.5,18.75,52.6315803527832,0,0,5.263157844543457,0,0,0,0,15.789472579956055,11.111111640930176,100,0,0,0,0,66481098752,12884893696,1626394624,0
99,1780596565939,57089.79473876953,4700,1,0.3062499999999999,6932.875778198242,4700,1,0.3062499999999999,6795.617172241211,4700,1,0.3062499999999999,11958.442352294922,4700,1,0.3062499999999999,45448.910568237305,4700,1,0.3062499999999999,37611.79508972168,4700,1,0.3062499999999999,46822.66377258301,4700,1,0.3062499999999999,29211.52326965332,4700,1,0.3062499999999999,7269.860977172852,4700,1,0.3062499999999999,7159.0029296875,4700,1,0.3062499999999999,6750.127304077148,4700,1,0.3062499999999999,6967.904678344727,4700,1,0.3062499999999999,8299.401824951172,3007,3007,3007,3007,3007,3007,3007,3007,3007,3007,3007,3007,4690,4691,3007,3007,3007,4690,3007,3007,3007,3007,3007,4690,83.33332824707031,11.764705657958984,0,0,10.526315689086914,14.285715103149414,11.111111640930176,21.052631378173828,26.3157901763916,50,0,0,25,0,0,0,0,10.526315689086914,5.555555820465088,100,0,0,0,0,66481098752,12884893696,1625698304,0
99,1780596566039,57090.41390991211,4700,1,0.30000000000000004,6932.878860473633,4700,1,0.3062499999999999,6795.620346069336,4700,1,0.3062499999999999,11958.713821411133,4700,1,0.30000000000000004,45449.32783508301,4700,1,0.30000000000000004,37612.1688079834,4700,1,0.30000000000000004,46823.10676574707,4700,1,0.30000000000000004,29212.189392089844,4700,1,0.30000000000000004,7269.864242553711,4700,1,0.3062499999999999,7159.006011962891,4700,1,0.3062499999999999,6750.130386352539,4700,1,0.3062499999999999,6967.9078369140625,4700,1,0.3062499999999999,8305.175231933594,3007,3007,3007,3007,3007,3007,3007,3007,3007,3007,3007,3007,4690,4691,3007,3007,3007,4690,3007,3007,3007,3007,3007,4690,83.33332824707031,11.764705657958984,0,0,10.526315689086914,14.285715103149414,11.111111640930176,21.052631378173828,26.3157901763916,50,0,0,25,0,0,0,0,10.526315689086914,5.555555820465088,100,0,0,0,0,66481098752,12884893696,1622437888,0
99,1780596566139,57091.00682067871,4700,1,0.3062499999999999,6932.881942749023,4700,1,0.3062499999999999,6795.623458862305,4700,1,0.3062499999999999,11959.106140136719,4700,1,0.3062499999999999,45449.743728637695,4700,1,0.3062499999999999,37612.58052062988,4700,1,0.3062499999999999,46823.511306762695,4700,1,0.3062499999999999,29212.856079101563,4700,1,0.3062499999999999,7269.8675537109375,4700,1,0.3062499999999999,7159.009094238281,4700,1,0.3062499999999999,6750.13346862793,4700,1,0.3062499999999999,6967.910919189453,4700,1,0.3062499999999999,8310.973510742188,3007,3007,3007,3007,3007,3007,3007,3007,3007,3007,3007,3007,4690,4691,3007,3007,3007,4690,3007,3007,3007,3007,3007,4690,88.23529815673828,25,0,0,26.3157901763916,5.263157844543457,25,11.111111640930176,23.52941131591797,38.88888931274414,0,0,30.000001907348633,0,0,0,0,20,23.809524536132813,100,0,0,0,0,66481098752,12884893696,1619660800,0
99,1780596566239,57091.57096862793,4700,1,0.30000000000000004,6932.885025024414,4700,1,0.30000000000000004,6795.626693725586,4700,1,0.30000000000000004,11959.479614257813,4700,1,0.30000000000000004,45450.18667602539,4700,1,0.30000000000000004,37612.91387939453,4700,1,0.30000000000000004,46823.92404174805,4700,1,0.30000000000000004,29213.550857543945,4700,1,0.30000000000000004,7269.870666503906,4700,1,0.30000000000000004,7159.012176513672,4700,1,0.30000000000000004,6750.13655090332,4700,1,0.30000000000000004,6967.914077758789,4700,1,0.30000000000000004,8316.726089477539,3007,3007,3007,3007,3007,3007,3007,3007,3007,3007,3007,3007,4690,4691,3007,3007,3007,4690,3007,3007,3007,3007,3007,4690,88.23529815673828,25,0,0,26.3157901763916,5.263157844543457,25,11.111111640930176,23.52941131591797,38.88888931274414,0,0,30.000001907348633,0,0,0,0,20,23.809524536132813,100,0,0,0,0,66481098752,12884893696,1627111424,0
99,1780596566339,57092.16377258301,4700,1,0.30000000000000004,6932.888107299805,4700,1,0.30000000000000004,6795.629806518555,4700,1,0.30000000000000004,11959.887451171875,4700,1,0.30000000000000004,45450.64962768555,4700,1,0.30000000000000004,37613.25053405762,4700,1,0.30000000000000004,46824.310470581055,4700,1,0.30000000000000004,29214.209091186523,4700,1,0.30000000000000004,7269.873718261719,4700,1,0.30000000000000004,7159.015274047852,4700,1,0.30000000000000004,6750.139633178711,4700,1,0.30000000000000004,6967.917129516602,4700,1,0.30000000000000004,8322.554077148438,3007,3007,3007,3007,3007,3007,3007,3007,3007,3007,3007,3007,4690,4691,3007,3007,3007,4690,3007,3007,3007,3007,3007,4690,89.47368621826172,12.5,0,0,15.000000953674316,10.526315689086914,17.647058486938477,9.523809432983398,27.77777862548828,47.36842346191406,0,0,26.3157901763916,0,0,0,0,21.052631378173828,5.263157844543457,100,0,0,0,0,66481098752,12884893696,1626636288,0
99,1780596566439,57092.75421142578,4700,1,0.30000000000000004,6932.891159057617,4700,1,0.30000000000000004,6795.632919311523,4700,1,0.30000000000000004,11960.31607055664,4700,1,0.30000000000000004,45450.99366760254,4700,1,0.30000000000000004,37613.61065673828,4700,1,0.30000000000000004,46824.66343688965,4700,1,0.30000000000000004,29214.901260375977,4700,1,0.30000000000000004,7269.876800537109,4700,1,0.30000000000000004,7159.018356323242,4700,1,0.30000000000000004,6750.142715454102,4700,1,0.30000000000000004,6967.920211791992,4700,1,0.30000000000000004,8328.27035522461,3007,3007,3007,3007,3007,3007,3007,3007,3007,3007,3007,3007,4690,4691,3007,3007,3007,4690,3007,3007,3007,3007,3007,4690,89.47368621826172,12.5,0,0,15.000000953674316,10.526315689086914,17.647058486938477,9.523809432983398,27.77777862548828,47.36842346191406,0,0,26.3157901763916,0,0,0,0,21.052631378173828,5.263157844543457,100,0,0,0,0,66481098752,12884893696,1626079232,0
99,1780596566539,57093.32112121582,4700,1,0.3062499999999999,6932.89436340332,4700,1,0.3062499999999999,6795.636123657227,4700,1,0.3062499999999999,11960.644607543945,4700,1,0.3062499999999999,45451.32679748535,4700,1,0.3062499999999999,37613.97398376465,4700,1,0.3062499999999999,46825.12600708008,4700,1,0.3062499999999999,29215.598876953125,4700,1,0.3062499999999999,7269.880081176758,4700,1,0.3062499999999999,7159.021530151367,4700,1,0.3062499999999999,6750.145889282227,4700,1,0.3062499999999999,6967.9234619140625,4700,1,0.3062499999999999,8334.011764526367,3007,3007,3007,3007,3007,3007,3007,3007,3007,3007,3007,3007,4690,4691,3007,3007,3007,4690,3007,3007,3007,3007,3007,4690,84.21052551269531,15.000000953674316,0,0,20,16.666667938232422,0,0,22.22222328186035,47.36842346191406,0,0,18.75,0,0,0,0,18.75,15.789472579956055,100,0,0,0,0,66481098752,12884893696,1625378816,0
99,1780596566639,57093.94276428223,4700,1,0.3062499999999999,6932.897445678711,4700,1,0.3062499999999999,6795.639205932617,4700,1,0.3062499999999999,11960.952407836914,4700,1,0.3062499999999999,45451.67417907715,4700,1,0.3062499999999999,37614.315505981445,4700,1,0.3062499999999999,46825.57417297363,4700,1,0.3062499999999999,29216.2869720459,4700,1,0.3062499999999999,7269.883163452148,4700,1,0.3062499999999999,7159.024612426758,4700,1,0.3062499999999999,6750.148971557617,4700,1,0.3062499999999999,6967.926544189453,4700,1,0.3062499999999999,8339.745346069336,3007,3007,3007,3007,3007,3007,3007,3007,3007,3007,3007,3007,4690,4691,3007,3007,3007,4690,3007,3007,3007,3007,3007,4690,84.21052551269531,15.000000953674316,0,0,20,16.666667938232422,0,0,22.22222328186035,47.36842346191406,0,0,18.75,0,0,0,0,18.75,15.789472579956055,100,0,0,0,0,66481098752,12884893696,1628323840,0
99,1780596566739,57094.55732727051,4700,1,0.3062499999999999,6932.900527954102,4700,1,0.3062499999999999,6795.642364501953,4700,1,0.3062499999999999,11961.24673461914,4700,1,0.3062499999999999,45452.08935546875,4700,1,0.3062499999999999,37614.74687194824,4700,1,0.3062499999999999,46825.94696044922,4700,1,0.3062499999999999,29216.977340698242,4700,1,0.3062499999999999,7269.886245727539,4700,1,0.3062499999999999,7159.027694702148,4700,1,0.3062499999999999,6750.152114868164,4700,1,0.3062499999999999,6967.9298095703125,4700,1,0.3062499999999999,8345.547348022461,3007,3007,3007,3007,3007,3007,3007,3007,3007,3007,3007,3007,4690,4691,3007,3007,3007,4690,3007,3007,3007,3007,3007,4690,89.47368621826172,10,0,0,22.22222328186035,19.047618865966797,0,26.3157901763916,23.52941131591797,50,0,0,35,0,0,0,0,10.526315689086914,10.526315689086914,100,0,0,0,0,66481098752,12884893696,1625120768,0
99,1780596566840,57095.10189819336,4700,1,0.3062499999999999,6932.903610229492,4700,1,0.3062499999999999,6795.6455078125,4700,1,0.3062499999999999,11961.576156616211,4700,1,0.3062499999999999,45452.49464416504,4700,1,0.3062499999999999,37615.18055725098,4700,1,0.3062499999999999,46826.356018066406,4700,1,0.3062499999999999,29217.66748046875,4700,1,0.3062499999999999,7269.889389038086,4700,1,0.3062499999999999,7159.030776977539,4700,1,0.3062499999999999,6750.155197143555,4700,1,0.3062499999999999,6967.932891845703,4700,1,0.3062499999999999,8351.312805175781,3007,3007,3007,3007,3007,3007,3007,3007,3007,3007,3007,3007,4690,4691,3007,3007,3007,4690,3007,3007,3007,3007,3007,4690,89.47368621826172,10,0,0,22.22222328186035,19.047618865966797,0,26.3157901763916,23.52941131591797,50,0,0,35,0,0,0,0,10.526315689086914,10.526315689086914,100,0,0,0,0,66481098752,12884893696,1624342528,0
99,1780596566940,57095.73519897461,4700,1,0.3062499999999999,6932.906692504883,4700,1,0.3062499999999999,6795.648590087891,4700,1,0.3062499999999999,11961.852478027344,4700,1,0.3062499999999999,45452.86068725586,4700,1,0.3062499999999999,37615.594818115234,4700,1,0.3062499999999999,46826.78140258789,4700,1,0.3062499999999999,29218.334686279297,4700,1,0.3062499999999999,7269.892593383789,4700,1,0.3062499999999999,7159.03385925293,4700,1,0.3062499999999999,6750.158355712891,4700,1,0.3062499999999999,6967.936004638672,4700,1,0.3062499999999999,8357.088409423828,3007,3007,3007,3007,3007,3007,3007,3007,3007,3007,3007,3007,4690,4691,3007,3007,3007,4690,3007,3007,3007,3007,3007,4690,83.33332824707031,21.052631378173828,0,0,15.789472579956055,0,0,26.3157901763916,35,38.88888931274414,0,0,27.77777862548828,0,0,0,0,22.72727394104004,22.72727394104004,100,0,0,0,0,66481098752,12884893696,1621381120,0
99,1780596567040,57096.363037109375,4700,1,0.3062499999999999,6932.909774780273,4700,1,0.3062499999999999,6795.6517333984375,4700,1,0.3062499999999999,11962.16586303711,4700,1,0.3062499999999999,45453.308654785156,4700,1,0.3062499999999999,37616.05644226074,4700,1,0.3062499999999999,46827.17420959473,4700,1,0.3062499999999999,29218.930099487305,4700,1,0.3062499999999999,7269.8958740234375,4700,1,0.3062499999999999,7159.036911010742,4700,1,0.3062499999999999,6750.161407470703,4700,1,0.3062499999999999,6967.93913269043,4700,1,0.3062499999999999,8363.026336669922,3007,3007,3007,3007,3007,3007,3007,3007,3007,3007,3007,3007,4690,4691,3007,3007,3007,4690,3007,3007,3007,3007,3007,4690,83.33332824707031,21.052631378173828,0,0,15.789472579956055,0,0,26.3157901763916,35,38.88888931274414,0,0,27.77777862548828,0,0,0,0,22.72727394104004,22.72727394104004,100,0,0,0,0,66481098752,12884893696,1627578368,0
99,1780596567140,57096.98994445801,4700,1,0.3062499999999999,6932.912857055664,4700,1,0.3062499999999999,6795.654815673828,4700,1,0.3062499999999999,11962.429504394531,4700,1,0.3062499999999999,45453.67037963867,4700,1,0.3062499999999999,37616.50308227539,4700,1,0.3062499999999999,46827.615478515625,4700,1,0.3062499999999999,29219.618133544922,4700,1,0.3062499999999999,7269.899017333984,4700,1,0.3062499999999999,7159.039993286133,4700,1,0.3062499999999999,6750.164489746094,4700,1,0.3062499999999999,6967.946243286133,4700,1,0.3062499999999999,8368.852935791016,3007,3007,3007,3007,3007,3007,3007,3007,3007,3007,3007,3007,4690,4691,3007,3007,3007,4690,3007,3007,3007,3007,3007,4690,95,15.000000953674316,0,0,31.57894515991211,10.526315689086914,27.77777862548828,29.411766052246094,16.666667938232422,35,0,0,10.526315689086914,0,0,0,0,21.052631378173828,17.647058486938477,100,0,0,0,0,66481098752,12884893696,1626963968,0
99,1780596567240,57097.51028442383,4700,1,0.3062499999999999,6932.915908813477,4700,1,0.3062499999999999,6795.658020019531,4700,1,0.3062499999999999,11962.78286743164,4700,1,0.3062499999999999,45454.10093688965,4700,1,0.3062499999999999,37616.88151550293,4700,1,0.3062499999999999,46828.091873168945,4700,1,0.3062499999999999,29220.311813354492,4700,1,0.3062499999999999,7269.902450561523,4700,1,0.3062499999999999,7159.043075561523,4700,1,0.3062499999999999,6750.167572021484,4700,1,0.3062499999999999,6967.949401855469,4700,1,0.3062499999999999,8374.627563476563,3007,3007,3007,3007,3007,3007,3007,3007,3007,3007,3007,3007,4690,4691,3007,3007,3007,4690,3007,3007,3007,3007,3007,4690,95,15.000000953674316,0,0,31.57894515991211,10.526315689086914,27.77777862548828,29.411766052246094,16.666667938232422,35,0,0,10.526315689086914,0,0,0,0,21.052631378173828,17.647058486938477,100,0,0,0,0,66481098752,12884893696,1625739264,0
99,1780596567340,57098.05680847168,4700,1,0.3062499999999999,6932.918991088867,4700,1,0.3062499999999999,6795.6611328125,4700,1,0.3062499999999999,11963.14469909668,4700,1,0.3062499999999999,45454.50112915039,4700,1,0.3062499999999999,37617.27029418945,4700,1,0.3062499999999999,46828.55744934082,4700,1,0.3062499999999999,29220.997619628906,4700,1,0.3062499999999999,7269.905746459961,4700,1,0.3062499999999999,7159.046157836914,4700,1,0.3062499999999999,6750.170654296875,4700,1,0.3062499999999999,6967.952484130859,4700,1,0.3062499999999999,8380.401596069336,3007,3007,3007,3007,3007,3007,3007,3007,3007,3007,3007,3007,4690,4691,3007,3007,3007,4690,3007,3007,3007,3007,3007,4690,82.35294342041016,15.000000953674316,0,0,0,20,22.22222328186035,5.555555820465088,36.3636360168457,50,0,0,5.263157844543457,0,0,0,0,22.22222328186035,31.57894515991211,100,0,0,0,0,66481098752,12884893696,1620578304,0
99,1780596567440,57098.631744384766,4700,1,0.3062499999999999,6932.922103881836,4700,1,0.3062499999999999,6795.664215087891,4700,1,0.3062499999999999,11963.29019165039,4700,1,0.3062499999999999,45454.973373413086,4700,1,0.3062499999999999,37617.64097595215,4700,1,0.3062499999999999,46828.97741699219,4700,1,0.3062499999999999,29221.690338134766,4700,1,0.3062499999999999,7269.908828735352,4700,1,0.3062499999999999,7159.049240112305,4700,1,0.3062499999999999,6750.173736572266,4700,1,0.3062499999999999,6967.955596923828,4700,1,0.3062499999999999,8386.075180053711,3007,3007,3007,3007,3007,3007,3007,3007,3007,3007,3007,3007,4690,4691,3007,3007,3007,4690,3007,3007,3007,3007,3007,4690,82.35294342041016,15.000000953674316,0,0,0,20,22.22222328186035,5.555555820465088,36.3636360168457,50,0,0,5.263157844543457,0,0,0,0,22.22222328186035,31.57894515991211,100,0,0,0,0,66481098752,12884893696,1629073408,0
99,1780596567540,57099.211013793945,4700,1,0.30000000000000004,6932.925186157227,4700,1,0.3062499999999999,6795.670394897461,4700,1,0.3062499999999999,11963.504440307617,4700,1,0.30000000000000004,45455.4347076416,4700,1,0.30000000000000004,37618.03259277344,4700,1,0.30000000000000004,46829.415771484375,4700,1,0.30000000000000004,29222.371963500977,4700,1,0.30000000000000004,7269.911972045898,4700,1,0.30000000000000004,7159.052322387695,4700,1,0.30000000000000004,6750.176818847656,4700,1,0.30000000000000004,6967.958740234375,4700,1,0.3062499999999999,8391.777816772461,3007,3007,3007,3007,3007,3007,3007,3007,3007,3007,3007,3007,4690,4691,3007,3007,3007,4690,3007,3007,3007,3007,3007,4690,83.33332824707031,0,0,0,15.000000953674316,10,18.75,5,22.22222328186035,47.36842346191406,0,0,22.22222328186035,0,0,0,0,35,21.052631378173828,100,0,0,0,0,66481098752,12884893696,1629143040,0
99,1780596567640,57099.75328063965,4700,1,0.3062499999999999,6932.928268432617,4700,1,0.3062499999999999,6795.673538208008,4700,1,0.3062499999999999,11963.695556640625,4700,1,0.3062499999999999,45455.91766357422,4700,1,0.3062499999999999,37618.42485046387,4700,1,0.3062499999999999,46829.88456726074,4700,1,0.3062499999999999,29223.055877685547,4700,1,0.3062499999999999,7269.915252685547,4700,1,0.3062499999999999,7159.055404663086,4700,1,0.3062499999999999,6750.179901123047,4700,1,0.3062499999999999,6967.9619140625,4700,1,0.3062499999999999,8397.553131103516,3007,3007,3007,3007,3007,3007,3007,3007,3007,3007,3007,3007,4690,4691,3007,3007,3007,4690,3007,3007,3007,3007,3007,4690,83.33332824707031,0,0,0,15.000000953674316,10,18.75,5,22.22222328186035,47.36842346191406,0,0,22.22222328186035,0,0,0,0,35,21.052631378173828,100,0,0,0,0,66481098752,12884893696,1629700096,0
99,1780596567740,57100.33743286133,4700,1,0.3062499999999999,6932.931350708008,4700,1,0.3062499999999999,6795.676681518555,4700,1,0.3062499999999999,11963.708862304688,4700,1,0.3062499999999999,45456.34632873535,4700,1,0.3062499999999999,37618.843811035156,4700,1,0.3062499999999999,46830.328369140625,4700,1,0.3062499999999999,29223.748291015625,4700,1,0.3062499999999999,7269.918395996094,4700,1,0.3062499999999999,7159.058456420898,4700,1,0.3062499999999999,6750.182952880859,4700,1,0.3062499999999999,6967.965042114258,4700,1,0.3062499999999999,8403.116424560547,3007,3007,3007,3007,3007,3007,3007,3007,3007,3007,3007,3007,4690,4691,3007,3007,3007,4690,3007,3007,3007,3007,3007,4690,83.33332824707031,0,0,0,5.555555820465088,5,27.77777862548828,23.809524536132813,26.3157901763916,44.4444465637207,0,0,26.3157901763916,0,0,0,0,16.666667938232422,26.3157901763916,100,0,0,0,0,66481098752,12884893696,1624395776,0
99,1780596567840,57100.95310974121,4700,1,0.30000000000000004,6932.9344482421875,4700,1,0.30000000000000004,6795.679763793945,4700,1,0.30000000000000004,11963.846267700195,4700,1,0.30000000000000004,45456.802825927734,4700,1,0.30000000000000004,37619.195892333984,4700,1,0.30000000000000004,46830.79096984863,4700,1,0.30000000000000004,29224.44416809082,4700,1,0.30000000000000004,7269.9217529296875,4700,1,0.30000000000000004,7159.061538696289,4700,1,0.30000000000000004,6750.18603515625,4700,1,0.30000000000000004,6967.968124389648,4700,1,0.30000000000000004,8408.784545898438,3007,3007,3007,3007,3007,3007,3007,3007,3007,3007,3007,3007,4690,4691,3007,3007,3007,4690,3007,3007,3007,3007,3007,4690,83.33332824707031,0,0,0,5.555555820465088,5,27.77777862548828,23.809524536132813,26.3157901763916,44.4444465637207,0,0,26.3157901763916,0,0,0,0,16.666667938232422,26.3157901763916,100,0,0,0,0,66481098752,12884893696,1625419776,0
99,1780596567940,57101.5740814209,4700,1,0.3062499999999999,6932.937530517578,4700,1,0.3062499999999999,6795.682846069336,4700,1,0.3062499999999999,11964.152160644531,4700,1,0.3062499999999999,45457.180740356445,4700,1,0.3062499999999999,37619.52569580078,4700,1,0.3062499999999999,46831.259353637695,4700,1,0.3062499999999999,29225.137619018555,4700,1,0.3062499999999999,7269.924896240234,4700,1,0.3062499999999999,7159.06462097168,4700,1,0.3062499999999999,6750.189117431641,4700,1,0.3062499999999999,6967.971206665039,4700,1,0.3062499999999999,8414.478286743164,3007,3007,3007,3007,3007,3007,3007,3007,3007,3007,3007,3007,4690,4691,3007,3007,3007,4690,3007,3007,3007,3007,3007,4690,88.8888931274414,0,0,0,26.3157901763916,10.526315689086914,21.052631378173828,0,23.52941131591797,47.05882263183594,0,0,25,0,0,0,0,25,26.3157901763916,100,0,0,0,0,66481098752,12884893696,1624858624,0
99,1780596568040,57102.185150146484,4700,1,0.3062499999999999,6932.940612792969,4700,1,0.3062499999999999,6795.686050415039,4700,1,0.3062499999999999,11964.538467407227,4700,1,0.3062499999999999,45457.237533569336,4700,1,0.3062499999999999,37619.97982788086,4700,1,0.3062499999999999,46831.73092651367,4700,1,0.3062499999999999,29225.83546447754,4700,1,0.3062499999999999,7269.928253173828,4700,1,0.3062499999999999,7159.06770324707,4700,1,0.3062499999999999,6750.192199707031,4700,1,0.3062499999999999,6967.974365234375,4700,1,0.3062499999999999,8420.144622802734,3007,3007,3007,3007,3007,3007,3007,3007,3007,3007,3007,3007,4690,4691,3007,3007,3007,4690,3007,3007,3007,3007,3007,4690,88.8888931274414,0,0,0,26.3157901763916,10.526315689086914,21.052631378173828,0,23.52941131591797,47.05882263183594,0,0,25,0,0,0,0,25,26.3157901763916,100,0,0,0,0,66481098752,12884893696,1628717056,0
99,1780596568140,57102.725494384766,4700,1,0.3062499999999999,6932.958831787109,4700,1,0.3062499999999999,6795.713333129883,4700,1,0.3062499999999999,11964.883697509766,4700,1,0.3062499999999999,45457.59280395508,4700,1,0.3062499999999999,37620.37138366699,4700,1,0.3062499999999999,46832.11022949219,4700,1,0.3062499999999999,29226.4617767334,4700,1,0.3062499999999999,7269.937927246094,4700,1,0.3062499999999999,7159.08171081543,4700,1,0.3062499999999999,6750.202865600586,4700,1,0.3062499999999999,6968.003433227539,4700,1,0.3062499999999999,8425.87319946289,3007,3007,3007,3007,3007,3007,3007,3007,3007,3007,3007,3007,4690,4691,3007,3007,3007,4690,3007,3007,3007,3007,3007,4690,88.8888931274414,5.263157844543457,0,0,19.047618865966797,22.22222328186035,0,26.3157901763916,26.3157901763916,41.17647171020508,0,0,10.526315689086914,0,0,0,0,21.052631378173828,21.052631378173828,94.44444274902344,0,0,0,0,66481098752,12884893696,1631854592,0
99,1780596568240,57103.300369262695,4700,1,0.3062499999999999,6932.979202270508,4700,1,0.3062499999999999,6795.738906860352,4700,1,0.3062499999999999,11965.250030517578,4700,1,0.3062499999999999,45457.92906188965,4700,1,0.3062499999999999,37620.799392700195,4700,1,0.3062499999999999,46832.49955749512,4700,1,0.3062499999999999,29227.127822875977,4700,1,0.3062499999999999,7269.958190917969,4700,1,0.3062499999999999,7159.091506958008,4700,1,0.3062499999999999,6750.217391967773,4700,1,0.3062499999999999,6968.023330688477,4700,1,0.3062499999999999,8431.65901184082,3007,3007,3007,3007,3007,3007,3007,3007,3007,3007,3007,3007,4690,4691,3007,3007,3007,4690,3007,3007,3007,3007,3007,4690,88.8888931274414,5.263157844543457,0,0,19.047618865966797,22.22222328186035,0,26.3157901763916,26.3157901763916,41.17647171020508,0,0,10.526315689086914,0,0,0,0,21.052631378173828,21.052631378173828,94.44444274902344,0,0,0,0,66481098752,12884893696,1635442688,0
99,1780596568340,57103.91525268555,4700,1,0.3062499999999999,6932.982360839844,4700,1,0.3062499999999999,6795.745849609375,4700,1,0.3062499999999999,11965.552917480469,4700,1,0.3062499999999999,45458.25575256348,4700,1,0.3062499999999999,37621.2127532959,4700,1,0.3062499999999999,46832.94985961914,4700,1,0.3062499999999999,29227.815704345703,4700,1,0.3062499999999999,7269.961990356445,4700,1,0.3062499999999999,7159.0947265625,4700,1,0.3062499999999999,6750.220565795898,4700,1,0.3062499999999999,6968.026412963867,4700,1,0.3062499999999999,8437.365463256836,3007,3007,3007,3007,3007,3007,3007,3007,3007,3007,3007,3007,4690,4691,3007,3007,3007,4690,3007,3007,3007,3007,3007,4690,85,10.526315689086914,0,0,28.571430206298828,11.111111640930176,23.809524536132813,21.052631378173828,28.571430206298828,44.4444465637207,0,0,10,0,0,0,0,25,33.333335876464844,100,0,0,0,0,66481098752,12884893696,1633996800,0
99,1780596568440,57104.51560974121,4700,1,0.3062499999999999,6932.98551940918,4700,1,0.3062499999999999,6795.750518798828,4700,1,0.3062499999999999,11965.882751464844,4700,1,0.3062499999999999,45458.68544006348,4700,1,0.3062499999999999,37621.571517944336,4700,1,0.3062499999999999,46833.283767700195,4700,1,0.3062499999999999,29228.505111694336,4700,1,0.3062499999999999,7269.965103149414,4700,1,0.3062499999999999,7159.097808837891,4700,1,0.3062499999999999,6750.223648071289,4700,1,0.3062499999999999,6968.029495239258,4700,1,0.3062499999999999,8443.132354736328,3007,3007,3007,3007,3007,3007,3007,3007,3007,3007,3007,3007,4690,4691,3007,3007,3007,4690,3007,3007,3007,3007,3007,4690,85,10.526315689086914,0,0,28.571430206298828,11.111111640930176,23.809524536132813,21.052631378173828,28.571430206298828,44.4444465637207,0,0,10,0,0,0,0,25,33.333335876464844,100,0,0,0,0,66481098752,12884893696,1634533376,0
99,1780596568540,57105.10011291504,4700,1,0.30000000000000004,6932.988677978516,4700,1,0.30000000000000004,6795.753662109375,4700,1,0.30000000000000004,11966.217819213867,4700,1,0.30000000000000004,45459.09680175781,4700,1,0.30000000000000004,37621.99108886719,4700,1,0.30000000000000004,46833.62696838379,4700,1,0.30000000000000004,29229.189422607422,4700,1,0.30000000000000004,7269.968185424805,4700,1,0.30000000000000004,7159.100860595703,4700,1,0.30000000000000004,6750.226699829102,4700,1,0.30000000000000004,6968.032623291016,4700,1,0.30000000000000004,8448.859649658203,3007,3007,3007,3007,3007,3007,3007,3007,3007,3007,3007,3007,4690,4691,3007,3007,3007,4690,3007,3007,3007,3007,3007,4690,89.47368621826172,5,0,0,16.666667938232422,16.666667938232422,21.052631378173828,27.77777862548828,0,47.36842346191406,0,0,22.22222328186035,0,0,0,0,5.263157844543457,26.3157901763916,100,0,0,0,0,66481098752,12884893696,1631756288,0
99,1780596568640,57105.71156311035,4700,1,0.3062499999999999,6932.991729736328,4700,1,0.3062499999999999,6795.7567138671875,4700,1,0.3062499999999999,11966.46762084961,4700,1,0.3062499999999999,45459.55821228027,4700,1,0.3062499999999999,37622.40148925781,4700,1,0.3062499999999999,46833.958099365234,4700,1,0.3062499999999999,29229.865615844727,4700,1,0.3062499999999999,7269.971267700195,4700,1,0.3062499999999999,7159.103942871094,4700,1,0.3062499999999999,6750.229782104492,4700,1,0.3062499999999999,6968.035675048828,4700,1,0.3062499999999999,8454.51089477539,3007,3007,3007,3007,3007,3007,3007,3007,3007,3007,3007,3007,4690,4691,3007,3007,3007,4690,3007,3007,3007,3007,3007,4690,89.47368621826172,5,0,0,16.666667938232422,16.666667938232422,21.052631378173828,27.77777862548828,0,47.36842346191406,0,0,22.22222328186035,0,0,0,0,5.263157844543457,26.3157901763916,100,0,0,0,0,66481098752,12884893696,1636171776,0
99,1780596568741,57106.34272766113,4700,1,0.3062499999999999,6932.997283935547,4700,1,0.3062499999999999,6795.7598876953125,4700,1,0.3062499999999999,11966.857818603516,4700,1,0.3062499999999999,45459.97814941406,4700,1,0.3062499999999999,37622.653396606445,4700,1,0.3062499999999999,46834.42417907715,4700,1,0.3062499999999999,29230.51544189453,4700,1,0.3062499999999999,7269.974380493164,4700,1,0.3062499999999999,7159.1070556640625,4700,1,0.3062499999999999,6750.232894897461,4700,1,0.3062499999999999,6968.038848876953,4700,1,0.3062499999999999,8460.369506835938,3007,3007,3007,3007,3007,3007,3007,3007,3007,3007,3007,3007,4690,4691,3007,3007,3007,4690,3007,3007,3007,3007,3007,4690,89.47368621826172,0,0,0,22.22222328186035,22.22222328186035,25,25,15.000000953674316,38.88888931274414,0,0,31.57894515991211,0,0,0,0,15.000000953674316,31.57894515991211,100,0,0,0,0,66481098752,12884893696,1634553856,0
99,1780596568841,57106.99803161621,4700,1,0.3062499999999999,6933.000427246094,4700,1,0.3062499999999999,6795.767562866211,4700,1,0.3062499999999999,11967.175964355469,4700,1,0.3062499999999999,45460.43196105957,4700,1,0.3062499999999999,37622.979431152344,4700,1,0.3062499999999999,46834.94023132324,4700,1,0.3062499999999999,29231.134368896484,4700,1,0.3062499999999999,7269.977554321289,4700,1,0.3062499999999999,7159.110137939453,4700,1,0.3062499999999999,6750.235977172852,4700,1,0.3062499999999999,6968.041931152344,4700,1,0.3062499999999999,8466.206024169922,3007,3007,3007,3007,3007,3007,3007,3007,3007,3007,3007,3007,4690,4691,3007,3007,3007,4690,3007,3007,3007,3007,3007,4690,89.47368621826172,0,0,0,22.22222328186035,22.22222328186035,25,25,15.000000953674316,38.88888931274414,0,0,31.57894515991211,0,0,0,0,15.000000953674316,31.57894515991211,100,0,0,0,0,66481098752,12884893696,1632219136,0
99,1780596568941,57107.62072753906,4700,1,0.3062499999999999,6933.003509521484,4700,1,0.3062499999999999,6795.770645141602,4700,1,0.3062499999999999,11967.520278930664,4700,1,0.3062499999999999,45460.835708618164,4700,1,0.3062499999999999,37623.13168334961,4700,1,0.3062499999999999,46835.410095214844,4700,1,0.3062499999999999,29231.816970825195,4700,1,0.3062499999999999,7269.98063659668,4700,1,0.3062499999999999,7159.113220214844,4700,1,0.3062499999999999,6750.239059448242,4700,1,0.3062499999999999,6968.045013427734,4700,1,0.3062499999999999,8471.83251953125,3007,3007,3007,3007,3007,3007,3007,3007,3007,3007,3007,3007,4690,4691,3007,3007,3007,4690,3007,3007,3007,3007,3007,4690,90.47618865966797,15.000000953674316,0,0,35,11.111111640930176,17.647058486938477,0,31.57894515991211,31.57894515991211,0,0,25,0,0,0,0,0,31.57894515991211,100,0,0,0,0,66481098752,12884893696,1628905472,0
99,1780596569041,57108.20748901367,4700,1,0.3062499999999999,6933.006652832031,4700,1,0.3062499999999999,6795.7738037109375,4700,1,0.3062499999999999,11967.932174682617,4700,1,0.3062499999999999,45461.17704772949,4700,1,0.3062499999999999,37623.463302612305,4700,1,0.3062499999999999,46835.86360168457,4700,1,0.3062499999999999,29232.508178710938,4700,1,0.3062499999999999,7269.98371887207,4700,1,0.3062499999999999,7159.116302490234,4700,1,0.3062499999999999,6750.242141723633,4700,1,0.3062499999999999,6968.048126220703,4700,1,0.3062499999999999,8477.561248779297,3007,3007,3007,3007,3007,3007,3007,3007,3007,3007,3007,3007,4690,4691,3007,3007,3007,4690,3007,3007,3007,3007,3007,4690,90.47618865966797,15.000000953674316,0,0,35,11.111111640930176,17.647058486938477,0,31.57894515991211,31.57894515991211,0,0,25,0,0,0,0,0,31.57894515991211,100,0,0,0,0,66481098752,12884893696,1636085760,0
99,1780596569141,57108.78451538086,4700,1,0.30000000000000004,6933.009735107422,4700,1,0.30000000000000004,6795.776885986328,4700,1,0.30000000000000004,11968.2490234375,4700,1,0.30000000000000004,45461.52406311035,4700,1,0.30000000000000004,37623.83123779297,4700,1,0.30000000000000004,46836.305892944336,4700,1,0.30000000000000004,29233.195541381836,4700,1,0.30000000000000004,7269.986831665039,4700,1,0.30000000000000004,7159.119476318359,4700,1,0.30000000000000004,6750.245223999023,4700,1,0.30000000000000004,6968.051208496094,4700,1,0.30000000000000004,8483.363861083984,3007,3007,3007,3007,3007,3007,3007,3007,3007,3007,3007,3007,4690,4691,3007,3007,3007,4690,3007,3007,3007,3007,3007,4690,90,10.526315689086914,0,0,11.111111640930176,11.764705657958984,27.77777862548828,15.789472579956055,31.57894515991211,40,0,0,0,0,0,0,0,23.809524536132813,25,100,0,0,0,0,66481098752,12884893696,1631690752,0
99,1780596569241,57109.40986633301,4700,1,0.30000000000000004,6933.013107299805,4700,1,0.30000000000000004,6795.78889465332,4700,1,0.30000000000000004,11968.55239868164,4700,1,0.30000000000000004,45461.883041381836,4700,1,0.30000000000000004,37624.15426635742,4700,1,0.30000000000000004,46836.77876281738,4700,1,0.30000000000000004,29233.87158203125,4700,1,0.30000000000000004,7269.989974975586,4700,1,0.30000000000000004,7159.122528076172,4700,1,0.30000000000000004,6750.248397827148,4700,1,0.30000000000000004,6968.054290771484,4700,1,0.30000000000000004,8489.101181030273,3007,3007,3007,3007,3007,3007,3007,3007,3007,3007,3007,3007,4690,4691,3007,3007,3007,4690,3007,3007,3007,3007,3007,4690,90,10.526315689086914,0,0,11.111111640930176,11.764705657958984,27.77777862548828,15.789472579956055,31.57894515991211,40,0,0,0,0,0,0,0,23.809524536132813,25,100,0,0,0,0,66481098752,12884893696,1632129024,0
99,1780596569341,57110.00727844238,4700,1,0.30000000000000004,6933.016204833984,4700,1,0.30000000000000004,6795.791976928711,4700,1,0.30000000000000004,11968.875991821289,4700,1,0.30000000000000004,45462.21699523926,4700,1,0.30000000000000004,37624.513107299805,4700,1,0.30000000000000004,46837.233139038086,4700,1,0.30000000000000004,29234.56623840332,4700,1,0.30000000000000004,7269.993057250977,4700,1,0.30000000000000004,7159.1256103515625,4700,1,0.30000000000000004,6750.251480102539,4700,1,0.30000000000000004,6968.057388305664,4700,1,0.30000000000000004,8494.824996948242,3007,3007,3007,3007,3007,3007,3007,3007,3007,3007,3007,3007,4690,4691,3007,3007,3007,4690,3007,3007,3007,3007,3007,4690,89.47368621826172,16.666667938232422,0,0,26.3157901763916,5,27.77777862548828,10.526315689086914,30.000001907348633,44.4444465637207,0,0,0,0,0,0,0,10.526315689086914,27.77777862548828,100,0,0,0,0,66481098752,12884893696,1627770880,0
99,1780596569441,57110.605392456055,4700,1,0.3062499999999999,6933.019287109375,4700,1,0.3062499999999999,6795.795059204102,4700,1,0.3062499999999999,11968.95248413086,4700,1,0.3062499999999999,45462.58387756348,4700,1,0.3062499999999999,37624.96839904785,4700,1,0.3062499999999999,46837.69792175293,4700,1,0.3062499999999999,29235.261032104492,4700,1,0.3062499999999999,7269.996139526367,4700,1,0.3062499999999999,7159.128692626953,4700,1,0.3062499999999999,6750.25456237793,4700,1,0.3062499999999999,6968.060470581055,4700,1,0.3062499999999999,8500.463775634766,3007,3007,3007,3007,3007,3007,3007,3007,3007,3007,3007,3007,4690,4691,3007,3007,3007,4690,3007,3007,3007,3007,3007,4690,89.47368621826172,16.666667938232422,0,0,26.3157901763916,5,27.77777862548828,10.526315689086914,30.000001907348633,44.4444465637207,0,0,0,0,0,0,0,10.526315689086914,27.77777862548828,100,0,0,0,0,66481098752,12884893696,1637437440,0
99,1780596569541,57111.21586608887,4700,1,0.3062499999999999,6933.022445678711,4700,1,0.3062499999999999,6795.798202514648,4700,1,0.3062499999999999,11969.292205810547,4700,1,0.3062499999999999,45462.90368652344,4700,1,0.3062499999999999,37625.38612365723,4700,1,0.3062499999999999,46838.06767272949,4700,1,0.3062499999999999,29235.95785522461,4700,1,0.3062499999999999,7269.999252319336,4700,1,0.3062499999999999,7159.131774902344,4700,1,0.3062499999999999,6750.25764465332,4700,1,0.3062499999999999,6968.0635986328125,4700,1,0.3062499999999999,8506.133316040039,3007,3007,3007,3007,3007,3007,3007,3007,3007,3007,3007,3007,4690,4691,3007,3007,3007,4690,3007,3007,3007,3007,3007,4690,85,0,0,0,21.052631378173828,5.882352828979492,33.333335876464844,25,22.22222328186035,43.75,0,0,0,0,0,0,0,22.22222328186035,21.052631378173828,100,0,0,0,0,66481098752,12884893696,1636315136,0
99,1780596569641,57111.837646484375,4700,1,0.30000000000000004,6933.0272216796875,4700,1,0.3062499999999999,6795.803680419922,4700,1,0.3062499999999999,11969.647827148438,4700,1,0.30000000000000004,45463.25068664551,4700,1,0.30000000000000004,37625.838638305664,4700,1,0.30000000000000004,46838.46203613281,4700,1,0.30000000000000004,29236.614639282227,4700,1,0.3062499999999999,7270.002395629883,4700,1,0.3062499999999999,7159.134918212891,4700,1,0.3062499999999999,6750.260803222656,4700,1,0.3062499999999999,6968.0667724609375,4700,1,0.3062499999999999,8511.893127441406,3007,3007,3007,3007,3007,3007,3007,3007,3007,3007,3007,3007,4690,4691,3007,3007,3007,4690,3007,3007,3007,3007,3007,4690,85,0,0,0,21.052631378173828,5.882352828979492,33.333335876464844,25,22.22222328186035,43.75,0,0,0,0,0,0,0,22.22222328186035,21.052631378173828,100,0,0,0,0,66481098752,12884893696,1631748096,0
99,1780596569741,57112.38618469238,4700,1,0.30000000000000004,6933.030563354492,4700,1,0.3062499999999999,6795.806823730469,4700,1,0.3062499999999999,11969.959732055664,4700,1,0.30000000000000004,45463.55076599121,4700,1,0.30000000000000004,37626.257247924805,4700,1,0.30000000000000004,46838.94239807129,4700,1,0.30000000000000004,29237.29167175293,4700,1,0.30000000000000004,7270.00569152832,4700,1,0.30000000000000004,7159.138000488281,4700,1,0.30000000000000004,6750.263885498047,4700,1,0.3062499999999999,6968.069885253906,4700,1,0.3062499999999999,8517.60464477539,3007,3007,3007,3007,3007,3007,3007,3007,3007,3007,3007,3007,4690,4691,3007,3007,3007,4690,3007,3007,3007,3007,3007,4690,88.8888931274414,15.789472579956055,0,0,15.789472579956055,14.285715103149414,30.000001907348633,17.647058486938477,11.111111640930176,42.105262756347656,0,0,5,0,0,0,0,16.666667938232422,22.22222328186035,100,0,0,0,0,66481098752,12884893696,1629712384,0
99,1780596569841,57112.98008728027,4700,1,0.3062499999999999,6933.033645629883,4700,1,0.3062499999999999,6795.809906005859,4700,1,0.3062499999999999,11970.209045410156,4700,1,0.3062499999999999,45463.890548706055,4700,1,0.3062499999999999,37626.60403442383,4700,1,0.3062499999999999,46839.425216674805,4700,1,0.3062499999999999,29237.986755371094,4700,1,0.3062499999999999,7270.008804321289,4700,1,0.3062499999999999,7159.141082763672,4700,1,0.3062499999999999,6750.2669677734375,4700,1,0.3062499999999999,6968.072967529297,4700,1,0.3062499999999999,8523.294296264648,3007,3007,3007,3007,3007,3007,3007,3007,3007,3007,3007,3007,4690,4691,3007,3007,3007,4690,3007,3007,3007,3007,3007,4690,88.8888931274414,15.789472579956055,0,0,15.789472579956055,14.285715103149414,30.000001907348633,17.647058486938477,11.111111640930176,42.105262756347656,0,0,5,0,0,0,0,16.666667938232422,22.22222328186035,100,0,0,0,0,66481098752,12884893696,1635573760,0
99,1780596569941,57113.559997558594,4700,1,0.30000000000000004,6933.036804199219,4700,1,0.30000000000000004,6795.813049316406,4700,1,0.30000000000000004,11970.483032226563,4700,1,0.30000000000000004,45464.16996765137,4700,1,0.30000000000000004,37627.02716064453,4700,1,0.30000000000000004,46839.904296875,4700,1,0.30000000000000004,29238.668045043945,4700,1,0.30000000000000004,7270.01188659668,4700,1,0.30000000000000004,7159.144134521484,4700,1,0.30000000000000004,6750.270050048828,4700,1,0.30000000000000004,6968.076019287109,4700,1,0.30000000000000004,8528.964431762695,3007,3007,3007,3007,3007,3007,3007,3007,3007,3007,3007,3007,4690,4691,3007,3007,3007,4690,3007,3007,3007,3007,3007,4690,84.21052551269531,20,0,0,23.809524536132813,5,26.3157901763916,23.809524536132813,35,37.5,0,0,0,0,0,0,0,16.666667938232422,27.77777862548828,100,0,0,0,0,66481098752,12884893696,1635885056,0
99,1780596570041,57114.154693603516,4700,1,0.30000000000000004,6933.039962768555,4700,1,0.30000000000000004,6795.816162109375,4700,1,0.30000000000000004,11970.710906982422,4700,1,0.30000000000000004,45464.53598022461,4700,1,0.30000000000000004,37627.47966003418,4700,1,0.30000000000000004,46840.369689941406,4700,1,0.30000000000000004,29239.359649658203,4700,1,0.30000000000000004,7270.01496887207,4700,1,0.30000000000000004,7159.147216796875,4700,1,0.30000000000000004,6750.273132324219,4700,1,0.30000000000000004,6968.079132080078,4700,1,0.30000000000000004,8534.639099121094,3007,3007,3007,3007,3007,3007,3007,3007,3007,3007,3007,3007,4690,4691,3007,3007,3007,4690,3007,3007,3007,3007,3007,4690,84.21052551269531,20,0,0,23.809524536132813,5,26.3157901763916,23.809524536132813,35,37.5,0,0,0,0,0,0,0,16.666667938232422,27.77777862548828,100,0,0,0,0,66481098752,12884893696,1630384128,0
99,1780596570141,57114.74311828613,4700,1,0.3062499999999999,6933.043045043945,4700,1,0.3062499999999999,6795.819259643555,4700,1,0.3062499999999999,11971.018203735352,4700,1,0.3062499999999999,45464.84687805176,4700,1,0.3062499999999999,37627.95993041992,4700,1,0.3062499999999999,46840.85102844238,4700,1,0.3062499999999999,29240.02099609375,4700,1,0.3062499999999999,7270.018051147461,4700,1,0.3062499999999999,7159.150299072266,4700,1,0.3062499999999999,6750.276214599609,4700,1,0.3062499999999999,6968.082214355469,4700,1,0.3062499999999999,8540.441650390625,3007,3007,3007,3007,3007,3007,3007,3007,3007,3007,3007,3007,4690,4691,3007,3007,3007,4690,3007,3007,3007,3007,3007,4690,88.8888931274414,0,0,0,23.809524536132813,10.526315689086914,33.333335876464844,23.52941131591797,26.3157901763916,45,0,0,0,0,0,0,0,26.3157901763916,27.77777862548828,100,0,0,0,0,66481098752,12884893696,1630494720,0
99,1780596570241,57115.2666015625,4700,1,0.3062499999999999,6933.046340942383,4700,1,0.3062499999999999,6795.822525024414,4700,1,0.3062499999999999,11971.355346679688,4700,1,0.3062499999999999,45465.23321533203,4700,1,0.3062499999999999,37628.433013916016,4700,1,0.3062499999999999,46841.268157958984,4700,1,0.3062499999999999,29240.714569091797,4700,1,0.3062499999999999,7270.021301269531,4700,1,0.3062499999999999,7159.153381347656,4700,1,0.3062499999999999,6750.279357910156,4700,1,0.3062499999999999,6968.0853271484375,4700,1,0.3062499999999999,8546.190536499023,3007,3007,3007,3007,3007,3007,3007,3007,3007,3007,3007,3007,4690,4691,3007,3007,3007,4690,3007,3007,3007,3007,3007,4690,88.8888931274414,0,0,0,23.809524536132813,10.526315689086914,33.333335876464844,23.52941131591797,26.3157901763916,45,0,0,0,0,0,0,0,26.3157901763916,27.77777862548828,100,0,0,0,0,66481098752,12884893696,1633341440,0
99,1780596570341,57115.884536743164,4700,1,0.3062499999999999,6933.049514770508,4700,1,0.3062499999999999,6795.825668334961,4700,1,0.3062499999999999,11971.663055419922,4700,1,0.3062499999999999,45465.58401489258,4700,1,0.3062499999999999,37628.78839111328,4700,1,0.3062499999999999,46841.74848937988,4700,1,0.3062499999999999,29241.39144897461,4700,1,0.3062499999999999,7270.0244140625,4700,1,0.3062499999999999,7159.156463623047,4700,1,0.3062499999999999,6750.282440185547,4700,1,0.3062499999999999,6968.088409423828,4700,1,0.3062499999999999,8551.877426147461,3007,3007,3007,3007,3007,3007,3007,3007,3007,3007,3007,3007,4690,4691,3007,3007,3007,4690,3007,3007,3007,3007,3007,4690,82.35294342041016,20,0,0,15.000000953674316,0,31.57894515991211,23.52941131591797,31.57894515991211,37.5,0,0,0,0,0,0,0,5.882352828979492,16.666667938232422,100,0,0,0,0,66481098752,12884893696,1633239040,0
99,1780596570441,57116.48985290527,4700,1,0.3062499999999999,6933.052597045898,4700,1,0.3062499999999999,6795.828750610352,4700,1,0.3062499999999999,11971.955429077148,4700,1,0.3062499999999999,45465.94854736328,4700,1,0.3062499999999999,37629.13131713867,4700,1,0.3062499999999999,46842.230392456055,4700,1,0.3062499999999999,29242.076751708984,4700,1,0.3062499999999999,7270.027496337891,4700,1,0.3062499999999999,7159.1595458984375,4700,1,0.3062499999999999,6750.2855224609375,4700,1,0.3062499999999999,6968.091491699219,4700,1,0.3062499999999999,8557.63996887207,3007,3007,3007,3007,3007,3007,3007,3007,3007,3007,3007,3007,4690,4691,3007,3007,3007,4690,3007,3007,3007,3007,3007,4690,82.35294342041016,20,0,0,15.000000953674316,0,31.57894515991211,23.52941131591797,31.57894515991211,37.5,0,0,0,0,0,0,0,5.882352828979492,16.666667938232422,100,0,0,0,0,66481098752,12884893696,1631440896,0
99,1780596570542,57117.07698059082,4700,1,0.3062499999999999,6933.055816650391,4700,1,0.3062499999999999,6795.831954956055,4700,1,0.3062499999999999,11972.278030395508,4700,1,0.3062499999999999,45466.18647766113,4700,1,0.3062499999999999,37629.54261779785,4700,1,0.3062499999999999,46842.67680358887,4700,1,0.3062499999999999,29242.771942138672,4700,1,0.3062499999999999,7270.030853271484,4700,1,0.3062499999999999,7159.162750244141,4700,1,0.3062499999999999,6750.288711547852,4700,1,0.3062499999999999,6968.094711303711,4700,1,0.3062499999999999,8563.383499145508,3007,3007,3007,3007,3007,3007,3007,3007,3007,3007,3007,3007,4690,4691,3007,3007,3007,4690,3007,3007,3007,3007,3007,4690,88.8888931274414,15.000000953674316,0,0,16.666667938232422,5.555555820465088,30.000001907348633,20,22.22222328186035,50,0,0,0,0,0,0,0,15.789472579956055,31.57894515991211,100,0,0,0,0,66481098752,12884893696,1630400512,0
99,1780596570642,57117.68765258789,4700,1,0.30000000000000004,6933.058868408203,4700,1,0.30000000000000004,6795.835037231445,4700,1,0.30000000000000004,11972.452392578125,4700,1,0.30000000000000004,45466.59825134277,4700,1,0.30000000000000004,37629.96408081055,4700,1,0.30000000000000004,46843.10859680176,4700,1,0.30000000000000004,29243.46240234375,4700,1,0.30000000000000004,7270.034027099609,4700,1,0.30000000000000004,7159.165832519531,4700,1,0.30000000000000004,6750.291793823242,4700,1,0.30000000000000004,6968.097793579102,4700,1,0.30000000000000004,8569.012603759766,3007,3007,3007,3007,3007,3007,3007,3007,3007,3007,3007,3007,4690,4691,3007,3007,3007,4690,3007,3007,3007,3007,3007,4690,88.8888931274414,15.000000953674316,0,0,16.666667938232422,5.555555820465088,30.000001907348633,20,22.22222328186035,50,0,0,0,0,0,0,0,15.789472579956055,31.57894515991211,100,0,0,0,0,66481098752,12884893696,1627815936,0
99,1780596570742,57118.30569458008,4700,1,0.30000000000000004,6933.062164306641,4700,1,0.30000000000000004,6795.8382568359375,4700,1,0.30000000000000004,11972.710403442383,4700,1,0.30000000000000004,45466.87727355957,4700,1,0.30000000000000004,37630.416748046875,4700,1,0.30000000000000004,46843.52925109863,4700,1,0.30000000000000004,29244.15591430664,4700,1,0.30000000000000004,7270.0372314453125,4700,1,0.30000000000000004,7159.168914794922,4700,1,0.30000000000000004,6750.294876098633,4700,1,0.30000000000000004,6968.100936889648,4700,1,0.30000000000000004,8574.665634155273,3007,3007,3007,3007,3007,3007,3007,3007,3007,3007,3007,3007,4690,4691,3007,3007,3007,4690,3007,3007,3007,3007,3007,4690,85,10,0,0,26.3157901763916,14.285715103149414,11.111111640930176,17.647058486938477,38.095237731933594,47.36842346191406,0,0,28.571430206298828,0,0,0,0,30.000001907348633,10.526315689086914,100,0,0,0,0,66481098752,12884893696,1625735168,0
99,1780596570842,57118.931228637695,4700,1,0.30000000000000004,6933.065246582031,4700,1,0.30000000000000004,6795.841323852539,4700,1,0.30000000000000004,11973.049407958984,4700,1,0.30000000000000004,45467.24255371094,4700,1,0.30000000000000004,37630.79086303711,4700,1,0.30000000000000004,46843.90396118164,4700,1,0.30000000000000004,29244.847427368164,4700,1,0.30000000000000004,7270.040313720703,4700,1,0.30000000000000004,7159.1719970703125,4700,1,0.30000000000000004,6750.297958374023,4700,1,0.30000000000000004,6968.104019165039,4700,1,0.30000000000000004,8580.429794311523,3007,3007,3007,3007,3007,3007,3007,3007,3007,3007,3007,3007,4690,4691,3007,3007,3007,4690,3007,3007,3007,3007,3007,4690,85,10,0,0,26.3157901763916,14.285715103149414,11.111111640930176,17.647058486938477,38.095237731933594,47.36842346191406,0,0,28.571430206298828,0,0,0,0,30.000001907348633,10.526315689086914,100,0,0,0,0,66481098752,12884893696,1629319168,0
99,1780596570942,57119.531997680664,4700,1,0.3062499999999999,6933.068328857422,4700,1,0.3062499999999999,6795.84440612793,4700,1,0.3062499999999999,11973.243469238281,4700,1,0.3062499999999999,45467.597091674805,4700,1,0.3062499999999999,37631.244537353516,4700,1,0.3062499999999999,46844.320388793945,4700,1,0.3062499999999999,29245.535385131836,4700,1,0.3062499999999999,7270.043395996094,4700,1,0.3062499999999999,7159.175079345703,4700,1,0.3062499999999999,6750.301040649414,4700,1,0.3062499999999999,6968.10710144043,4700,1,0.3062499999999999,8586.167892456055,3007,3007,3007,3007,3007,3007,3007,3007,3007,3007,3007,3007,4690,4691,3007,3007,3007,4690,3007,3007,3007,3007,3007,4690,88.8888931274414,5.555555820465088,0,0,30.000001907348633,10.526315689086914,31.57894515991211,21.052631378173828,22.22222328186035,44.4444465637207,0,0,0,0,0,0,0,15.789472579956055,15.000000953674316,100,0,0,0,0,66481098752,12884893696,1629327360,0
99,1780596571042,57120.17118835449,4700,1,0.3062499999999999,6933.071487426758,4700,1,0.3062499999999999,6795.847564697266,4700,1,0.3062499999999999,11973.570999145508,4700,1,0.3062499999999999,45467.961517333984,4700,1,0.3062499999999999,37631.64405822754,4700,1,0.3062499999999999,46844.783142089844,4700,1,0.3062499999999999,29246.184371948242,4700,1,0.3062499999999999,7270.0465087890625,4700,1,0.3062499999999999,7159.178161621094,4700,1,0.3062499999999999,6750.304122924805,4700,1,0.3062499999999999,6968.1102294921875,4700,1,0.3062499999999999,8591.95913696289,3007,3007,3007,3007,3007,3007,3007,3007,3007,3007,3007,3007,4690,4691,3007,3007,3007,4690,3007,3007,3007,3007,3007,4690,88.8888931274414,5.555555820465088,0,0,30.000001907348633,10.526315689086914,31.57894515991211,21.052631378173828,22.22222328186035,44.4444465637207,0,0,0,0,0,0,0,15.789472579956055,15.000000953674316,100,0,0,0,0,66481098752,12884893696,1631928320,0
99,1780596571142,57120.79266357422,4700,1,0.30000000000000004,6933.074645996094,4700,1,0.3062499999999999,6795.8507080078125,4700,1,0.3062499999999999,11973.818389892578,4700,1,0.30000000000000004,45468.323181152344,4700,1,0.30000000000000004,37632.08581542969,4700,1,0.30000000000000004,46845.27745056152,4700,1,0.30000000000000004,29246.87547302246,4700,1,0.30000000000000004,7270.049652099609,4700,1,0.3062499999999999,7159.181243896484,4700,1,0.3062499999999999,6750.307205200195,4700,1,0.3062499999999999,6968.113311767578,4700,1,0.3062499999999999,8597.700286865234,3007,3007,3007,3007,3007,3007,3007,3007,3007,3007,3007,3007,4690,4691,3007,3007,3007,4690,3007,3007,3007,3007,3007,4690,90,0,0,0,30.000001907348633,15.000000953674316,36.842105865478516,19.047618865966797,35,45,0,0,0,0,0,0,0,38.095237731933594,26.3157901763916,100,0,0,0,0,66481098752,12884893696,1631617024,0
99,1780596571242,57121.40449523926,4700,1,0.3062499999999999,6933.078109741211,4700,1,0.3062499999999999,6795.853942871094,4700,1,0.3062499999999999,11974.048614501953,4700,1,0.3062499999999999,45468.75141906738,4700,1,0.3062499999999999,37632.53691101074,4700,1,0.3062499999999999,46845.68569946289,4700,1,0.3062499999999999,29247.564514160156,4700,1,0.3062499999999999,7270.053268432617,4700,1,0.3062499999999999,7159.184326171875,4700,1,0.3062499999999999,6750.310394287109,4700,1,0.3062499999999999,6968.116516113281,4700,1,0.3062499999999999,8603.492919921875,3007,3007,3007,3007,3007,3007,3007,3007,3007,3007,3007,3007,4690,4691,3007,3007,3007,4690,3007,3007,3007,3007,3007,4690,90,0,0,0,30.000001907348633,15.000000953674316,36.842105865478516,19.047618865966797,35,45,0,0,0,0,0,0,0,38.095237731933594,26.3157901763916,100,0,0,0,0,66481098752,12884893696,1628651520,0
99,1780596571342,57121.98973083496,4700,1,0.30000000000000004,6933.081192016602,4700,1,0.30000000000000004,6795.8570556640625,4700,1,0.30000000000000004,11974.458572387695,4700,1,0.30000000000000004,45469.13999938965,4700,1,0.30000000000000004,37632.73767089844,4700,1,0.30000000000000004,46846.124267578125,4700,1,0.30000000000000004,29248.255584716797,4700,1,0.30000000000000004,7270.05632019043,4700,1,0.30000000000000004,7159.1873779296875,4700,1,0.30000000000000004,6750.3134765625,4700,1,0.30000000000000004,6968.119598388672,4700,1,0.30000000000000004,8609.14990234375,3007,3007,3007,3007,3007,3007,3007,3007,3007,3007,3007,3007,4690,4691,3007,3007,3007,4690,3007,3007,3007,3007,3007,4690,87.5,23.809524536132813,0,0,6.25,10,26.3157901763916,5.263157844543457,30.000001907348633,40,0,0,15.789472579956055,0,0,0,0,23.809524536132813,28.571430206298828,100,0,0,0,0,66481098752,12884893696,1628041216,0
99,1780596571442,57122.55010986328,4700,1,0.3062499999999999,6933.084274291992,4700,1,0.3062499999999999,6795.860137939453,4700,1,0.3062499999999999,11974.855895996094,4700,1,0.3062499999999999,45469.505294799805,4700,1,0.3062499999999999,37633.01678466797,4700,1,0.3062499999999999,46846.58302307129,4700,1,0.3062499999999999,29248.93133544922,4700,1,0.3062499999999999,7270.059524536133,4700,1,0.3062499999999999,7159.190460205078,4700,1,0.3062499999999999,6750.316558837891,4700,1,0.3062499999999999,6968.1226806640625,4700,1,0.3062499999999999,8614.84716796875,3007,3007,3007,3007,3007,3007,3007,3007,3007,3007,3007,3007,4690,4691,3007,3007,3007,4690,3007,3007,3007,3007,3007,4690,87.5,23.809524536132813,0,0,6.25,10,26.3157901763916,5.263157844543457,30.000001907348633,40,0,0,15.789472579956055,0,0,0,0,23.809524536132813,28.571430206298828,100,0,0,0,0,66481098752,12884893696,1635295232,0
99,1780596571542,57123.19567871094,4700,1,0.3062499999999999,6933.087493896484,4700,1,0.3062499999999999,6795.863311767578,4700,1,0.3062499999999999,11975.167175292969,4700,1,0.3062499999999999,45469.92958068848,4700,1,0.3062499999999999,37633.45503234863,4700,1,0.3062499999999999,46846.947204589844,4700,1,0.3062499999999999,29249.57583618164,4700,1,0.3062499999999999,7270.062637329102,4700,1,0.3062499999999999,7159.193542480469,4700,1,0.3062499999999999,6750.319641113281,4700,1,0.3062499999999999,6968.125778198242,4700,1,0.3062499999999999,8620.626373291016,3007,3007,3007,3007,3007,3007,3007,3007,3007,3007,3007,3007,4690,4691,3007,3007,3007,4690,3007,3007,3007,3007,3007,4690,89.47368621826172,22.22222328186035,0,0,21.052631378173828,10,27.77777862548828,15.789472579956055,27.77777862548828,36.842105865478516,0,0,19.047618865966797,0,0,0,0,28.571430206298828,15.000000953674316,100,0,0,0,0,66481098752,12884893696,1630605312,0
99,1780596571642,57123.81530761719,4700,1,0.3062499999999999,6933.09065246582,4700,1,0.3062499999999999,6795.866394042969,4700,1,0.3062499999999999,11975.464126586914,4700,1,0.3062499999999999,45470.31231689453,4700,1,0.3062499999999999,37633.85319519043,4700,1,0.3062499999999999,46847.410552978516,4700,1,0.3062499999999999,29250.22966003418,4700,1,0.3062499999999999,7270.065841674805,4700,1,0.3062499999999999,7159.196624755859,4700,1,0.3062499999999999,6750.322723388672,4700,1,0.3062499999999999,6968.128890991211,4700,1,0.3062499999999999,8626.347259521484,3007,3007,3007,3007,3007,3007,3007,3007,3007,3007,3007,3007,4690,4691,3007,3007,3007,4690,3007,3007,3007,3007,3007,4690,89.47368621826172,22.22222328186035,0,0,21.052631378173828,10,27.77777862548828,15.789472579956055,27.77777862548828,36.842105865478516,0,0,19.047618865966797,0,0,0,0,28.571430206298828,15.000000953674316,100,0,0,0,0,66481098752,12884893696,1630343168,0
99,1780596571742,57124.431900024414,4700,1,0.3062499999999999,6933.093811035156,4700,1,0.3062499999999999,6795.869537353516,4700,1,0.3062499999999999,11975.850692749023,4700,1,0.3062499999999999,45470.630432128906,4700,1,0.3062499999999999,37634.20805358887,4700,1,0.3062499999999999,46847.78755187988,4700,1,0.3062499999999999,29250.923782348633,4700,1,0.3062499999999999,7270.069000244141,4700,1,0.3062499999999999,7159.19970703125,4700,1,0.3062499999999999,6750.3258056640625,4700,1,0.3062499999999999,6968.13200378418,4700,1,0.3062499999999999,8632.130432128906,3007,3007,3007,3007,3007,3007,3007,3007,3007,3007,3007,3007,4690,4691,3007,3007,3007,4690,3007,3007,3007,3007,3007,4690,89.47368621826172,5.555555820465088,0,0,33.333335876464844,6.25,30.000001907348633,26.3157901763916,15.789472579956055,45,0,0,5,0,0,0,0,5.263157844543457,26.3157901763916,100,0,0,0,0,66481098752,12884893696,1628647424,0
99,1780596571842,57125.023208618164,4700,1,0.3062499999999999,6933.096893310547,4700,1,0.3062499999999999,6795.872619628906,4700,1,0.3062499999999999,11976.185760498047,4700,1,0.3062499999999999,45470.98013305664,4700,1,0.3062499999999999,37634.57110595703,4700,1,0.3062499999999999,46848.2297668457,4700,1,0.3062499999999999,29251.611450195313,4700,1,0.3062499999999999,7270.072128295898,4700,1,0.3062499999999999,7159.202819824219,4700,1,0.3062499999999999,6750.328887939453,4700,1,0.3062499999999999,6968.13508605957,4700,1,0.3062499999999999,8637.902069091797,3007,3007,3007,3007,3007,3007,3007,3007,3007,3007,3007,3007,4690,4691,3007,3007,3007,4690,3007,3007,3007,3007,3007,4690,89.47368621826172,5.555555820465088,0,0,33.333335876464844,6.25,30.000001907348633,26.3157901763916,15.789472579956055,45,0,0,5,0,0,0,0,5.263157844543457,26.3157901763916,100,0,0,0,0,66481098752,12884893696,1636806656,0
99,1780596571942,57125.65385437012,4700,1,0.30000000000000004,6933.100051879883,4700,1,0.3062499999999999,6795.875762939453,4700,1,0.3062499999999999,11976.546829223633,4700,1,0.30000000000000004,45471.31254577637,4700,1,0.30000000000000004,37634.85285949707,4700,1,0.30000000000000004,46848.679260253906,4700,1,0.30000000000000004,29252.302368164063,4700,1,0.30000000000000004,7270.075210571289,4700,1,0.3062499999999999,7159.205902099609,4700,1,0.3062499999999999,6750.332000732422,4700,1,0.3062499999999999,6968.138168334961,4700,1,0.3062499999999999,8643.633087158203,3007,3007,3007,3007,3007,3007,3007,3007,3007,3007,3007,3007,4690,4691,3007,3007,3007,4690,3007,3007,3007,3007,3007,4690,82.35294342041016,10,0,0,22.22222328186035,25,22.22222328186035,22.22222328186035,22.22222328186035,55,0,0,0,0,0,0,0,0,30.000001907348633,100,0,0,0,0,66481098752,12884893696,1636311040,0
99,1780596572042,57126.25637817383,4700,1,0.3062499999999999,6933.103240966797,4700,1,0.3062499999999999,6795.878936767578,4700,1,0.3062499999999999,11976.852905273438,4700,1,0.3062499999999999,45471.49055480957,4700,1,0.3062499999999999,37635.30093383789,4700,1,0.3062499999999999,46849.119857788086,4700,1,0.3062499999999999,29252.998107910156,4700,1,0.3062499999999999,7270.078720092773,4700,1,0.3062499999999999,7159.209014892578,4700,1,0.3062499999999999,6750.335113525391,4700,1,0.3062499999999999,6968.14128112793,4700,1,0.3062499999999999,8649.283950805664,3007,3007,3007,3007,3007,3007,3007,3007,3007,3007,3007,3007,4690,4691,3007,3007,3007,4690,3007,3007,3007,3007,3007,4690,82.35294342041016,10,0,0,22.22222328186035,25,22.22222328186035,22.22222328186035,22.22222328186035,55,0,0,0,0,0,0,0,0,30.000001907348633,100,0,0,0,0,66481098752,12884893696,1628962816,0
99,1780596572142,57126.84892272949,4700,1,0.30000000000000004,6933.109878540039,4700,1,0.30000000000000004,6795.882019042969,4700,1,0.30000000000000004,11977.207763671875,4700,1,0.30000000000000004,45471.85321044922,4700,1,0.30000000000000004,37635.7004699707,4700,1,0.30000000000000004,46849.5157623291,4700,1,0.30000000000000004,29253.68246459961,4700,1,0.30000000000000004,7270.081832885742,4700,1,0.30000000000000004,7159.212097167969,4700,1,0.30000000000000004,6750.338165283203,4700,1,0.30000000000000004,6968.144378662109,4700,1,0.30000000000000004,8655.067901611328,3007,3007,3007,3007,3007,3007,3007,3007,3007,3007,3007,3007,4690,4691,3007,3007,3007,4690,3007,3007,3007,3007,3007,4690,88.23529815673828,20,0,0,21.052631378173828,10,31.81818199157715,18.75,22.22222328186035,44.4444465637207,0,0,0,0,0,0,0,15.789472579956055,16.666667938232422,100,0,0,0,0,66481098752,12884893696,1628385280,0
99,1780596572243,57127.45132446289,4700,1,0.30000000000000004,6933.113128662109,4700,1,0.30000000000000004,6795.885223388672,4700,1,0.30000000000000004,11977.573471069336,4700,1,0.30000000000000004,45472.24089050293,4700,1,0.30000000000000004,37636.14863586426,4700,1,0.30000000000000004,46849.89274597168,4700,1,0.30000000000000004,29254.346389770508,4700,1,0.30000000000000004,7270.085006713867,4700,1,0.30000000000000004,7159.2152099609375,4700,1,0.30000000000000004,6750.34130859375,4700,1,0.30000000000000004,6968.147521972656,4700,1,0.30000000000000004,8660.854309082031,3007,3007,3007,3007,3007,3007,3007,3007,3007,3007,3007,3007,4690,4691,3007,3007,3007,4690,3007,3007,3007,3007,3007,4690,88.23529815673828,20,0,0,21.052631378173828,10,31.81818199157715,18.75,22.22222328186035,44.4444465637207,0,0,0,0,0,0,0,15.789472579956055,16.666667938232422,100,0,0,0,0,66481098752,12884893696,1633284096,0
99,1780596572343,57128.05438232422,4700,1,0.3062499999999999,6933.116287231445,4700,1,0.3062499999999999,6795.888412475586,4700,1,0.3062499999999999,11977.951385498047,4700,1,0.3062499999999999,45472.543869018555,4700,1,0.3062499999999999,37636.532943725586,4700,1,0.3062499999999999,46850.3127746582,4700,1,0.3062499999999999,29255.03857421875,4700,1,0.3062499999999999,7270.088150024414,4700,1,0.3062499999999999,7159.218322753906,4700,1,0.3062499999999999,6750.344421386719,4700,1,0.3062499999999999,6968.150604248047,4700,1,0.3062499999999999,8666.59536743164,3007,3007,3007,3007,3007,3007,3007,3007,3007,3007,3007,3007,4690,4691,3007,3007,3007,4690,3007,3007,3007,3007,3007,4690,89.47368621826172,20,0,0,21.052631378173828,6.25,16.666667938232422,27.77777862548828,25,41.17647171020508,0,0,0,0,0,0,0,10.526315689086914,15.000000953674316,100,0,0,0,0,66481098752,12884893696,1632993280,0
99,1780596572443,57128.629486083984,4700,1,0.3062499999999999,6933.119369506836,4700,1,0.3062499999999999,6795.891510009766,4700,1,0.3062499999999999,11978.306350708008,4700,1,0.3062499999999999,45472.84802246094,4700,1,0.3062499999999999,37636.91929626465,4700,1,0.3062499999999999,46850.80976867676,4700,1,0.3062499999999999,29255.7286529541,4700,1,0.3062499999999999,7270.09147644043,4700,1,0.3062499999999999,7159.221405029297,4700,1,0.3062499999999999,6750.347503662109,4700,1,0.3062499999999999,6968.1536865234375,4700,1,0.3062499999999999,8672.301803588867,3007,3007,3007,3007,3007,3007,3007,3007,3007,3007,3007,3007,4690,4691,3007,3007,3007,4690,3007,3007,3007,3007,3007,4690,89.47368621826172,20,0,0,21.052631378173828,6.25,16.666667938232422,27.77777862548828,25,41.17647171020508,0,0,0,0,0,0,0,10.526315689086914,15.000000953674316,100,0,0,0,0,66481098752,12884893696,1630842880,0
99,1780596572543,57129.253829956055,4700,1,0.3062499999999999,6933.122528076172,4700,1,0.3062499999999999,6795.896926879883,4700,1,0.3062499999999999,11978.70736694336,4700,1,0.3062499999999999,45473.24792480469,4700,1,0.3062499999999999,37637.29765319824,4700,1,0.3062499999999999,46851.16328430176,4700,1,0.3062499999999999,29256.413330078125,4700,1,0.3062499999999999,7270.09455871582,4700,1,0.3062499999999999,7159.224517822266,4700,1,0.3062499999999999,6750.3505859375,4700,1,0.3062499999999999,6968.156768798828,4700,1,0.3062499999999999,8678.023864746094,3007,3007,3007,3007,3007,3007,3007,3007,3007,3007,3007,3007,4690,4691,3007,3007,3007,4690,3007,3007,3007,3007,3007,4690,80,16.666667938232422,0,0,25,15.000000953674316,15.000000953674316,22.22222328186035,17.647058486938477,47.36842346191406,0,0,22.72727394104004,0,0,0,0,5.263157844543457,26.3157901763916,100,0,0,0,0,66481098752,12884893696,1629245440,0
99,1780596572643,57129.875732421875,4700,1,0.30000000000000004,6933.125717163086,4700,1,0.30000000000000004,6795.90007019043,4700,1,0.30000000000000004,11979.084930419922,4700,1,0.30000000000000004,45473.65684509277,4700,1,0.30000000000000004,37637.60176086426,4700,1,0.30000000000000004,46851.55255126953,4700,1,0.30000000000000004,29257.103775024414,4700,1,0.30000000000000004,7270.097717285156,4700,1,0.30000000000000004,7159.227600097656,4700,1,0.30000000000000004,6750.353698730469,4700,1,0.30000000000000004,6968.159851074219,4700,1,0.30000000000000004,8683.822341918945,3007,3007,3007,3007,3007,3007,3007,3007,3007,3007,3007,3007,4690,4691,3007,3007,3007,4690,3007,3007,3007,3007,3007,4690,80,16.666667938232422,0,0,25,15.000000953674316,15.000000953674316,22.22222328186035,17.647058486938477,47.36842346191406,0,0,22.72727394104004,0,0,0,0,5.263157844543457,26.3157901763916,100,0,0,0,0,66481098752,12884893696,1636671488,0
99,1780596572743,57130.45837402344,4700,1,0.3062499999999999,6933.129043579102,4700,1,0.3062499999999999,6795.903274536133,4700,1,0.3062499999999999,11979.363754272461,4700,1,0.3062499999999999,45474.08474731445,4700,1,0.3062499999999999,37637.99119567871,4700,1,0.3062499999999999,46851.998474121094,4700,1,0.3062499999999999,29257.789352416992,4700,1,0.3062499999999999,7270.100860595703,4700,1,0.3062499999999999,7159.230712890625,4700,1,0.3062499999999999,6750.3568115234375,4700,1,0.3062499999999999,6968.162933349609,4700,1,0.3062499999999999,8689.579818725586,3007,3007,3007,3007,3007,3007,3007,3007,3007,3007,3007,3007,4690,4691,3007,3007,3007,4690,3007,3007,3007,3007,3007,4690,90,14.285715103149414,0,0,21.052631378173828,20,26.3157901763916,15.789472579956055,25,37.5,0,0,21.052631378173828,0,0,0,0,5.263157844543457,21.052631378173828,100,0,0,0,0,66481098752,12884893696,1631776768,0
99,1780596572843,57131.073181152344,4700,1,0.30000000000000004,6933.132125854492,4700,1,0.30000000000000004,6795.906356811523,4700,1,0.30000000000000004,11979.652954101563,4700,1,0.30000000000000004,45474.54704284668,4700,1,0.30000000000000004,37638.40922546387,4700,1,0.30000000000000004,46852.342208862305,4700,1,0.30000000000000004,29258.481842041016,4700,1,0.30000000000000004,7270.10400390625,4700,1,0.30000000000000004,7159.2337646484375,4700,1,0.30000000000000004,6750.35986328125,4700,1,0.30000000000000004,6968.166015625,4700,1,0.30000000000000004,8695.344497680664,3007,3007,3007,3007,3007,3007,3007,3007,3007,3007,3007,3007,4690,4691,3007,3007,3007,4690,3007,3007,3007,3007,3007,4690,90,14.285715103149414,0,0,21.052631378173828,20,26.3157901763916,15.789472579956055,25,37.5,0,0,21.052631378173828,0,0,0,0,5.263157844543457,21.052631378173828,100,0,0,0,0,66481098752,12884893696,1631760384,0
99,1780596572943,57131.69708251953,4700,1,0.3062499999999999,6933.135177612305,4700,1,0.3062499999999999,6795.909408569336,4700,1,0.3062499999999999,11980.050277709961,4700,1,0.3062499999999999,45474.91310119629,4700,1,0.3062499999999999,37638.71919250488,4700,1,0.3062499999999999,46852.73971557617,4700,1,0.3062499999999999,29259.16633605957,4700,1,0.3062499999999999,7270.107284545898,4700,1,0.3062499999999999,7159.236846923828,4700,1,0.3062499999999999,6750.362976074219,4700,1,0.3062499999999999,6968.169097900391,4700,1,0.3062499999999999,8700.978942871094,3007,3007,3007,3007,3007,3007,3007,3007,3007,3007,3007,3007,4690,4691,3007,3007,3007,4690,3007,3007,3007,3007,3007,4690,89.47368621826172,6.25,0,0,26.3157901763916,10,21.052631378173828,15.789472579956055,15.789472579956055,47.05882263183594,0,0,21.052631378173828,0,0,0,0,15.000000953674316,25,100,0,0,0,0,66481098752,12884893696,1627693056,0
99,1780596573043,57132.2649230957,4700,1,0.3062499999999999,6933.138320922852,4700,1,0.3062499999999999,6795.912551879883,4700,1,0.3062499999999999,11980.374786376953,4700,1,0.3062499999999999,45475.37455749512,4700,1,0.3062499999999999,37639.09841918945,4700,1,0.3062499999999999,46853.08923339844,4700,1,0.3062499999999999,29259.857330322266,4700,1,0.3062499999999999,7270.110366821289,4700,1,0.3062499999999999,7159.239990234375,4700,1,0.3062499999999999,6750.366119384766,4700,1,0.3062499999999999,6968.17219543457,4700,1,0.3062499999999999,8706.812240600586,3007,3007,3007,3007,3007,3007,3007,3007,3007,3007,3007,3007,4690,4691,3007,3007,3007,4690,3007,3007,3007,3007,3007,4690,89.47368621826172,6.25,0,0,26.3157901763916,10,21.052631378173828,15.789472579956055,15.789472579956055,47.05882263183594,0,0,21.052631378173828,0,0,0,0,15.000000953674316,25,100,0,0,0,0,66481098752,12884893696,1636184064,0
99,1780596573143,57132.90760803223,4700,1,0.30000000000000004,6933.141510009766,4700,1,0.30000000000000004,6795.91569519043,4700,1,0.30000000000000004,11980.743072509766,4700,1,0.30000000000000004,45475.710388183594,4700,1,0.30000000000000004,37639.4655456543,4700,1,0.30000000000000004,46853.4479675293,4700,1,0.30000000000000004,29260.546005249023,4700,1,0.30000000000000004,7270.11344909668,4700,1,0.30000000000000004,7159.243072509766,4700,1,0.30000000000000004,6750.369232177734,4700,1,0.30000000000000004,6968.175277709961,4700,1,0.30000000000000004,8712.538925170898,3007,3007,3007,3007,3007,3007,3007,3007,3007,3007,3007,3007,4690,4691,3007,3007,3007,4690,3007,3007,3007,3007,3007,4690,83.33332824707031,23.809524536132813,0,0,21.052631378173828,5.555555820465088,22.22222328186035,29.411766052246094,31.57894515991211,44.4444465637207,0,0,15.789472579956055,0,0,0,0,0,0,100,0,0,0,0,66481098752,12884893696,1636315136,0
99,1780596573243,57133.52583312988,4700,1,0.30000000000000004,6933.144836425781,4700,1,0.3062499999999999,6795.918991088867,4700,1,0.3062499999999999,11980.927536010742,4700,1,0.30000000000000004,45476.164794921875,4700,1,0.30000000000000004,37639.91899108887,4700,1,0.30000000000000004,46853.791442871094,4700,1,0.30000000000000004,29261.229598999023,4700,1,0.30000000000000004,7270.116561889648,4700,1,0.3062499999999999,7159.246154785156,4700,1,0.3062499999999999,6750.372375488281,4700,1,0.3062499999999999,6968.178359985352,4700,1,0.3062499999999999,8718.251510620117,3007,3007,3007,3007,3007,3007,3007,3007,3007,3007,3007,3007,4690,4691,3007,3007,3007,4690,3007,3007,3007,3007,3007,4690,83.33332824707031,23.809524536132813,0,0,21.052631378173828,5.555555820465088,22.22222328186035,29.411766052246094,31.57894515991211,44.4444465637207,0,0,15.789472579956055,0,0,0,0,0,0,100,0,0,0,0,66481098752,12884893696,1633775616,0
99,1780596573343,57134.100982666016,4700,1,0.30000000000000004,6933.147918701172,4700,1,0.3062499999999999,6795.922073364258,4700,1,0.3062499999999999,11981.258712768555,4700,1,0.30000000000000004,45476.552963256836,4700,1,0.30000000000000004,37640.35397338867,4700,1,0.30000000000000004,46854.1936340332,4700,1,0.30000000000000004,29261.930053710938,4700,1,0.30000000000000004,7270.119705200195,4700,1,0.3062499999999999,7159.249237060547,4700,1,0.3062499999999999,6750.375457763672,4700,1,0.3062499999999999,6968.181442260742,4700,1,0.3062499999999999,8723.987335205078,3007,3007,3007,3007,3007,3007,3007,3007,3007,3007,3007,3007,4690,4691,3007,3007,3007,4690,3007,3007,3007,3007,3007,4690,88.8888931274414,0,0,0,21.052631378173828,15.789472579956055,11.764705657958984,35,26.3157901763916,41.17647171020508,0,0,22.22222328186035,0,0,0,0,27.272727966308594,14.285715103149414,100,0,0,0,0,66481098752,12884893696,1627144192,0
99,1780596573443,57134.66883850098,4700,1,0.3062499999999999,6933.151153564453,4700,1,0.3062499999999999,6795.925186157227,4700,1,0.3062499999999999,11981.597442626953,4700,1,0.3062499999999999,45476.94674682617,4700,1,0.3062499999999999,37640.76216125488,4700,1,0.3062499999999999,46854.56120300293,4700,1,0.3062499999999999,29262.619552612305,4700,1,0.3062499999999999,7270.122787475586,4700,1,0.3062499999999999,7159.2523193359375,4700,1,0.3062499999999999,6750.3785400390625,4700,1,0.3062499999999999,6968.1845703125,4700,1,0.3062499999999999,8729.75471496582,3007,3007,3007,3007,3007,3007,3007,3007,3007,3007,3007,3007,4690,4691,3007,3007,3007,4690,3007,3007,3007,3007,3007,4690,88.8888931274414,0,0,0,21.052631378173828,15.789472579956055,11.764705657958984,35,26.3157901763916,41.17647171020508,0,0,22.22222328186035,0,0,0,0,27.272727966308594,14.285715103149414,100,0,0,0,0,66481098752,12884893696,1634541568,0
99,1780596573543,57135.2901763916,4700,1,0.3062499999999999,6933.154296875,4700,1,0.3062499999999999,6795.928359985352,4700,1,0.3062499999999999,11981.876098632813,4700,1,0.3062499999999999,45477.318450927734,4700,1,0.3062499999999999,37641.21238708496,4700,1,0.3062499999999999,46854.966537475586,4700,1,0.3062499999999999,29263.317474365234,4700,1,0.3062499999999999,7270.125869750977,4700,1,0.3062499999999999,7159.25537109375,4700,1,0.3062499999999999,6750.381591796875,4700,1,0.3062499999999999,6968.1876220703125,4700,1,0.3062499999999999,8735.508987426758,3007,3007,3007,3007,3007,3007,3007,3007,3007,3007,3007,3007,4690,4691,3007,3007,3007,4690,3007,3007,3007,3007,3007,4690,83.33332824707031,15.000000953674316,0,0,21.052631378173828,10,30.000001907348633,30.000001907348633,23.52941131591797,43.75,0,0,5.263157844543457,0,0,0,0,16.666667938232422,0,100,0,0,0,0,66481098752,12884893696,1631952896,0
99,1780596573643,57135.937591552734,4700,1,0.3062499999999999,6933.163040161133,4700,1,0.3062499999999999,6795.931442260742,4700,1,0.3062499999999999,11982.134155273438,4700,1,0.3062499999999999,45477.84226989746,4700,1,0.3062499999999999,37641.71669006348,4700,1,0.3062499999999999,46855.434478759766,4700,1,0.3062499999999999,29263.873336791992,4700,1,0.3062499999999999,7270.129043579102,4700,1,0.3062499999999999,7159.258514404297,4700,1,0.3062499999999999,6750.384674072266,4700,1,0.3062499999999999,6968.190704345703,4700,1,0.3062499999999999,8741.522857666016,3007,3007,3007,3007,3007,3007,3007,3007,3007,3007,3007,3007,4690,4691,3007,3007,3007,4690,3007,3007,3007,3007,3007,4690,83.33332824707031,15.000000953674316,0,0,21.052631378173828,10,30.000001907348633,30.000001907348633,23.52941131591797,43.75,0,0,5.263157844543457,0,0,0,0,16.666667938232422,0,100,0,0,0,0,66481098752,12884893696,1631625216,0
99,1780596573743,57136.514404296875,4700,1,0.3062499999999999,6933.1695556640625,4700,1,0.3062499999999999,6795.934555053711,4700,1,0.3062499999999999,11982.290985107422,4700,1,0.3062499999999999,45478.30578613281,4700,1,0.3062499999999999,37642.21301269531,4700,1,0.3062499999999999,46855.83024597168,4700,1,0.3062499999999999,29264.53419494629,4700,1,0.3062499999999999,7270.13215637207,4700,1,0.3062499999999999,7159.261627197266,4700,1,0.3062499999999999,6750.387756347656,4700,1,0.3062499999999999,6968.193786621094,4700,1,0.3062499999999999,8747.244110107422,3007,3007,3007,3007,3007,3007,3007,3007,3007,3007,3007,3007,4690,4691,3007,3007,3007,4690,3007,3007,3007,3007,3007,4690,94.44444274902344,4.761904716491699,0,0,30.000001907348633,10,40,31.57894515991211,30.000001907348633,20,0,0,40.90909194946289,0,0,0,0,35,15.789472579956055,100,0,0,0,0,66481098752,12884893696,1627164672,0
99,1780596573843,57137.146408081055,4700,1,0.3062499999999999,6933.172744750977,4700,1,0.3062499999999999,6795.937744140625,4700,1,0.3062499999999999,11982.430221557617,4700,1,0.3062499999999999,45478.753005981445,4700,1,0.3062499999999999,37642.6748046875,4700,1,0.3062499999999999,46856.20104980469,4700,1,0.3062499999999999,29265.224502563477,4700,1,0.3062499999999999,7270.135269165039,4700,1,0.3062499999999999,7159.264709472656,4700,1,0.3062499999999999,6750.390838623047,4700,1,0.3062499999999999,6968.196868896484,4700,1,0.3062499999999999,8752.997482299805,3007,3007,3007,3007,3007,3007,3007,3007,3007,3007,3007,3007,4690,4691,3007,3007,3007,4690,3007,3007,3007,3007,3007,4690,94.44444274902344,4.761904716491699,0,0,30.000001907348633,10,40,31.57894515991211,30.000001907348633,20,0,0,40.90909194946289,0,0,0,0,35,15.789472579956055,100,0,0,0,0,66481098752,12884893696,1634574336,0
99,1780596573943,57137.73664855957,4700,1,0.3062499999999999,6933.175827026367,4700,1,0.3062499999999999,6795.940826416016,4700,1,0.3062499999999999,11982.822036743164,4700,1,0.3062499999999999,45479.16390991211,4700,1,0.3062499999999999,37643.09339904785,4700,1,0.3062499999999999,46856.6301574707,4700,1,0.3062499999999999,29265.861770629883,4700,1,0.3062499999999999,7270.138717651367,4700,1,0.3062499999999999,7159.267791748047,4700,1,0.3062499999999999,6750.3939208984375,4700,1,0.3062499999999999,6968.199951171875,4700,1,0.3062499999999999,8758.834457397461,3007,3007,3007,3007,3007,3007,3007,3007,3007,3007,3007,3007,4690,4691,3007,3007,3007,4690,3007,3007,3007,3007,3007,4690,89.47368621826172,5.263157844543457,0,0,28.571430206298828,15.789472579956055,11.764705657958984,25,30.000001907348633,38.88888931274414,0,0,27.77777862548828,0,0,0,0,18.75,5.263157844543457,100,0,0,0,0,66481098752,12884893696,1630978048,0
99,1780596574044,57138.25912475586,4700,1,0.3062499999999999,6933.178985595703,4700,1,0.3062499999999999,6795.943984985352,4700,1,0.3062499999999999,11983.171249389648,4700,1,0.3062499999999999,45479.501541137695,4700,1,0.3062499999999999,37643.53240966797,4700,1,0.3062499999999999,46857.09272766113,4700,1,0.3062499999999999,29266.542755126953,4700,1,0.3062499999999999,7270.141799926758,4700,1,0.3062499999999999,7159.2708740234375,4700,1,0.3062499999999999,6750.397003173828,4700,1,0.3062499999999999,6968.203033447266,4700,1,0.3062499999999999,8764.618881225586,3007,3007,3007,3007,3007,3007,3007,3007,3007,3007,3007,3007,4690,4691,3007,3007,3007,4690,3007,3007,3007,3007,3007,4690,89.47368621826172,5.263157844543457,0,0,28.571430206298828,15.789472579956055,11.764705657958984,25,30.000001907348633,38.88888931274414,0,0,27.77777862548828,0,0,0,0,18.75,5.263157844543457,100,0,0,0,0,66481098752,12884893696,1628401664,0
99,1780596574144,57138.87954711914,4700,1,0.3062499999999999,6933.182067871094,4700,1,0.3062499999999999,6795.947067260742,4700,1,0.3062499999999999,11983.286727905273,4700,1,0.3062499999999999,45479.946380615234,4700,1,0.3062499999999999,37643.96513366699,4700,1,0.3062499999999999,46857.48530578613,4700,1,0.3062499999999999,29267.23114013672,4700,1,0.3062499999999999,7270.144912719727,4700,1,0.3062499999999999,7159.273956298828,4700,1,0.3062499999999999,6750.400085449219,4700,1,0.3062499999999999,6968.206115722656,4700,1,0.3062499999999999,8770.302764892578,3007,3007,3007,3007,3007,3007,3007,3007,3007,3007,3007,3007,4690,4691,3007,3007,3007,4690,3007,3007,3007,3007,3007,4690,84.21052551269531,15.000000953674316,0,0,19.047618865966797,14.285715103149414,26.3157901763916,23.809524536132813,11.111111640930176,45,0,0,5.555555820465088,0,0,0,0,38.095237731933594,35,100,0,0,0,0,66481098752,12884893696,1628061696,0
99,1780596574244,57139.50634765625,4700,1,0.30000000000000004,6933.185440063477,4700,1,0.30000000000000004,6795.950332641602,4700,1,0.30000000000000004,11983.50146484375,4700,1,0.30000000000000004,45480.350830078125,4700,1,0.30000000000000004,37644.39245605469,4700,1,0.30000000000000004,46857.84176635742,4700,1,0.30000000000000004,29267.922622680664,4700,1,0.30000000000000004,7270.148391723633,4700,1,0.30000000000000004,7159.284637451172,4700,1,0.30000000000000004,6750.403244018555,4700,1,0.30000000000000004,6968.209167480469,4700,1,0.30000000000000004,8775.948974609375,3007,3007,3007,3007,3007,3007,3007,3007,3007,3007,3007,3007,4690,4691,3007,3007,3007,4690,3007,3007,3007,3007,3007,4690,84.21052551269531,15.000000953674316,0,0,19.047618865966797,14.285715103149414,26.3157901763916,23.809524536132813,11.111111640930176,45,0,0,5.555555820465088,0,0,0,0,38.095237731933594,35,100,0,0,0,0,66481098752,12884893696,1634689024,0
99,1780596574344,57140.08708190918,4700,1,0.3062499999999999,6933.188491821289,4700,1,0.3062499999999999,6795.953414916992,4700,1,0.3062499999999999,11983.809356689453,4700,1,0.3062499999999999,45480.79544067383,4700,1,0.3062499999999999,37644.765869140625,4700,1,0.3062499999999999,46858.21374511719,4700,1,0.3062499999999999,29268.610809326172,4700,1,0.3062499999999999,7270.151565551758,4700,1,0.3062499999999999,7159.290618896484,4700,1,0.3062499999999999,6750.406326293945,4700,1,0.3062499999999999,6968.212249755859,4700,1,0.3062499999999999,8781.633102416992,3007,3007,3007,3007,3007,3007,3007,3007,3007,3007,3007,3007,4690,4691,3007,3007,3007,4690,3007,3007,3007,3007,3007,4690,88.8888931274414,0,0,0,25,21.052631378173828,25,20,0,47.05882263183594,0,0,26.3157901763916,0,0,0,0,16.666667938232422,26.3157901763916,100,4.761904716491699,0,0,0,66481098752,12884893696,1636446208,0
99,1780596574444,57140.62254333496,4700,1,0.3062499999999999,6933.19157409668,4700,1,0.3062499999999999,6795.956497192383,4700,1,0.3062499999999999,11984.026916503906,4700,1,0.3062499999999999,45481.27619934082,4700,1,0.3062499999999999,37645.16862487793,4700,1,0.3062499999999999,46858.58979797363,4700,1,0.3062499999999999,29269.309967041016,4700,1,0.3062499999999999,7270.154678344727,4700,1,0.3062499999999999,7159.296035766602,4700,1,0.3062499999999999,6750.409408569336,4700,1,0.3062499999999999,6968.21533203125,4700,1,0.3062499999999999,8787.296020507813,3007,3007,3007,3007,3007,3007,3007,3007,3007,3007,3007,3007,4690,4691,3007,3007,3007,4690,3007,3007,3007,3007,3007,4690,88.8888931274414,0,0,0,25,21.052631378173828,25,20,0,47.05882263183594,0,0,26.3157901763916,0,0,0,0,16.666667938232422,26.3157901763916,100,4.761904716491699,0,0,0,66481098752,12884893696,1633370112,0
99,1780596574544,57141.19332885742,4700,1,0.3062499999999999,6933.195220947266,4700,1,0.3062499999999999,6795.989349365234,4700,1,0.3062499999999999,11984.397399902344,4700,1,0.3062499999999999,45481.74719238281,4700,1,0.3062499999999999,37645.71141052246,4700,1,0.3062499999999999,46859.04997253418,4700,1,0.3062499999999999,29269.9990234375,4700,1,0.3062499999999999,7270.158279418945,4700,1,0.3062499999999999,7159.311614990234,4700,1,0.3062499999999999,6750.41259765625,4700,1,0.3062499999999999,6968.218536376953,4700,1,0.3062499999999999,8793.433471679688,3007,3007,3007,3007,3007,3007,3007,3007,3007,3007,3007,3007,4690,4691,3007,3007,3007,4690,3007,3007,3007,3007,3007,4690,84.21052551269531,5.263157844543457,0,0,10,23.809524536132813,33.333335876464844,42.85714340209961,15.000000953674316,50,0,0,30.000001907348633,0,0,0,0,33.333335876464844,29.411766052246094,100,0,0,0,0,66481098752,12884893696,1626181632,0
99,1780596574644,57141.757888793945,4700,1,0.3062499999999999,6933.1983642578125,4700,1,0.3062499999999999,6795.992492675781,4700,1,0.3062499999999999,11984.742279052734,4700,1,0.3062499999999999,45481.971755981445,4700,1,0.3062499999999999,37646.11848449707,4700,1,0.3062499999999999,46859.527740478516,4700,1,0.3062499999999999,29270.697052001953,4700,1,0.3062499999999999,7270.161361694336,4700,1,0.3062499999999999,7159.326705932617,4700,1,0.3062499999999999,6750.415710449219,4700,1,0.3062499999999999,6968.221618652344,4700,1,0.3062499999999999,8799.152862548828,3007,3007,3007,3007,3007,3007,3007,3007,3007,3007,3007,3007,4690,4691,3007,3007,3007,4690,3007,3007,3007,3007,3007,4690,84.21052551269531,5.263157844543457,0,0,10,23.809524536132813,33.333335876464844,42.85714340209961,15.000000953674316,50,0,0,30.000001907348633,0,0,0,0,33.333335876464844,29.411766052246094,100,0,0,0,0,66481098752,12884893696,1630339072,0
99,1780596574744,57142.38220214844,4700,1,0.30000000000000004,6933.211654663086,4700,1,0.3062499999999999,6795.995635986328,4700,1,0.3062499999999999,11985.033126831055,4700,1,0.30000000000000004,45482.34346008301,4700,1,0.30000000000000004,37646.591857910156,4700,1,0.30000000000000004,46859.9383392334,4700,1,0.30000000000000004,29271.385818481445,4700,1,0.30000000000000004,7270.164688110352,4700,1,0.3062499999999999,7159.338882446289,4700,1,0.3062499999999999,6750.418792724609,4700,1,0.3062499999999999,6968.224700927734,4700,1,0.3062499999999999,8804.941802978516,3007,3007,3007,3007,3007,3007,3007,3007,3007,3007,3007,3007,4690,4691,3007,3007,3007,4690,3007,3007,3007,3007,3007,4690,88.8888931274414,0,0,0,20,11.111111640930176,9.523809432983398,23.52941131591797,21.052631378173828,55,0,0,21.052631378173828,0,0,0,0,21.052631378173828,21.052631378173828,100,0,0,0,0,66481098752,12884893696,1633792000,0
99,1780596574844,57143.00485229492,4700,1,0.30000000000000004,6933.214736938477,4700,1,0.30000000000000004,6795.998718261719,4700,1,0.30000000000000004,11985.33821105957,4700,1,0.30000000000000004,45482.71076965332,4700,1,0.30000000000000004,37647.029052734375,4700,1,0.30000000000000004,46860.337005615234,4700,1,0.30000000000000004,29272.078536987305,4700,1,0.30000000000000004,7270.167953491211,4700,1,0.30000000000000004,7159.350738525391,4700,1,0.30000000000000004,6750.421875,4700,1,0.30000000000000004,6968.227783203125,4700,1,0.30000000000000004,8810.761367797852,3007,3007,3007,3007,3007,3007,3007,3007,3007,3007,3007,3007,4690,4691,3007,3007,3007,4690,3007,3007,3007,3007,3007,4690,88.8888931274414,0,0,0,20,11.111111640930176,9.523809432983398,23.52941131591797,21.052631378173828,55,0,0,21.052631378173828,0,0,0,0,21.052631378173828,21.052631378173828,100,0,0,0,0,66481098752,12884893696,1630097408,0
99,1780596574944,57143.600997924805,4700,1,0.3062499999999999,6933.217819213867,4700,1,0.3062499999999999,6796.001800537109,4700,1,0.3062499999999999,11985.668380737305,4700,1,0.3062499999999999,45483.07026672363,4700,1,0.3062499999999999,37647.50305175781,4700,1,0.3062499999999999,46860.63542175293,4700,1,0.3062499999999999,29272.764892578125,4700,1,0.3062499999999999,7270.171005249023,4700,1,0.3062499999999999,7159.358062744141,4700,1,0.3062499999999999,6750.424957275391,4700,1,0.3062499999999999,6968.230865478516,4700,1,0.3062499999999999,8816.534362792969,3007,3007,3007,3007,3007,3007,3007,3007,3007,3007,3007,3007,4690,4691,3007,3007,3007,4690,3007,3007,3007,3007,3007,4690,88.8888931274414,0,0,0,21.052631378173828,16.666667938232422,0,33.333335876464844,0,35.71428680419922,0,0,35,0,0,0,0,26.3157901763916,26.3157901763916,100,0,0,0,0,66481098752,12884893696,1630064640,0
99,1780596575044,57144.1710357666,4700,1,0.3062499999999999,6933.22102355957,4700,1,0.3062499999999999,6796.004974365234,4700,1,0.3062499999999999,11986.049179077148,4700,1,0.3062499999999999,45483.494888305664,4700,1,0.3062499999999999,37647.91377258301,4700,1,0.3062499999999999,46860.98274230957,4700,1,0.3062499999999999,29273.45440673828,4700,1,0.3062499999999999,7270.17414855957,4700,1,0.3062499999999999,7159.368392944336,4700,1,0.3062499999999999,6750.428039550781,4700,1,0.3062499999999999,6968.233917236328,4700,1,0.3062499999999999,8822.29817199707,3007,3007,3007,3007,3007,3007,3007,3007,3007,3007,3007,3007,4690,4691,3007,3007,3007,4690,3007,3007,3007,3007,3007,4690,88.8888931274414,0,0,0,21.052631378173828,16.666667938232422,0,33.333335876464844,0,35.71428680419922,0,0,35,0,0,0,0,26.3157901763916,26.3157901763916,100,0,0,0,0,66481098752,12884893696,1633910784,0
99,1780596575144,57144.735900878906,4700,1,0.30000000000000004,6933.22412109375,4700,1,0.30000000000000004,6796.008041381836,4700,1,0.30000000000000004,11986.205749511719,4700,1,0.30000000000000004,45483.95428466797,4700,1,0.30000000000000004,37648.3117980957,4700,1,0.30000000000000004,46861.44471740723,4700,1,0.30000000000000004,29274.14649963379,4700,1,0.30000000000000004,7270.177230834961,4700,1,0.30000000000000004,7159.374816894531,4700,1,0.30000000000000004,6750.431121826172,4700,1,0.30000000000000004,6968.236999511719,4700,1,0.30000000000000004,8828.056289672852,3007,3007,3007,3007,3007,3007,3007,3007,3007,3007,3007,3007,4690,4691,3007,3007,3007,4690,3007,3007,3007,3007,3007,4690,88.8888931274414,5,0,0,5.263157844543457,20,16.666667938232422,15.000000953674316,5.555555820465088,47.36842346191406,0,0,33.333335876464844,0,0,0,0,31.57894515991211,27.77777862548828,100,0,0,0,0,66481098752,12884893696,1630437376,0
99,1780596575244,57145.322021484375,4700,1,0.3062499999999999,6933.227386474609,4700,1,0.3062499999999999,6796.011306762695,4700,1,0.3062499999999999,11986.494445800781,4700,1,0.3062499999999999,45484.360916137695,4700,1,0.3062499999999999,37648.70471191406,4700,1,0.3062499999999999,46861.88896179199,4700,1,0.3062499999999999,29274.836975097656,4700,1,0.3062499999999999,7270.180450439453,4700,1,0.3062499999999999,7159.3843994140625,4700,1,0.3062499999999999,6750.434265136719,4700,1,0.3062499999999999,6968.240081787109,4700,1,0.3062499999999999,8833.871887207031,3007,3007,3007,3007,3007,3007,3007,3007,3007,3007,3007,3007,4690,4691,3007,3007,3007,4690,3007,3007,3007,3007,3007,4690,88.8888931274414,5,0,0,5.263157844543457,20,16.666667938232422,15.000000953674316,5.555555820465088,47.36842346191406,0,0,33.333335876464844,0,0,0,0,31.57894515991211,27.77777862548828,100,0,0,0,0,66481098752,12884893696,1627320320,0
99,1780596575344,57145.88269042969,4700,1,0.3062499999999999,6933.23046875,4700,1,0.3062499999999999,6796.014389038086,4700,1,0.3062499999999999,11986.828872680664,4700,1,0.3062499999999999,45484.763122558594,4700,1,0.3062499999999999,37649.069412231445,4700,1,0.3062499999999999,46862.293029785156,4700,1,0.3062499999999999,29275.53450012207,4700,1,0.3062499999999999,7270.183563232422,4700,1,0.3062499999999999,7159.394088745117,4700,1,0.3062499999999999,6750.437347412109,4700,1,0.3062499999999999,6968.2431640625,4700,1,0.3062499999999999,8839.587265014648,3007,3007,3007,3007,3007,3007,3007,3007,3007,3007,3007,3007,4690,4691,3007,3007,3007,4690,3007,3007,3007,3007,3007,4690,83.33332824707031,11.111111640930176,0,0,15.000000953674316,10,15.000000953674316,22.22222328186035,22.22222328186035,55,0,0,30.000001907348633,0,0,0,0,10.526315689086914,20,100,0,0,0,0,66481098752,12884893696,1625686016,0
99,1780596575444,57146.39939880371,4700,1,0.3062499999999999,6933.233612060547,4700,1,0.3062499999999999,6796.017532348633,4700,1,0.3062499999999999,11987.119033813477,4700,1,0.3062499999999999,45485.25436401367,4700,1,0.3062499999999999,37649.41801452637,4700,1,0.3062499999999999,46862.7237701416,4700,1,0.3062499999999999,29276.218215942383,4700,1,0.3062499999999999,7270.187164306641,4700,1,0.3062499999999999,7159.406936645508,4700,1,0.3062499999999999,6750.4404296875,4700,1,0.3062499999999999,6968.246307373047,4700,1,0.3062499999999999,8845.341720581055,3007,3007,3007,3007,3007,3007,3007,3007,3007,3007,3007,3007,4690,4691,3007,3007,3007,4690,3007,3007,3007,3007,3007,4690,83.33332824707031,11.111111640930176,0,0,15.000000953674316,10,15.000000953674316,22.22222328186035,22.22222328186035,55,0,0,30.000001907348633,0,0,0,0,10.526315689086914,20,100,0,0,0,0,66481098752,12884893696,1632636928,0
99,1780596575544,57147.02795410156,4700,1,0.3062499999999999,6933.236770629883,4700,1,0.3062499999999999,6796.02067565918,4700,1,0.3062499999999999,11987.459564208984,4700,1,0.3062499999999999,45485.58322143555,4700,1,0.3062499999999999,37649.59327697754,4700,1,0.3062499999999999,46863.24116516113,4700,1,0.3062499999999999,29276.897033691406,4700,1,0.3062499999999999,7270.190399169922,4700,1,0.3062499999999999,7159.4141845703125,4700,1,0.3062499999999999,6750.443511962891,4700,1,0.3062499999999999,6968.249420166016,4700,1,0.3062499999999999,8851.009643554688,3007,3007,3007,3007,3007,3007,3007,3007,3007,3007,3007,3007,4690,4691,3007,3007,3007,4690,3007,3007,3007,3007,3007,4690,82.35294342041016,21.052631378173828,0,0,5.882352828979492,5.263157844543457,15.789472579956055,14.285715103149414,26.3157901763916,45,0,0,26.3157901763916,0,0,0,0,10,23.52941131591797,100,0,0,0,0,66481098752,12884893696,1631129600,0
99,1780596575644,57147.627365112305,4700,1,0.3062499999999999,6933.246154785156,4700,1,0.3062499999999999,6796.02375793457,4700,1,0.3062499999999999,11987.757598876953,4700,1,0.3062499999999999,45485.93739318848,4700,1,0.3062499999999999,37649.955627441406,4700,1,0.3062499999999999,46863.64692687988,4700,1,0.3062499999999999,29277.581512451172,4700,1,0.3062499999999999,7270.193511962891,4700,1,0.3062499999999999,7159.425537109375,4700,1,0.3062499999999999,6750.446594238281,4700,1,0.3062499999999999,6968.252502441406,4700,1,0.3062499999999999,8856.805541992188,3007,3007,3007,3007,3007,3007,3007,3007,3007,3007,3007,3007,4690,4691,3007,3007,3007,4690,3007,3007,3007,3007,3007,4690,82.35294342041016,21.052631378173828,0,0,5.882352828979492,5.263157844543457,15.789472579956055,14.285715103149414,26.3157901763916,45,0,0,26.3157901763916,0,0,0,0,10,23.52941131591797,100,0,0,0,0,66481098752,12884893696,1628090368,0
99,1780596575744,57148.26274108887,4700,1,0.3062499999999999,6933.253768920898,4700,1,0.3062499999999999,6796.026901245117,4700,1,0.3062499999999999,11987.992111206055,4700,1,0.3062499999999999,45486.38064575195,4700,1,0.3062499999999999,37650.26396179199,4700,1,0.3062499999999999,46864.08544921875,4700,1,0.3062499999999999,29278.268112182617,4700,1,0.3062499999999999,7270.196853637695,4700,1,0.3062499999999999,7159.432037353516,4700,1,0.3062499999999999,6750.449676513672,4700,1,0.3062499999999999,6968.255584716797,4700,1,0.3062499999999999,8862.523559570313,3007,3007,3007,3007,3007,3007,3007,3007,3007,3007,3007,3007,4690,4691,3007,3007,3007,4690,3007,3007,3007,3007,3007,4690,84.21052551269531,5,0,0,35,15.000000953674316,10.526315689086914,0,25,50,0,0,31.57894515991211,0,0,0,0,17.647058486938477,16.666667938232422,100,0,0,0,0,66481098752,12884893696,1626705920,0
99,1780596575845,57148.85060119629,4700,1,0.3062499999999999,6933.2569580078125,4700,1,0.3062499999999999,6796.030044555664,4700,1,0.3062499999999999,11988.266189575195,4700,1,0.3062499999999999,45486.79490661621,4700,1,0.3062499999999999,37650.62878417969,4700,1,0.3062499999999999,46864.482971191406,4700,1,0.3062499999999999,29278.947494506836,4700,1,0.3062499999999999,7270.199935913086,4700,1,0.3062499999999999,7159.435119628906,4700,1,0.3062499999999999,6750.452728271484,4700,1,0.3062499999999999,6968.2586669921875,4700,1,0.3062499999999999,8868.247741699219,3007,3007,3007,3007,3007,3007,3007,3007,3007,3007,3007,3007,4690,4691,3007,3007,3007,4690,3007,3007,3007,3007,3007,4690,84.21052551269531,5,0,0,35,15.000000953674316,10.526315689086914,0,25,50,0,0,31.57894515991211,0,0,0,0,17.647058486938477,16.666667938232422,100,0,0,0,0,66481098752,12884893696,1632841728,0
99,1780596575945,57149.41423034668,4700,1,0.3062499999999999,6933.260009765625,4700,1,0.3062499999999999,6796.033096313477,4700,1,0.3062499999999999,11988.627243041992,4700,1,0.3062499999999999,45487.21992492676,4700,1,0.3062499999999999,37651.02114868164,4700,1,0.3062499999999999,46864.894592285156,4700,1,0.3062499999999999,29279.632522583008,4700,1,0.3062499999999999,7270.203018188477,4700,1,0.3062499999999999,7159.438201904297,4700,1,0.3062499999999999,6750.455810546875,4700,1,0.3062499999999999,6968.26171875,4700,1,0.3062499999999999,8873.998641967773,3007,3007,3007,3007,3007,3007,3007,3007,3007,3007,3007,3007,4690,4691,3007,3007,3007,4690,3007,3007,3007,3007,3007,4690,83.33332824707031,15.000000953674316,0,4.761904716491699,10.526315689086914,11.111111640930176,27.77777862548828,11.111111640930176,22.22222328186035,44.4444465637207,0,0,10.526315689086914,0,0,0,0,15.789472579956055,6.25,100,0,0,0,0,66481098752,12884893696,1630949376,0
99,1780596576045,57150.00035095215,4700,1,0.3062499999999999,6933.263168334961,4700,1,0.3062499999999999,6796.036239624023,4700,1,0.3062499999999999,11988.953338623047,4700,1,0.3062499999999999,45487.68849182129,4700,1,0.3062499999999999,37651.331634521484,4700,1,0.3062499999999999,46865.355072021484,4700,1,0.3062499999999999,29280.32276916504,4700,1,0.3062499999999999,7270.206161499023,4700,1,0.3062499999999999,7159.4412841796875,4700,1,0.3062499999999999,6750.458892822266,4700,1,0.3062499999999999,6968.264801025391,4700,1,0.3062499999999999,8879.676071166992,3007,3007,3007,3007,3007,3007,3007,3007,3007,3007,3007,3007,4690,4691,3007,3007,3007,4690,3007,3007,3007,3007,3007,4690,83.33332824707031,15.000000953674316,0,4.761904716491699,10.526315689086914,11.111111640930176,27.77777862548828,11.111111640930176,22.22222328186035,44.4444465637207,0,0,10.526315689086914,0,0,0,0,15.789472579956055,6.25,100,0,0,0,0,66481098752,12884893696,1628864512,0
99,1780596576145,57150.59071350098,4700,1,0.3062499999999999,6933.266250610352,4700,1,0.3062499999999999,6796.039321899414,4700,1,0.3062499999999999,11989.21858215332,4700,1,0.3062499999999999,45488.087799072266,4700,1,0.3062499999999999,37651.75834655762,4700,1,0.3062499999999999,46865.80154418945,4700,1,0.3062499999999999,29281.00946044922,4700,1,0.3062499999999999,7270.209396362305,4700,1,0.3062499999999999,7159.444366455078,4700,1,0.3062499999999999,6750.461975097656,4700,1,0.3062499999999999,6968.267883300781,4700,1,0.3062499999999999,8885.401123046875,3007,3007,3007,3007,3007,3007,3007,3007,3007,3007,3007,3007,4690,4691,3007,3007,3007,4690,3007,3007,3007,3007,3007,4690,82.35294342041016,5.263157844543457,0,0,25,15.000000953674316,25,20,26.3157901763916,41.17647171020508,0,0,22.22222328186035,0,0,0,0,5.263157844543457,28.571430206298828,100,0,0,0,0,66481098752,12884893696,1625731072,0
99,1780596576245,57151.1946105957,4700,1,0.30000000000000004,6933.26969909668,4700,1,0.3062499999999999,6796.04264831543,4700,1,0.3062499999999999,11989.33853149414,4700,1,0.30000000000000004,45488.56936645508,4700,1,0.30000000000000004,37652.078186035156,4700,1,0.30000000000000004,46866.234634399414,4700,1,0.30000000000000004,29281.703384399414,4700,1,0.30000000000000004,7270.2127685546875,4700,1,0.30000000000000004,7159.447479248047,4700,1,0.30000000000000004,6750.46516418457,4700,1,0.30000000000000004,6968.270965576172,4700,1,0.3062499999999999,8891.045318603516,3007,3007,3007,3007,3007,3007,3007,3007,3007,3007,3007,3007,4690,4691,3007,3007,3007,4690,3007,3007,3007,3007,3007,4690,82.35294342041016,5.263157844543457,0,0,25,15.000000953674316,25,20,26.3157901763916,41.17647171020508,0,0,22.22222328186035,0,0,0,0,5.263157844543457,28.571430206298828,100,0,0,0,0,66481098752,12884893696,1633103872,0
99,1780596576345,57151.83888244629,4700,1,0.30000000000000004,6933.27278137207,4700,1,0.3062499999999999,6796.04573059082,4700,1,0.3062499999999999,11989.68034362793,4700,1,0.30000000000000004,45489.01818847656,4700,1,0.30000000000000004,37652.24110412598,4700,1,0.30000000000000004,46866.694274902344,4700,1,0.30000000000000004,29282.375198364258,4700,1,0.30000000000000004,7270.2159423828125,4700,1,0.30000000000000004,7159.4505615234375,4700,1,0.30000000000000004,6750.468246459961,4700,1,0.3062499999999999,6968.2740478515625,4700,1,0.3062499999999999,8896.666229248047,3007,3007,3007,3007,3007,3007,3007,3007,3007,3007,3007,3007,4690,4691,3007,3007,3007,4690,3007,3007,3007,3007,3007,4690,88.8888931274414,15.000000953674316,0,0,31.57894515991211,5.263157844543457,17.647058486938477,0,27.77777862548828,44.4444465637207,0,0,23.52941131591797,0,0,0,0,10,25,100,0,0,0,0,66481098752,12884893696,1633562624,0
99,1780596576445,57152.39970397949,4700,1,0.30000000000000004,6933.275863647461,4700,1,0.30000000000000004,6796.048812866211,4700,1,0.30000000000000004,11990.164657592773,4700,1,0.30000000000000004,45489.40980529785,4700,1,0.30000000000000004,37652.41995239258,4700,1,0.30000000000000004,46867.044357299805,4700,1,0.30000000000000004,29283.05877685547,4700,1,0.30000000000000004,7270.218994140625,4700,1,0.30000000000000004,7159.45361328125,4700,1,0.30000000000000004,6750.473205566406,4700,1,0.30000000000000004,6968.277130126953,4700,1,0.30000000000000004,8902.336044311523,3007,3007,3007,3007,3007,3007,3007,3007,3007,3007,3007,3007,4690,4691,3007,3007,3007,4690,3007,3007,3007,3007,3007,4690,88.8888931274414,15.000000953674316,0,0,31.57894515991211,5.263157844543457,17.647058486938477,0,27.77777862548828,44.4444465637207,0,0,23.52941131591797,0,0,0,0,10,25,100,0,0,0,0,66481098752,12884893696,1633386496,0
99,1780596576545,57153.003662109375,4700,1,0.3062499999999999,6933.278991699219,4700,1,0.3062499999999999,6796.05192565918,4700,1,0.3062499999999999,11990.496765136719,4700,1,0.3062499999999999,45489.79243469238,4700,1,0.3062499999999999,37652.76599121094,4700,1,0.3062499999999999,46867.42138671875,4700,1,0.3062499999999999,29283.75262451172,4700,1,0.3062499999999999,7270.222183227539,4700,1,0.3062499999999999,7159.456695556641,4700,1,0.3062499999999999,6750.480987548828,4700,1,0.3062499999999999,6968.280181884766,4700,1,0.3062499999999999,8907.943222045898,3007,3007,3007,3007,3007,3007,3007,3007,3007,3007,3007,3007,4690,4691,3007,3007,3007,4690,3007,3007,3007,3007,3007,4690,84.21052551269531,26.3157901763916,0,0,27.272727966308594,16.666667938232422,27.77777862548828,0,27.77777862548828,52.6315803527832,0,0,14.285715103149414,0,0,0,0,16.666667938232422,9.523809432983398,100,0,0,5,0,66481098752,12884893696,1632944128,0
99,1780596576645,57153.58251953125,4700,1,0.3062499999999999,6933.282135009766,4700,1,0.3062499999999999,6796.055068969727,4700,1,0.3062499999999999,11990.791687011719,4700,1,0.3062499999999999,45490.25422668457,4700,1,0.3062499999999999,37653.020568847656,4700,1,0.3062499999999999,46867.910247802734,4700,1,0.3062499999999999,29284.438552856445,4700,1,0.3062499999999999,7270.225448608398,4700,1,0.3062499999999999,7159.459777832031,4700,1,0.3062499999999999,6750.489059448242,4700,1,0.3062499999999999,6968.283264160156,4700,1,0.3062499999999999,8913.60189819336,3007,3007,3007,3007,3007,3007,3007,3007,3007,3007,3007,3007,4690,4691,3007,3007,3007,4690,3007,3007,3007,3007,3007,4690,84.21052551269531,26.3157901763916,0,0,27.272727966308594,16.666667938232422,27.77777862548828,0,27.77777862548828,52.6315803527832,0,0,14.285715103149414,0,0,0,0,16.666667938232422,9.523809432983398,100,0,0,5,0,66481098752,12884893696,1639084032,0
99,1780596576745,57154.19203186035,4700,1,0.3062499999999999,6933.291900634766,4700,1,0.3062499999999999,6796.058212280273,4700,1,0.3062499999999999,11991.085815429688,4700,1,0.3062499999999999,45490.619552612305,4700,1,0.3062499999999999,37653.36604309082,4700,1,0.3062499999999999,46868.37469482422,4700,1,0.3062499999999999,29285.12580871582,4700,1,0.3062499999999999,7270.228591918945,4700,1,0.3062499999999999,7159.462921142578,4700,1,0.3062499999999999,6750.498306274414,4700,1,0.3062499999999999,6968.286346435547,4700,1,0.3062499999999999,8919.29818725586,3007,3007,3007,3007,3007,3007,3007,3007,3007,3007,3007,3007,4690,4691,3007,3007,3007,4690,3007,3007,3007,3007,3007,4690,83.33332824707031,10.526315689086914,0,0,16.666667938232422,5,22.22222328186035,5,27.77777862548828,37.5,0,0,15.789472579956055,0,0,0,0,28.571430206298828,27.77777862548828,100,0,0,4.761904716491699,0,66481098752,12884893696,1630240768,0
99,1780596576845,57154.76985168457,4700,1,0.3062499999999999,6933.294982910156,4700,1,0.3062499999999999,6796.061294555664,4700,1,0.3062499999999999,11991.35952758789,4700,1,0.3062499999999999,45491.05026245117,4700,1,0.3062499999999999,37653.75830078125,4700,1,0.3062499999999999,46868.84387207031,4700,1,0.3062499999999999,29285.809844970703,4700,1,0.3062499999999999,7270.231826782227,4700,1,0.3062499999999999,7159.466003417969,4700,1,0.3062499999999999,6750.512420654297,4700,1,0.3062499999999999,6968.2894287109375,4700,1,0.3062499999999999,8925.010284423828,3007,3007,3007,3007,3007,3007,3007,3007,3007,3007,3007,3007,4690,4691,3007,3007,3007,4690,3007,3007,3007,3007,3007,4690,83.33332824707031,10.526315689086914,0,0,16.666667938232422,5,22.22222328186035,5,27.77777862548828,37.5,0,0,15.789472579956055,0,0,0,0,28.571430206298828,27.77777862548828,100,0,0,4.761904716491699,0,66481098752,12884893696,1628536832,0
99,1780596576945,57155.308853149414,4700,1,0.3062499999999999,6933.298141479492,4700,1,0.3062499999999999,6796.064407348633,4700,1,0.3062499999999999,11991.46159362793,4700,1,0.3062499999999999,45491.538146972656,4700,1,0.3062499999999999,37654.13328552246,4700,1,0.3062499999999999,46869.35580444336,4700,1,0.3062499999999999,29286.48048400879,4700,1,0.3062499999999999,7270.234909057617,4700,1,0.3062499999999999,7159.469085693359,4700,1,0.3062499999999999,6750.521057128906,4700,1,0.3062499999999999,6968.292510986328,4700,1,0.3062499999999999,8930.65446472168,3007,3007,3007,3007,3007,3007,3007,3007,3007,3007,3007,3007,4690,4691,3007,3007,3007,4690,3007,3007,3007,3007,3007,4690,81.25,0,0,0,15.000000953674316,0,28.571430206298828,4.761904716491699,31.57894515991211,45,0,0,23.52941131591797,0,0,0,0,36.842105865478516,27.77777862548828,100,0,0,4.761904716491699,0,66481098752,12884893696,1629650944,0
99,1780596577045,57155.88233947754,4700,1,0.30000000000000004,6933.301300048828,4700,1,0.30000000000000004,6796.06755065918,4700,1,0.30000000000000004,11991.66519165039,4700,1,0.30000000000000004,45492.01965332031,4700,1,0.30000000000000004,37654.502670288086,4700,1,0.30000000000000004,46869.747634887695,4700,1,0.30000000000000004,29287.159439086914,4700,1,0.30000000000000004,7270.238082885742,4700,1,0.30000000000000004,7159.47216796875,4700,1,0.30000000000000004,6750.531799316406,4700,1,0.30000000000000004,6968.295593261719,4700,1,0.30000000000000004,8936.390731811523,3007,3007,3007,3007,3007,3007,3007,3007,3007,3007,3007,3007,4690,4691,3007,3007,3007,4690,3007,3007,3007,3007,3007,4690,81.25,0,0,0,15.000000953674316,0,28.571430206298828,4.761904716491699,31.57894515991211,45,0,0,23.52941131591797,0,0,0,0,36.842105865478516,27.77777862548828,100,0,0,4.761904716491699,0,66481098752,12884893696,1632505856,0
99,1780596577145,57156.49328613281,4700,1,0.30000000000000004,6933.312347412109,4700,1,0.30000000000000004,6796.07063293457,4700,1,0.30000000000000004,11991.932647705078,4700,1,0.30000000000000004,45492.42370605469,4700,1,0.30000000000000004,37654.86827087402,4700,1,0.30000000000000004,46870.14463806152,4700,1,0.30000000000000004,29287.851455688477,4700,1,0.30000000000000004,7270.241455078125,4700,1,0.30000000000000004,7159.475250244141,4700,1,0.30000000000000004,6750.539398193359,4700,1,0.30000000000000004,6968.298934936523,4700,1,0.30000000000000004,8942.115310668945,3007,3007,3007,3007,3007,3007,3007,3007,3007,3007,3007,3007,4690,4691,3007,3007,3007,4690,3007,3007,3007,3007,3007,4690,83.33332824707031,5.555555820465088,0,0,25,9.523809432983398,26.3157901763916,5.263157844543457,25,47.36842346191406,0,0,26.3157901763916,0,0,0,0,31.57894515991211,20,100,0,0,0,0,66481098752,12884893696,1629843456,0
99,1780596577245,57157.07484436035,4700,1,0.3062499999999999,6933.315628051758,4700,1,0.3062499999999999,6796.073867797852,4700,1,0.3062499999999999,11992.256774902344,4700,1,0.3062499999999999,45492.84371948242,4700,1,0.3062499999999999,37655.25450134277,4700,1,0.3062499999999999,46870.59648132324,4700,1,0.3062499999999999,29288.526977539063,4700,1,0.3062499999999999,7270.244689941406,4700,1,0.3062499999999999,7159.478302001953,4700,1,0.3062499999999999,6750.542541503906,4700,1,0.3062499999999999,6968.310333251953,4700,1,0.3062499999999999,8947.846176147461,3007,3007,3007,3007,3007,3007,3007,3007,3007,3007,3007,3007,4690,4691,3007,3007,3007,4690,3007,3007,3007,3007,3007,4690,83.33332824707031,5.555555820465088,0,0,25,9.523809432983398,26.3157901763916,5.263157844543457,25,47.36842346191406,0,0,26.3157901763916,0,0,0,0,31.57894515991211,20,100,0,0,0,0,66481098752,12884893696,1628979200,0
99,1780596577345,57157.69883728027,4700,1,0.30000000000000004,6933.318771362305,4700,1,0.30000000000000004,6796.077011108398,4700,1,0.30000000000000004,11992.573623657227,4700,1,0.30000000000000004,45493.281799316406,4700,1,0.30000000000000004,37655.6531829834,4700,1,0.30000000000000004,46871.040466308594,4700,1,0.30000000000000004,29289.171768188477,4700,1,0.30000000000000004,7270.247940063477,4700,1,0.30000000000000004,7159.488571166992,4700,1,0.30000000000000004,6750.545639038086,4700,1,0.30000000000000004,6968.313537597656,4700,1,0.30000000000000004,8953.650955200195,3007,3007,3007,3007,3007,3007,3007,3007,3007,3007,3007,3007,4690,4691,3007,3007,3007,4690,3007,3007,3007,3007,3007,4690,85.71428680419922,20,0,0,15.789472579956055,0,16.666667938232422,11.111111640930176,38.095237731933594,35.29411697387695,0,0,21.052631378173828,0,0,0,0,20,21.052631378173828,100,0,4.761904716491699,0,4.761904716491699,66481098752,12884893696,1635233792,0
99,1780596577446,57158.223388671875,4700,1,0.3062499999999999,6933.321853637695,4700,1,0.3062499999999999,6796.080093383789,4700,1,0.3062499999999999,11992.758071899414,4700,1,0.3062499999999999,45493.63905334473,4700,1,0.3062499999999999,37656.13473510742,4700,1,0.3062499999999999,46871.53463745117,4700,1,0.3062499999999999,29289.85220336914,4700,1,0.3062499999999999,7270.251052856445,4700,1,0.3062499999999999,7159.501617431641,4700,1,0.3062499999999999,6750.548721313477,4700,1,0.3062499999999999,6968.316619873047,4700,1,0.3062499999999999,8959.41015625,3007,3007,3007,3007,3007,3007,3007,3007,3007,3007,3007,3007,4690,4691,3007,3007,3007,4690,3007,3007,3007,3007,3007,4690,85.71428680419922,20,0,0,15.789472579956055,0,16.666667938232422,11.111111640930176,38.095237731933594,35.29411697387695,0,0,21.052631378173828,0,0,0,0,20,21.052631378173828,100,0,4.761904716491699,0,4.761904716491699,66481098752,12884893696,1633185792,0
99,1780596577545,57158.81596374512,4700,1,0.3062499999999999,6933.325012207031,4700,1,0.3062499999999999,6796.089813232422,4700,1,0.3062499999999999,11992.834381103516,4700,1,0.3062499999999999,45494.08485412598,4700,1,0.3062499999999999,37656.48829650879,4700,1,0.3062499999999999,46872.01821899414,4700,1,0.3062499999999999,29290.543197631836,4700,1,0.3062499999999999,7270.25422668457,4700,1,0.3062499999999999,7159.504699707031,4700,1,0.3062499999999999,6750.551803588867,4700,1,0.3062499999999999,6968.3197021484375,4700,1,0.3062499999999999,8965.08560180664,3007,3007,3007,3007,3007,3007,3007,3007,3007,3007,3007,3007,4690,4691,3007,3007,3007,4690,3007,3007,3007,3007,3007,4690,82.35294342041016,5,0,0,15.000000953674316,5,35,15.789472579956055,27.77777862548828,52.38095474243164,0,0,10.526315689086914,0,0,0,0,22.22222328186035,35,100,0,0,0,0,66481098752,12884893696,1631813632,0
99,1780596577646,57159.42105102539,4700,1,0.3062499999999999,6933.328155517578,4700,1,0.3062499999999999,6796.0928955078125,4700,1,0.3062499999999999,11993.175689697266,4700,1,0.3062499999999999,45494.47265625,4700,1,0.3062499999999999,37656.84379577637,4700,1,0.3062499999999999,46872.42222595215,4700,1,0.3062499999999999,29291.240814208984,4700,1,0.3062499999999999,7270.257431030273,4700,1,0.3062499999999999,7159.507781982422,4700,1,0.3062499999999999,6750.554885864258,4700,1,0.3062499999999999,6968.322784423828,4700,1,0.3062499999999999,8970.846694946289,3007,3007,3007,3007,3007,3007,3007,3007,3007,3007,3007,3007,4690,4691,3007,3007,3007,4690,3007,3007,3007,3007,3007,4690,82.35294342041016,5,0,0,15.000000953674316,5,35,15.789472579956055,27.77777862548828,52.38095474243164,0,0,10.526315689086914,0,0,0,0,22.22222328186035,35,100,0,0,0,0,66481098752,12884893696,1629868032,0
99,1780596577746,57160.023025512695,4700,1,0.3062499999999999,6933.33137512207,4700,1,0.3062499999999999,6796.096099853516,4700,1,0.3062499999999999,11993.561721801758,4700,1,0.3062499999999999,45494.90367126465,4700,1,0.3062499999999999,37657.14587402344,4700,1,0.3062499999999999,46872.85598754883,4700,1,0.3062499999999999,29291.92497253418,4700,1,0.3062499999999999,7270.260726928711,4700,1,0.3062499999999999,7159.5108642578125,4700,1,0.3062499999999999,6750.557998657227,4700,1,0.3062499999999999,6968.325897216797,4700,1,0.3062499999999999,8976.525665283203,3007,3007,3007,3007,3007,3007,3007,3007,3007,3007,3007,3007,4690,4691,3007,3007,3007,4690,3007,3007,3007,3007,3007,4690,84.21052551269531,10.526315689086914,0,0,21.052631378173828,20,26.3157901763916,10,10.526315689086914,47.36842346191406,0,0,11.111111640930176,0,0,0,0,11.111111640930176,26.3157901763916,100,0,0,0,0,66481098752,12884893696,1635315712,0
99,1780596577846,57160.62754821777,4700,1,0.3062499999999999,6933.334457397461,4700,1,0.3062499999999999,6796.099182128906,4700,1,0.3062499999999999,11993.85920715332,4700,1,0.3062499999999999,45495.25144958496,4700,1,0.3062499999999999,37657.61067199707,4700,1,0.3062499999999999,46873.26042175293,4700,1,0.3062499999999999,29292.60972595215,4700,1,0.3062499999999999,7270.264434814453,4700,1,0.3062499999999999,7159.513931274414,4700,1,0.3062499999999999,6750.561080932617,4700,1,0.3062499999999999,6968.3289794921875,4700,1,0.3062499999999999,8982.303421020508,3007,3007,3007,3007,3007,3007,3007,3007,3007,3007,3007,3007,4690,4691,3007,3007,3007,4690,3007,3007,3007,3007,3007,4690,84.21052551269531,10.526315689086914,0,0,21.052631378173828,20,26.3157901763916,10,10.526315689086914,47.36842346191406,0,0,11.111111640930176,0,0,0,0,11.111111640930176,26.3157901763916,100,0,0,0,0,66481098752,12884893696,1635110912,0
99,1780596577946,57161.26672363281,4700,1,0.3062499999999999,6933.337539672852,4700,1,0.3062499999999999,6796.102264404297,4700,1,0.3062499999999999,11994.109680175781,4700,1,0.3062499999999999,45495.62580871582,4700,1,0.3062499999999999,37657.9891204834,4700,1,0.3062499999999999,46873.73501586914,4700,1,0.3062499999999999,29293.29978942871,4700,1,0.3062499999999999,7270.26774597168,4700,1,0.3062499999999999,7159.517044067383,4700,1,0.3062499999999999,6750.564163208008,4700,1,0.3062499999999999,6968.332061767578,4700,1,0.3062499999999999,8988.075973510742,3007,3007,3007,3007,3007,3007,3007,3007,3007,3007,3007,3007,4690,4691,3007,3007,3007,4690,3007,3007,3007,3007,3007,4690,85,14.285715103149414,0,0,35,5.555555820465088,23.52941131591797,26.3157901763916,15.789472579956055,50,0,0,0,0,0,0,0,30.000001907348633,23.52941131591797,100,0,0,0,0,66481098752,12884893696,1634701312,0
99,1780596578046,57161.87875366211,4700,1,0.3062499999999999,6933.340667724609,4700,1,0.3062499999999999,6796.105392456055,4700,1,0.3062499999999999,11994.432144165039,4700,1,0.3062499999999999,45496.014083862305,4700,1,0.3062499999999999,37658.39842224121,4700,1,0.3062499999999999,46874.15643310547,4700,1,0.3062499999999999,29293.99395751953,4700,1,0.3062499999999999,7270.27082824707,4700,1,0.3062499999999999,7159.520095825195,4700,1,0.3062499999999999,6750.56721496582,4700,1,0.3062499999999999,6968.335113525391,4700,1,0.3062499999999999,8993.767440795898,3007,3007,3007,3007,3007,3007,3007,3007,3007,3007,3007,3007,4690,4691,3007,3007,3007,4690,3007,3007,3007,3007,3007,4690,85,14.285715103149414,0,0,35,5.555555820465088,23.52941131591797,26.3157901763916,15.789472579956055,50,0,0,0,0,0,0,0,30.000001907348633,23.52941131591797,100,0,0,0,0,66481098752,12884893696,1634570240,0
99,1780596578146,57162.48124694824,4700,1,0.3062499999999999,6933.343826293945,4700,1,0.3062499999999999,6796.108535766602,4700,1,0.3062499999999999,11994.912536621094,4700,1,0.3062499999999999,45496.4270324707,4700,1,0.3062499999999999,37658.77590942383,4700,1,0.3062499999999999,46874.34617614746,4700,1,0.3062499999999999,29294.683059692383,4700,1,0.3062499999999999,7270.273971557617,4700,1,0.3062499999999999,7159.523178100586,4700,1,0.3062499999999999,6750.570297241211,4700,1,0.3062499999999999,6968.338195800781,4700,1,0.3062499999999999,8999.458877563477,3007,3007,3007,3007,3007,3007,3007,3007,3007,3007,3007,3007,4690,4691,3007,3007,3007,4690,3007,3007,3007,3007,3007,4690,83.33332824707031,11.111111640930176,0,0,17.647058486938477,21.052631378173828,26.3157901763916,19.047618865966797,15.789472579956055,44.4444465637207,0,0,10,0,0,0,0,16.666667938232422,5.263157844543457,100,0,0,0,0,66481098752,12884893696,1634996224,0
99,1780596578246,57163.07550048828,4700,1,0.3062499999999999,6933.383255004883,4700,1,0.3062499999999999,6796.159255981445,4700,1,0.3062499999999999,11995.227844238281,4700,1,0.3062499999999999,45496.78233337402,4700,1,0.3062499999999999,37659.192459106445,4700,1,0.3062499999999999,46874.72673034668,4700,1,0.3062499999999999,29295.28172302246,4700,1,0.3062499999999999,7270.318283081055,4700,1,0.3062499999999999,7159.558746337891,4700,1,0.3062499999999999,6750.603515625,4700,1,0.3062499999999999,6968.379837036133,4700,1,0.3062499999999999,9005.339614868164,3007,3007,3007,3007,3007,3007,3007,3007,3007,3007,3007,3007,4690,4691,3007,3007,3007,4690,3007,3007,3007,3007,3007,4690,83.33332824707031,11.111111640930176,0,0,17.647058486938477,21.052631378173828,26.3157901763916,19.047618865966797,15.789472579956055,44.4444465637207,0,0,10,0,0,0,0,16.666667938232422,5.263157844543457,100,0,0,0,0,66481098752,12884893696,1637056512,0
99,1780596578346,57163.68943786621,4700,1,0.30000000000000004,6933.387557983398,4700,1,0.3062499999999999,6796.163360595703,4700,1,0.3062499999999999,11995.573120117188,4700,1,0.30000000000000004,45497.250411987305,4700,1,0.30000000000000004,37659.670822143555,4700,1,0.3062499999999999,46875.15800476074,4700,1,0.3062499999999999,29295.856063842773,4700,1,0.3062499999999999,7270.322601318359,4700,1,0.3062499999999999,7159.562362670898,4700,1,0.3062499999999999,6750.607482910156,4700,1,0.3062499999999999,6968.392181396484,4700,1,0.3062499999999999,9011.160751342773,3007,3007,3007,3007,3007,3007,3007,3007,3007,3007,3007,3007,4690,4691,3007,3007,3007,4690,3007,3007,3007,3007,3007,4690,94.44444274902344,5.263157844543457,0,0,25,28.571430206298828,27.77777862548828,22.22222328186035,10.526315689086914,25,0,0,10.526315689086914,0,0,0,5,22.22222328186035,27.77777862548828,94.73684692382813,0,0,0,0,66481098752,12884893696,1633841152,0
99,1780596578446,57164.276611328125,4700,1,0.30000000000000004,6933.391036987305,4700,1,0.3062499999999999,6796.166442871094,4700,1,0.3062499999999999,11995.789596557617,4700,1,0.30000000000000004,45497.62272644043,4700,1,0.30000000000000004,37660.06140136719,4700,1,0.30000000000000004,46875.65524291992,4700,1,0.30000000000000004,29296.547943115234,4700,1,0.30000000000000004,7270.32568359375,4700,1,0.30000000000000004,7159.565444946289,4700,1,0.3062499999999999,6750.610565185547,4700,1,0.3062499999999999,6968.395355224609,4700,1,0.3062499999999999,9016.831420898438,3007,3007,3007,3007,3007,3007,3007,3007,3007,3007,3007,3007,4690,4691,3007,3007,3007,4690,3007,3007,3007,3007,3007,4690,94.44444274902344,5.263157844543457,0,0,25,28.571430206298828,27.77777862548828,22.22222328186035,10.526315689086914,25,0,0,10.526315689086914,0,0,0,5,22.22222328186035,27.77777862548828,94.73684692382813,0,0,0,0,66481098752,12884893696,1631662080,0
99,1780596578546,57164.88269042969,4700,1,0.3062499999999999,6933.394271850586,4700,1,0.3062499999999999,6796.169708251953,4700,1,0.3062499999999999,11996.014678955078,4700,1,0.3062499999999999,45498.05581665039,4700,1,0.3062499999999999,37660.40139770508,4700,1,0.3062499999999999,46876.1311340332,4700,1,0.3062499999999999,29297.229064941406,4700,1,0.3062499999999999,7270.335968017578,4700,1,0.3062499999999999,7159.568618774414,4700,1,0.3062499999999999,6750.613739013672,4700,1,0.3062499999999999,6968.398574829102,4700,1,0.3062499999999999,9022.627563476563,3007,3007,3007,3007,3007,3007,3007,3007,3007,3007,3007,3007,4690,4691,3007,3007,3007,4690,3007,3007,3007,3007,3007,4690,82.35294342041016,5,0,0,31.81818199157715,5.263157844543457,16.666667938232422,15.789472579956055,31.57894515991211,41.17647171020508,0,0,21.052631378173828,0,0,0,0,10.526315689086914,26.3157901763916,100,0,0,0,0,66481098752,12884893696,1639055360,0
99,1780596578646,57165.52215576172,4700,1,0.3062499999999999,6933.397354125977,4700,1,0.3062499999999999,6796.172790527344,4700,1,0.3062499999999999,11996.245697021484,4700,1,0.3062499999999999,45498.4714050293,4700,1,0.3062499999999999,37660.770935058594,4700,1,0.3062499999999999,46876.5139465332,4700,1,0.3062499999999999,29297.916732788086,4700,1,0.3062499999999999,7270.339050292969,4700,1,0.3062499999999999,7159.571670532227,4700,1,0.3062499999999999,6750.6168212890625,4700,1,0.3062499999999999,6968.401657104492,4700,1,0.3062499999999999,9028.27700805664,3007,3007,3007,3007,3007,3007,3007,3007,3007,3007,3007,3007,4690,4691,3007,3007,3007,4690,3007,3007,3007,3007,3007,4690,82.35294342041016,5,0,0,31.81818199157715,5.263157844543457,16.666667938232422,15.789472579956055,31.57894515991211,41.17647171020508,0,0,21.052631378173828,0,0,0,0,10.526315689086914,26.3157901763916,100,0,0,0,0,66481098752,12884893696,1636212736,0
99,1780596578746,57166.110748291016,4700,1,0.3062499999999999,6933.400497436523,4700,1,0.3062499999999999,6796.17594909668,4700,1,0.3062499999999999,11996.50749206543,4700,1,0.3062499999999999,45498.92446899414,4700,1,0.3062499999999999,37661.20007324219,4700,1,0.3062499999999999,46876.83982849121,4700,1,0.3062499999999999,29298.6043548584,4700,1,0.3062499999999999,7270.3421630859375,4700,1,0.3062499999999999,7159.574783325195,4700,1,0.3062499999999999,6750.619903564453,4700,1,0.3062499999999999,6968.404922485352,4700,1,0.3062499999999999,9033.876220703125,3007,3007,3007,3007,3007,3007,3007,3007,3007,3007,3007,3007,4690,4691,3007,3007,3007,4690,3007,3007,3007,3007,3007,4690,84.21052551269531,10,0,0,22.22222328186035,10.526315689086914,16.666667938232422,31.57894515991211,10.526315689086914,47.36842346191406,0,0,26.3157901763916,0,0,0,0,10,25,100,0,0,0,0,66481098752,12884893696,1633562624,0
99,1780596578846,57166.62391662598,4700,1,0.3062499999999999,6933.403594970703,4700,1,0.3062499999999999,6796.179046630859,4700,1,0.3062499999999999,11996.972381591797,4700,1,0.3062499999999999,45499.31483459473,4700,1,0.3062499999999999,37661.689544677734,4700,1,0.3062499999999999,46876.957122802734,4700,1,0.3062499999999999,29299.297470092773,4700,1,0.3062499999999999,7270.345275878906,4700,1,0.3062499999999999,7159.577865600586,4700,1,0.3062499999999999,6750.623031616211,4700,1,0.3062499999999999,6968.40803527832,4700,1,0.3062499999999999,9039.586715698242,3007,3007,3007,3007,3007,3007,3007,3007,3007,3007,3007,3007,4690,4691,3007,3007,3007,4690,3007,3007,3007,3007,3007,4690,84.21052551269531,10,0,0,22.22222328186035,10.526315689086914,16.666667938232422,31.57894515991211,10.526315689086914,47.36842346191406,0,0,26.3157901763916,0,0,0,0,10,25,100,0,0,0,0,66481098752,12884893696,1631285248,0
99,1780596578946,57167.190994262695,4700,1,0.3062499999999999,6933.406677246094,4700,1,0.3062499999999999,6796.182235717773,4700,1,0.3062499999999999,11997.284744262695,4700,1,0.3062499999999999,45499.72769165039,4700,1,0.3062499999999999,37662.20294189453,4700,1,0.3062499999999999,46877.18086242676,4700,1,0.3062499999999999,29299.99284362793,4700,1,0.3062499999999999,7270.35221862793,4700,1,0.3062499999999999,7159.580947875977,4700,1,0.3062499999999999,6750.62614440918,4700,1,0.3062499999999999,6968.411117553711,4700,1,0.3062499999999999,9045.294937133789,3007,3007,3007,3007,3007,3007,3007,3007,3007,3007,3007,3007,4690,4691,3007,3007,3007,4690,3007,3007,3007,3007,3007,4690,82.35294342041016,10.526315689086914,0,0,5.263157844543457,26.3157901763916,15.789472579956055,27.77777862548828,0,47.05882263183594,0,0,26.3157901763916,0,0,0,0,29.411766052246094,10.526315689086914,100,0,0,0,0,66481098752,12884893696,1631072256,0
99,1780596579046,57167.79707336426,4700,1,0.3062499999999999,6933.40983581543,4700,1,0.3062499999999999,6796.185363769531,4700,1,0.3062499999999999,11997.602615356445,4700,1,0.3062499999999999,45500.12675476074,4700,1,0.3062499999999999,37662.670318603516,4700,1,0.3062499999999999,46877.38133239746,4700,1,0.3062499999999999,29300.69123840332,4700,1,0.3062499999999999,7270.355361938477,4700,1,0.3062499999999999,7159.584030151367,4700,1,0.3062499999999999,6750.62922668457,4700,1,0.3062499999999999,6968.414276123047,4700,1,0.3062499999999999,9050.907669067383,3007,3007,3007,3007,3007,3007,3007,3007,3007,3007,3007,3007,4690,4691,3007,3007,3007,4690,3007,3007,3007,3007,3007,4690,82.35294342041016,10.526315689086914,0,0,5.263157844543457,26.3157901763916,15.789472579956055,27.77777862548828,0,47.05882263183594,0,0,26.3157901763916,0,0,0,0,29.411766052246094,10.526315689086914,100,0,0,0,0,66481098752,12884893696,1638563840,0
99,1780596579146,57168.4313659668,4700,1,0.30000000000000004,6933.41291809082,4700,1,0.3062499999999999,6796.188446044922,4700,1,0.3062499999999999,11997.929382324219,4700,1,0.30000000000000004,45500.5637512207,4700,1,0.3062499999999999,37662.87593078613,4700,1,0.3062499999999999,46877.79389953613,4700,1,0.3062499999999999,29301.375381469727,4700,1,0.3062499999999999,7270.358444213867,4700,1,0.3062499999999999,7159.587112426758,4700,1,0.3062499999999999,6750.632308959961,4700,1,0.3062499999999999,6968.417388916016,4700,1,0.3062499999999999,9056.519317626953,3007,3007,3007,3007,3007,3007,3007,3007,3007,3007,3007,3007,4690,4691,3007,3007,3007,4690,3007,3007,3007,3007,3007,4690,85,0,0,0,31.57894515991211,17.647058486938477,26.3157901763916,15.789472579956055,5,47.36842346191406,0,0,20,0,0,0,0,25,11.764705657958984,100,0,0,0,0,66481098752,12884893696,1632792576,0
99,1780596579246,57168.98336791992,4700,1,0.3062499999999999,6933.416061401367,4700,1,0.3062499999999999,6796.191741943359,4700,1,0.3062499999999999,11998.14973449707,4700,1,0.3062499999999999,45501.00451660156,4700,1,0.3062499999999999,37663.3434753418,4700,1,0.3062499999999999,46878.235748291016,4700,1,0.3062499999999999,29302.061401367188,4700,1,0.3062499999999999,7270.369537353516,4700,1,0.3062499999999999,7159.590194702148,4700,1,0.3062499999999999,6750.635452270508,4700,1,0.3062499999999999,6968.42057800293,4700,1,0.3062499999999999,9062.24609375,3007,3007,3007,3007,3007,3007,3007,3007,3007,3007,3007,3007,4690,4691,3007,3007,3007,4690,3007,3007,3007,3007,3007,4690,85,0,0,0,31.57894515991211,17.647058486938477,26.3157901763916,15.789472579956055,5,47.36842346191406,0,0,20,0,0,0,0,25,11.764705657958984,100,0,0,0,0,66481098752,12884893696,1632530432,0
99,1780596579347,57169.55302429199,4700,1,0.3062499999999999,6933.419143676758,4700,1,0.3062499999999999,6796.1949462890625,4700,1,0.3062499999999999,11998.459182739258,4700,1,0.3062499999999999,45501.4080657959,4700,1,0.3062499999999999,37663.77372741699,4700,1,0.3062499999999999,46878.622619628906,4700,1,0.3062499999999999,29302.750915527344,4700,1,0.3062499999999999,7270.377517700195,4700,1,0.3062499999999999,7159.593276977539,4700,1,0.3062499999999999,6750.638595581055,4700,1,0.3062499999999999,6968.42366027832,4700,1,0.3062499999999999,9068.01416015625,3007,3007,3007,3007,3007,3007,3007,3007,3007,3007,3007,3007,4690,4691,3007,3007,3007,4690,3007,3007,3007,3007,3007,4690,83.33332824707031,5,0,0,5.555555820465088,10.526315689086914,16.666667938232422,30.000001907348633,22.22222328186035,41.17647171020508,0,0,17.647058486938477,0,0,0,0,11.764705657958984,27.272727966308594,100,0,0,0,0,66481098752,12884893696,1638440960,0
99,1780596579447,57170.18989562988,4700,1,0.30000000000000004,6933.422225952148,4700,1,0.30000000000000004,6796.198028564453,4700,1,0.30000000000000004,11998.789947509766,4700,1,0.30000000000000004,45501.694915771484,4700,1,0.30000000000000004,37664.17907714844,4700,1,0.30000000000000004,46879.09370422363,4700,1,0.30000000000000004,29303.40557861328,4700,1,0.30000000000000004,7270.380599975586,4700,1,0.30000000000000004,7159.596328735352,4700,1,0.30000000000000004,6750.641647338867,4700,1,0.30000000000000004,6968.4267578125,4700,1,0.30000000000000004,9073.843612670898,3007,3007,3007,3007,3007,3007,3007,3007,3007,3007,3007,3007,4690,4691,3007,3007,3007,4690,3007,3007,3007,3007,3007,4690,83.33332824707031,5,0,0,5.555555820465088,10.526315689086914,16.666667938232422,30.000001907348633,22.22222328186035,41.17647171020508,0,0,17.647058486938477,0,0,0,0,11.764705657958984,27.272727966308594,100,0,0,0,0,66481098752,12884893696,1635893248,0
99,1780596579547,57170.752868652344,4700,1,0.3062499999999999,6933.425384521484,4700,1,0.3062499999999999,6796.201110839844,4700,1,0.3062499999999999,11999.181732177734,4700,1,0.3062499999999999,45502.125228881836,4700,1,0.3062499999999999,37664.410400390625,4700,1,0.3062499999999999,46879.512954711914,4700,1,0.3062499999999999,29304.094451904297,4700,1,0.3062499999999999,7270.383850097656,4700,1,0.3062499999999999,7159.599411010742,4700,1,0.3062499999999999,6750.644760131836,4700,1,0.3062499999999999,6968.429916381836,4700,1,0.3062499999999999,9079.539932250977,3007,3007,3007,3007,3007,3007,3007,3007,3007,3007,3007,3007,4690,4691,3007,3007,3007,4690,3007,3007,3007,3007,3007,4690,84.21052551269531,15.000000953674316,0,0,25,16.666667938232422,25,15.000000953674316,31.57894515991211,44.4444465637207,0,0,22.72727394104004,0,0,0,0,10.526315689086914,25,100,0,0,0,0,66481098752,12884893696,1634127872,0
99,1780596579647,57171.32856750488,4700,1,0.3062499999999999,6933.428527832031,4700,1,0.3062499999999999,6796.2042236328125,4700,1,0.3062499999999999,11999.52653503418,4700,1,0.3062499999999999,45502.56851196289,4700,1,0.3062499999999999,37664.81411743164,4700,1,0.3062499999999999,46879.9089050293,4700,1,0.3062499999999999,29304.783721923828,4700,1,0.3062499999999999,7270.387420654297,4700,1,0.3062499999999999,7159.6025390625,4700,1,0.3062499999999999,6750.647842407227,4700,1,0.3062499999999999,6968.4346923828125,4700,1,0.3062499999999999,9085.25471496582,3007,3007,3007,3007,3007,3007,3007,3007,3007,3007,3007,3007,4690,4691,3007,3007,3007,4690,3007,3007,3007,3007,3007,4690,84.21052551269531,15.000000953674316,0,0,25,16.666667938232422,25,15.000000953674316,31.57894515991211,44.4444465637207,0,0,22.72727394104004,0,0,0,0,10.526315689086914,25,100,0,0,0,0,66481098752,12884893696,1632546816,0
99,1780596579747,57171.89028930664,4700,1,0.3062499999999999,6933.431686401367,4700,1,0.3062499999999999,6796.2073974609375,4700,1,0.3062499999999999,11999.860595703125,4700,1,0.3062499999999999,45503.02088928223,4700,1,0.3062499999999999,37665.11929321289,4700,1,0.3062499999999999,46880.32849121094,4700,1,0.3062499999999999,29305.464721679688,4700,1,0.3062499999999999,7270.390655517578,4700,1,0.3062499999999999,7159.605621337891,4700,1,0.3062499999999999,6750.650924682617,4700,1,0.3062499999999999,6968.4378662109375,4700,1,0.3062499999999999,9090.979446411133,3007,3007,3007,3007,3007,3007,3007,3007,3007,3007,3007,3007,4690,4691,3007,3007,3007,4690,3007,3007,3007,3007,3007,4690,82.35294342041016,22.22222328186035,0,0,14.285715103149414,0,22.22222328186035,25,15.000000953674316,47.36842346191406,0,0,22.22222328186035,0,0,0,0,10,27.77777862548828,100,0,0,0,0,66481098752,12884893696,1628524544,0
99,1780596579847,57172.49858093262,4700,1,0.3062499999999999,6933.434814453125,4700,1,0.3062499999999999,6796.210510253906,4700,1,0.3062499999999999,12000.191925048828,4700,1,0.3062499999999999,45503.45721435547,4700,1,0.3062499999999999,37665.36585998535,4700,1,0.3062499999999999,46880.74783325195,4700,1,0.3062499999999999,29306.155059814453,4700,1,0.3062499999999999,7270.393737792969,4700,1,0.3062499999999999,7159.608703613281,4700,1,0.3062499999999999,6750.654006958008,4700,1,0.3062499999999999,6968.440948486328,4700,1,0.3062499999999999,9096.660125732422,3007,3007,3007,3007,3007,3007,3007,3007,3007,3007,3007,3007,4690,4691,3007,3007,3007,4690,3007,3007,3007,3007,3007,4690,82.35294342041016,22.22222328186035,0,0,14.285715103149414,0,22.22222328186035,25,15.000000953674316,47.36842346191406,0,0,22.22222328186035,0,0,0,0,10,27.77777862548828,100,0,0,0,0,66481098752,12884893696,1636143104,0
99,1780596579947,57173.12452697754,4700,1,0.30000000000000004,6933.437896728516,4700,1,0.3062499999999999,6796.213592529297,4700,1,0.3062499999999999,12000.563568115234,4700,1,0.30000000000000004,45503.82778930664,4700,1,0.30000000000000004,37665.83738708496,4700,1,0.30000000000000004,46881.03038024902,4700,1,0.30000000000000004,29306.843460083008,4700,1,0.30000000000000004,7270.397277832031,4700,1,0.30000000000000004,7159.611785888672,4700,1,0.30000000000000004,6750.657089233398,4700,1,0.30000000000000004,6968.444030761719,4700,1,0.3062499999999999,9102.382431030273,3007,3007,3007,3007,3007,3007,3007,3007,3007,3007,3007,3007,4690,4691,3007,3007,3007,4690,3007,3007,3007,3007,3007,4690,82.35294342041016,10,0,0,30.000001907348633,16.666667938232422,22.22222328186035,11.764705657958984,5.555555820465088,37.5,0,0,15.789472579956055,0,0,0,0,11.111111640930176,28.571430206298828,100,0,0,0,0,66481098752,12884893696,1635012608,0
99,1780596580047,57173.73123168945,4700,1,0.3062499999999999,6933.441055297852,4700,1,0.3062499999999999,6796.216705322266,4700,1,0.3062499999999999,12000.864776611328,4700,1,0.3062499999999999,45504.25329589844,4700,1,0.3062499999999999,37666.219009399414,4700,1,0.3062499999999999,46881.435134887695,4700,1,0.3062499999999999,29307.5302734375,4700,1,0.3062499999999999,7270.400390625,4700,1,0.3062499999999999,7159.614837646484,4700,1,0.3062499999999999,6750.660140991211,4700,1,0.3062499999999999,6968.447189331055,4700,1,0.3062499999999999,9108.153518676758,3007,3007,3007,3007,3007,3007,3007,3007,3007,3007,3007,3007,4690,4691,3007,3007,3007,4690,3007,3007,3007,3007,3007,4690,82.35294342041016,10,0,0,30.000001907348633,16.666667938232422,22.22222328186035,11.764705657958984,5.555555820465088,37.5,0,0,15.789472579956055,0,0,0,0,11.111111640930176,28.571430206298828,100,0,0,0,0,66481098752,12884893696,1631076352,0
99,1780596580147,57174.34507751465,4700,1,0.3062499999999999,6933.444107055664,4700,1,0.3062499999999999,6796.219833374023,4700,1,0.3062499999999999,12001.127319335938,4700,1,0.3062499999999999,45504.65608215332,4700,1,0.3062499999999999,37666.6916809082,4700,1,0.3062499999999999,46881.81262207031,4700,1,0.3062499999999999,29308.22494506836,4700,1,0.3062499999999999,7270.403717041016,4700,1,0.3062499999999999,7159.617919921875,4700,1,0.3062499999999999,6750.663223266602,4700,1,0.3062499999999999,6968.450241088867,4700,1,0.3062499999999999,9113.811553955078,3007,3007,3007,3007,3007,3007,3007,3007,3007,3007,3007,3007,4690,4691,3007,3007,3007,4690,3007,3007,3007,3007,3007,4690,83.33332824707031,15.789472579956055,0,0,27.77777862548828,10,5,35,33.333335876464844,57.142860412597656,0,0,31.57894515991211,0,0,0,0,20,0,100,0,0,0,0,66481098752,12884893696,1629696000,0
99,1780596580247,57174.96032714844,4700,1,0.3062499999999999,6933.447250366211,4700,1,0.3062499999999999,6796.223083496094,4700,1,0.3062499999999999,12001.462371826172,4700,1,0.3062499999999999,45505.09053039551,4700,1,0.3062499999999999,37667.07373046875,4700,1,0.3062499999999999,46882.181076049805,4700,1,0.3062499999999999,29308.920532226563,4700,1,0.3062499999999999,7270.406982421875,4700,1,0.3062499999999999,7159.621032714844,4700,1,0.3062499999999999,6750.66633605957,4700,1,0.3062499999999999,6968.453399658203,4700,1,0.3062499999999999,9119.556091308594,3007,3007,3007,3007,3007,3007,3007,3007,3007,3007,3007,3007,4690,4691,3007,3007,3007,4690,3007,3007,3007,3007,3007,4690,83.33332824707031,15.789472579956055,0,0,27.77777862548828,10,5,35,33.333335876464844,57.142860412597656,0,0,31.57894515991211,0,0,0,0,20,0,100,0,0,0,0,66481098752,12884893696,1636876288,0
99,1780596580347,57175.526947021484,4700,1,0.3062499999999999,6933.450332641602,4700,1,0.3062499999999999,6796.226211547852,4700,1,0.3062499999999999,12001.710800170898,4700,1,0.3062499999999999,45505.52049255371,4700,1,0.3062499999999999,37667.48791503906,4700,1,0.3062499999999999,46882.63325500488,4700,1,0.3062499999999999,29309.61505126953,4700,1,0.3062499999999999,7270.410095214844,4700,1,0.3062499999999999,7159.624114990234,4700,1,0.3062499999999999,6750.669418334961,4700,1,0.3062499999999999,6968.456481933594,4700,1,0.3062499999999999,9125.267395019531,3007,3007,3007,3007,3007,3007,3007,3007,3007,3007,3007,3007,4690,4691,3007,3007,3007,4690,3007,3007,3007,3007,3007,4690,84.21052551269531,18.18181800842285,0,0,15.789472579956055,10,5.263157844543457,11.111111640930176,31.57894515991211,50,0,0,31.57894515991211,0,0,0,0,15.789472579956055,5.555555820465088,100,0,0,0,0,66481098752,12884893696,1633488896,0
99,1780596580447,57176.098571777344,4700,1,0.30000000000000004,6933.453414916992,4700,1,0.3062499999999999,6796.229293823242,4700,1,0.3062499999999999,12001.949569702148,4700,1,0.3062499999999999,45505.95681762695,4700,1,0.3062499999999999,37667.86753845215,4700,1,0.3062499999999999,46883.12944030762,4700,1,0.3062499999999999,29310.311447143555,4700,1,0.3062499999999999,7270.413177490234,4700,1,0.3062499999999999,7159.627197265625,4700,1,0.3062499999999999,6750.672500610352,4700,1,0.3062499999999999,6968.459564208984,4700,1,0.3062499999999999,9130.964447021484,3007,3007,3007,3007,3007,3007,3007,3007,3007,3007,3007,3007,4690,4691,3007,3007,3007,4690,3007,3007,3007,3007,3007,4690,84.21052551269531,18.18181800842285,0,0,15.789472579956055,10,5.263157844543457,11.111111640930176,31.57894515991211,50,0,0,31.57894515991211,0,0,0,0,15.789472579956055,5.555555820465088,100,0,0,0,0,66481098752,12884893696,1631465472,0
99,1780596580547,57176.7155456543,4700,1,0.3062499999999999,6933.456573486328,4700,1,0.3062499999999999,6796.232467651367,4700,1,0.3062499999999999,12002.152709960938,4700,1,0.3062499999999999,45506.330337524414,4700,1,0.3062499999999999,37668.240814208984,4700,1,0.3062499999999999,46883.60111999512,4700,1,0.3062499999999999,29311.005615234375,4700,1,0.3062499999999999,7270.416351318359,4700,1,0.3062499999999999,7159.630279541016,4700,1,0.3062499999999999,6750.67561340332,4700,1,0.3062499999999999,6968.462814331055,4700,1,0.3062499999999999,9136.691192626953,3007,3007,3007,3007,3007,3007,3007,3007,3007,3007,3007,3007,4690,4691,3007,3007,3007,4690,3007,3007,3007,3007,3007,4690,83.33332824707031,0,0,0,25,5,21.052631378173828,23.809524536132813,31.57894515991211,40,0,0,15.789472579956055,0,0,0,0,21.052631378173828,26.3157901763916,100,0,0,0,0,66481098752,12884893696,1628733440,0
99,1780596580647,57177.29293823242,4700,1,0.30000000000000004,6933.459655761719,4700,1,0.30000000000000004,6796.235549926758,4700,1,0.30000000000000004,12002.174911499023,4700,1,0.30000000000000004,45506.81639099121,4700,1,0.30000000000000004,37668.73815917969,4700,1,0.30000000000000004,46883.947830200195,4700,1,0.30000000000000004,29311.687789916992,4700,1,0.30000000000000004,7270.41943359375,4700,1,0.30000000000000004,7159.633407592773,4700,1,0.30000000000000004,6750.678695678711,4700,1,0.30000000000000004,6968.465896606445,4700,1,0.30000000000000004,9142.34016418457,3007,3007,3007,3007,3007,3007,3007,3007,3007,3007,3007,3007,4690,4691,3007,3007,3007,4690,3007,3007,3007,3007,3007,4690,83.33332824707031,0,0,0,25,5,21.052631378173828,23.809524536132813,31.57894515991211,40,0,0,15.789472579956055,0,0,0,0,21.052631378173828,26.3157901763916,100,0,0,0,0,66481098752,12884893696,1637965824,0
99,1780596580747,57177.887634277344,4700,1,0.3062499999999999,6933.462799072266,4700,1,0.3062499999999999,6796.238693237305,4700,1,0.3062499999999999,12002.392517089844,4700,1,0.3062499999999999,45507.22560119629,4700,1,0.3062499999999999,37669.14686584473,4700,1,0.3062499999999999,46884.30381774902,4700,1,0.3062499999999999,29312.383499145508,4700,1,0.3062499999999999,7270.422515869141,4700,1,0.3062499999999999,7159.636489868164,4700,1,0.3062499999999999,6750.681777954102,4700,1,0.3062499999999999,6968.472320556641,4700,1,0.3062499999999999,9148.041748046875,3007,3007,3007,3007,3007,3007,3007,3007,3007,3007,3007,3007,4690,4691,3007,3007,3007,4690,3007,3007,3007,3007,3007,4690,83.33332824707031,5.263157844543457,0,0,16.666667938232422,0,38.095237731933594,25,23.52941131591797,37.5,0,0,28.571430206298828,0,0,0,0,31.57894515991211,0,100,0,0,0,0,66481098752,12884893696,1637617664,0
99,1780596580847,57178.48295593262,4700,1,0.3062499999999999,6933.465850830078,4700,1,0.3062499999999999,6796.241836547852,4700,1,0.3062499999999999,12002.62319946289,4700,1,0.3062499999999999,45507.633209228516,4700,1,0.3062499999999999,37669.58312988281,4700,1,0.3062499999999999,46884.63691711426,4700,1,0.3062499999999999,29313.07489013672,4700,1,0.3062499999999999,7270.425598144531,4700,1,0.3062499999999999,7159.639541625977,4700,1,0.3062499999999999,6750.684860229492,4700,1,0.3062499999999999,6968.475372314453,4700,1,0.3062499999999999,9153.691864013672,3007,3007,3007,3007,3007,3007,3007,3007,3007,3007,3007,3007,4690,4691,3007,3007,3007,4690,3007,3007,3007,3007,3007,4690,83.33332824707031,5.263157844543457,0,0,16.666667938232422,0,38.095237731933594,25,23.52941131591797,37.5,0,0,28.571430206298828,0,0,0,0,31.57894515991211,0,100,0,0,0,0,66481098752,12884893696,1631907840,0
99,1780596580947,57179.11729431152,4700,1,0.3062499999999999,6933.468933105469,4700,1,0.3062499999999999,6796.244888305664,4700,1,0.3062499999999999,12002.784484863281,4700,1,0.3062499999999999,45508.07450866699,4700,1,0.3062499999999999,37670.00842285156,4700,1,0.3062499999999999,46884.992248535156,4700,1,0.3062499999999999,29313.757278442383,4700,1,0.3062499999999999,7270.4287109375,4700,1,0.3062499999999999,7159.642623901367,4700,1,0.3062499999999999,6750.687942504883,4700,1,0.3062499999999999,6968.478454589844,4700,1,0.3062499999999999,9159.389343261719,3007,3007,3007,3007,3007,3007,3007,3007,3007,3007,3007,3007,4690,4691,3007,3007,3007,4690,3007,3007,3007,3007,3007,4690,88.23529815673828,17.39130401611328,0,0,22.22222328186035,9.523809432983398,22.22222328186035,5.882352828979492,23.52941131591797,50,0,0,17.647058486938477,0,0,0,0,26.3157901763916,0,100,0,0,0,0,66481098752,12884893696,1639260160,0
99,1780596581047,57179.74424743652,4700,1,0.3062499999999999,6933.472091674805,4700,1,0.3062499999999999,6796.248001098633,4700,1,0.3062499999999999,12003.04183959961,4700,1,0.3062499999999999,45508.52392578125,4700,1,0.3062499999999999,37670.4934387207,4700,1,0.3062499999999999,46885.344467163086,4700,1,0.3062499999999999,29314.390838623047,4700,1,0.3062499999999999,7270.431793212891,4700,1,0.3062499999999999,7159.645706176758,4700,1,0.3062499999999999,6750.691024780273,4700,1,0.3062499999999999,6968.48161315918,4700,1,0.3062499999999999,9165.16423034668,3007,3007,3007,3007,3007,3007,3007,3007,3007,3007,3007,3007,4690,4691,3007,3007,3007,4690,3007,3007,3007,3007,3007,4690,88.23529815673828,17.39130401611328,0,0,22.22222328186035,9.523809432983398,22.22222328186035,5.882352828979492,23.52941131591797,50,0,0,17.647058486938477,0,0,0,0,26.3157901763916,0,100,0,0,0,0,66481098752,12884893696,1635471360,0
99,1780596581147,57180.33126831055,4700,1,0.3062499999999999,6933.475173950195,4700,1,0.3062499999999999,6796.251083374023,4700,1,0.3062499999999999,12003.358810424805,4700,1,0.3062499999999999,45508.89865112305,4700,1,0.3062499999999999,37670.87413024902,4700,1,0.3062499999999999,46885.77235412598,4700,1,0.3062499999999999,29315.074417114258,4700,1,0.3062499999999999,7270.434875488281,4700,1,0.3062499999999999,7159.648788452148,4700,1,0.3062499999999999,6750.694107055664,4700,1,0.3062499999999999,6968.48469543457,4700,1,0.3062499999999999,9170.95735168457,3007,3007,3007,3007,3007,3007,3007,3007,3007,3007,3007,3007,4690,4691,3007,3007,3007,4690,3007,3007,3007,3007,3007,4690,83.33332824707031,5.555555820465088,0,0,26.3157901763916,15.000000953674316,15.789472579956055,21.052631378173828,31.57894515991211,25,0,0,25,0,0,0,0,27.77777862548828,15.000000953674316,100,0,0,0,0,66481098752,12884893696,1633783808,0
99,1780596581248,57180.91551208496,4700,1,0.3062499999999999,6933.478317260742,4700,1,0.3062499999999999,6796.254531860352,4700,1,0.3062499999999999,12003.68637084961,4700,1,0.3062499999999999,45509.28941345215,4700,1,0.3062499999999999,37671.23434448242,4700,1,0.3062499999999999,46886.17826843262,4700,1,0.3062499999999999,29315.771896362305,4700,1,0.3062499999999999,7270.438232421875,4700,1,0.3062499999999999,7159.651870727539,4700,1,0.3062499999999999,6750.697311401367,4700,1,0.3062499999999999,6968.487854003906,4700,1,0.3062499999999999,9176.717651367188,3007,3007,3007,3007,3007,3007,3007,3007,3007,3007,3007,3007,4690,4691,3007,3007,3007,4690,3007,3007,3007,3007,3007,4690,83.33332824707031,5.555555820465088,0,0,26.3157901763916,15.000000953674316,15.789472579956055,21.052631378173828,31.57894515991211,25,0,0,25,0,0,0,0,27.77777862548828,15.000000953674316,100,0,0,0,0,66481098752,12884893696,1632555008,0
99,1780596581348,57181.4988861084,4700,1,0.3062499999999999,6933.481399536133,4700,1,0.3062499999999999,6796.257614135742,4700,1,0.3062499999999999,12003.947082519531,4700,1,0.3062499999999999,45509.72898864746,4700,1,0.3062499999999999,37671.56025695801,4700,1,0.3062499999999999,46886.60641479492,4700,1,0.3062499999999999,29316.46482849121,4700,1,0.3062499999999999,7270.441345214844,4700,1,0.3062499999999999,7159.65495300293,4700,1,0.3062499999999999,6750.700393676758,4700,1,0.3062499999999999,6968.490936279297,4700,1,0.3062499999999999,9182.415603637695,3007,3007,3007,3007,3007,3007,3007,3007,3007,3007,3007,3007,4690,4691,3007,3007,3007,4690,3007,3007,3007,3007,3007,4690,82.35294342041016,16.666667938232422,0,0,15.789472579956055,0,10,16.666667938232422,31.57894515991211,50,0,0,33.333335876464844,0,0,0,0,10,15.000000953674316,100,0,0,0,0,66481098752,12884893696,1637203968,0
99,1780596581448,57182.04496765137,4700,1,0.30000000000000004,6933.484481811523,4700,1,0.30000000000000004,6796.260696411133,4700,1,0.30000000000000004,12004.257720947266,4700,1,0.30000000000000004,45510.16883850098,4700,1,0.30000000000000004,37671.9465637207,4700,1,0.30000000000000004,46887.00915527344,4700,1,0.30000000000000004,29317.119827270508,4700,1,0.30000000000000004,7270.444427490234,4700,1,0.30000000000000004,7159.65803527832,4700,1,0.30000000000000004,6750.703643798828,4700,1,0.30000000000000004,6968.4942626953125,4700,1,0.30000000000000004,9188.214950561523,3007,3007,3007,3007,3007,3007,3007,3007,3007,3007,3007,3007,4690,4691,3007,3007,3007,4690,3007,3007,3007,3007,3007,4690,82.35294342041016,16.666667938232422,0,0,15.789472579956055,0,10,16.666667938232422,31.57894515991211,50,0,0,33.333335876464844,0,0,0,0,10,15.000000953674316,100,0,0,0,0,66481098752,12884893696,1634971648,0
99,1780596581548,57182.60006713867,4700,1,0.30000000000000004,6933.48762512207,4700,1,0.30000000000000004,6796.263809204102,4700,1,0.30000000000000004,12004.544006347656,4700,1,0.30000000000000004,45510.60043334961,4700,1,0.30000000000000004,37672.36947631836,4700,1,0.30000000000000004,46887.43391418457,4700,1,0.30000000000000004,29317.811126708984,4700,1,0.30000000000000004,7270.447662353516,4700,1,0.30000000000000004,7159.661087036133,4700,1,0.30000000000000004,6750.706695556641,4700,1,0.30000000000000004,6968.49739074707,4700,1,0.30000000000000004,9193.917175292969,3007,3007,3007,3007,3007,3007,3007,3007,3007,3007,3007,3007,4690,4691,3007,3007,3007,4690,3007,3007,3007,3007,3007,4690,82.35294342041016,15.000000953674316,0,0,10,5.263157844543457,30.000001907348633,28.571430206298828,21.052631378173828,44.4444465637207,0,0,22.22222328186035,0,0,0,0,21.052631378173828,16.666667938232422,100,0,0,0,0,66481098752,12884893696,1634095104,0
99,1780596581648,57183.176193237305,4700,1,0.3062499999999999,6933.490676879883,4700,1,0.3062499999999999,6796.266983032227,4700,1,0.3062499999999999,12004.86196899414,4700,1,0.3062499999999999,45511.079498291016,4700,1,0.3062499999999999,37672.81190490723,4700,1,0.3062499999999999,46887.90058898926,4700,1,0.3062499999999999,29318.444549560547,4700,1,0.3062499999999999,7270.450927734375,4700,1,0.3062499999999999,7159.664215087891,4700,1,0.3062499999999999,6750.709777832031,4700,1,0.3062499999999999,6968.500534057617,4700,1,0.3062499999999999,9199.75698852539,3007,3007,3007,3007,3007,3007,3007,3007,3007,3007,3007,3007,4690,4691,3007,3007,3007,4690,3007,3007,3007,3007,3007,4690,82.35294342041016,15.000000953674316,0,0,10,5.263157844543457,30.000001907348633,28.571430206298828,21.052631378173828,44.4444465637207,0,0,22.22222328186035,0,0,0,0,21.052631378173828,16.666667938232422,100,0,0,0,0,66481098752,12884893696,1632391168,0
99,1780596581748,57183.79072570801,4700,1,0.3062499999999999,6933.493835449219,4700,1,0.3062499999999999,6796.270095825195,4700,1,0.3062499999999999,12005.172714233398,4700,1,0.3062499999999999,45511.52626037598,4700,1,0.3062499999999999,37673.28944396973,4700,1,0.3062499999999999,46888.32585144043,4700,1,0.3062499999999999,29319.04359436035,4700,1,0.3062499999999999,7270.454238891602,4700,1,0.3062499999999999,7159.667297363281,4700,1,0.3062499999999999,6750.712860107422,4700,1,0.3062499999999999,6968.503692626953,4700,1,0.3062499999999999,9205.643859863281,3007,3007,3007,3007,3007,3007,3007,3007,3007,3007,3007,3007,4690,4691,3007,3007,3007,4690,3007,3007,3007,3007,3007,4690,89.47368621826172,10,0,0,21.052631378173828,20,30.000001907348633,23.52941131591797,23.52941131591797,21.052631378173828,0,0,30.000001907348633,0,0,0,0,30.000001907348633,23.809524536132813,100,0,0,0,0,66481098752,12884893696,1635254272,0
99,1780596581848,57184.39122009277,4700,1,0.3062499999999999,6933.496917724609,4700,1,0.3062499999999999,6796.273178100586,4700,1,0.3062499999999999,12005.395141601563,4700,1,0.3062499999999999,45511.90980529785,4700,1,0.3062499999999999,37673.67094421387,4700,1,0.3062499999999999,46888.79624938965,4700,1,0.3062499999999999,29319.731857299805,4700,1,0.3062499999999999,7270.457717895508,4700,1,0.3062499999999999,7159.670379638672,4700,1,0.3062499999999999,6750.7159423828125,4700,1,0.3062499999999999,6968.506774902344,4700,1,0.3062499999999999,9211.376174926758,3007,3007,3007,3007,3007,3007,3007,3007,3007,3007,3007,3007,4690,4691,3007,3007,3007,4690,3007,3007,3007,3007,3007,4690,89.47368621826172,10,0,0,21.052631378173828,20,30.000001907348633,23.52941131591797,23.52941131591797,21.052631378173828,0,0,30.000001907348633,0,0,0,0,30.000001907348633,23.809524536132813,100,0,0,0,0,66481098752,12884893696,1635950592,0
99,1780596581948,57184.94493103027,4700,1,0.30000000000000004,6933.5,4700,1,0.3062499999999999,6796.276260375977,4700,1,0.3062499999999999,12005.729202270508,4700,1,0.30000000000000004,45512.38916015625,4700,1,0.30000000000000004,37674.033920288086,4700,1,0.30000000000000004,46889.1257019043,4700,1,0.30000000000000004,29320.42756652832,4700,1,0.3062499999999999,7270.460800170898,4700,1,0.3062499999999999,7159.6734619140625,4700,1,0.3062499999999999,6750.719024658203,4700,1,0.3062499999999999,6968.509857177734,4700,1,0.3062499999999999,9217.109085083008,3007,3007,3007,3007,3007,3007,3007,3007,3007,3007,3007,3007,4690,4691,3007,3007,3007,4690,3007,3007,3007,3007,3007,4690,78.94737243652344,5.555555820465088,0,0,15.789472579956055,10,16.666667938232422,14.285715103149414,26.3157901763916,41.17647171020508,0,0,31.57894515991211,0,0,0,0,22.22222328186035,15.789472579956055,100,0,0,0,0,66481098752,12884893696,1632800768,0
99,1780596582048,57185.524002075195,4700,1,0.3062499999999999,6933.503234863281,4700,1,0.3062499999999999,6796.279556274414,4700,1,0.3062499999999999,12006.052627563477,4700,1,0.3062499999999999,45512.85446166992,4700,1,0.3062499999999999,37674.4441986084,4700,1,0.3062499999999999,46889.514419555664,4700,1,0.3062499999999999,29321.093383789063,4700,1,0.3062499999999999,7270.464080810547,4700,1,0.3062499999999999,7159.676620483398,4700,1,0.3062499999999999,6750.722183227539,4700,1,0.3062499999999999,6968.513046264648,4700,1,0.3062499999999999,9222.926971435547,3007,3007,3007,3007,3007,3007,3007,3007,3007,3007,3007,3007,4690,4691,3007,3007,3007,4690,3007,3007,3007,3007,3007,4690,78.94737243652344,5.555555820465088,0,0,15.789472579956055,10,16.666667938232422,14.285715103149414,26.3157901763916,41.17647171020508,0,0,31.57894515991211,0,0,0,0,22.22222328186035,15.789472579956055,100,0,0,0,0,66481098752,12884893696,1629544448,0
99,1780596582148,57186.15365600586,4700,1,0.3062499999999999,6933.50634765625,4700,1,0.3062499999999999,6796.282669067383,4700,1,0.3062499999999999,12006.323837280273,4700,1,0.3062499999999999,45513.37939453125,4700,1,0.3062499999999999,37674.86767578125,4700,1,0.3062499999999999,46890.009674072266,4700,1,0.3062499999999999,29321.63426208496,4700,1,0.3062499999999999,7270.467193603516,4700,1,0.3062499999999999,7159.679702758789,4700,1,0.3062499999999999,6750.72526550293,4700,1,0.3062499999999999,6968.518829345703,4700,1,0.3062499999999999,9228.854858398438,3007,3007,3007,3007,3007,3007,3007,3007,3007,3007,3007,3007,4690,4691,3007,3007,3007,4690,3007,3007,3007,3007,3007,4690,94.11764526367188,20,0,0,22.22222328186035,14.285715103149414,31.57894515991211,30.000001907348633,26.3157901763916,21.052631378173828,0,0,36.842105865478516,0,0,0,0,23.809524536132813,21.052631378173828,100,0,0,0,0,66481098752,12884893696,1634414592,0
99,1780596582248,57186.77651977539,4700,1,0.3062499999999999,6933.509460449219,4700,1,0.3062499999999999,6796.285888671875,4700,1,0.3062499999999999,12006.573699951172,4700,1,0.3062499999999999,45513.89031982422,4700,1,0.3062499999999999,37675.26480102539,4700,1,0.3062499999999999,46890.4962310791,4700,1,0.3062499999999999,29322.228225708008,4700,1,0.3062499999999999,7270.472442626953,4700,1,0.3062499999999999,7159.682754516602,4700,1,0.3062499999999999,6750.72834777832,4700,1,0.3062499999999999,6968.522003173828,4700,1,0.3062499999999999,9234.700149536133,3007,3007,3007,3007,3007,3007,3007,3007,3007,3007,3007,3007,4690,4691,3007,3007,3007,4690,3007,3007,3007,3007,3007,4690,94.11764526367188,20,0,0,22.22222328186035,14.285715103149414,31.57894515991211,30.000001907348633,26.3157901763916,21.052631378173828,0,0,36.842105865478516,0,0,0,0,23.809524536132813,21.052631378173828,100,0,0,0,0,66481098752,12884893696,1629204480,0
99,1780596582348,57187.35888671875,4700,1,0.3062499999999999,6933.512542724609,4700,1,0.3062499999999999,6796.288970947266,4700,1,0.3062499999999999,12006.834869384766,4700,1,0.3062499999999999,45514.382400512695,4700,1,0.3062499999999999,37675.651107788086,4700,1,0.3062499999999999,46890.93524169922,4700,1,0.3062499999999999,29322.916595458984,4700,1,0.3062499999999999,7270.476013183594,4700,1,0.3062499999999999,7159.685836791992,4700,1,0.3062499999999999,6750.731430053711,4700,1,0.3062499999999999,6968.525085449219,4700,1,0.3062499999999999,9240.509567260742,3007,3007,3007,3007,3007,3007,3007,3007,3007,3007,3007,3007,4690,4691,3007,3007,3007,4690,3007,3007,3007,3007,3007,4690,84.21052551269531,5.263157844543457,0,0,28.571430206298828,5.263157844543457,45.45454788208008,5,40,31.57894515991211,0,0,33.333335876464844,0,0,0,0,29.411766052246094,16.666667938232422,100,0,0,0,0,66481098752,12884893696,1630023680,0
99,1780596582448,57187.99676513672,4700,1,0.3062499999999999,6933.515625,4700,1,0.3062499999999999,6796.292083740234,4700,1,0.3062499999999999,12007.095016479492,4700,1,0.3062499999999999,45514.83805847168,4700,1,0.3062499999999999,37675.99851989746,4700,1,0.3062499999999999,46891.278564453125,4700,1,0.3062499999999999,29323.60984802246,4700,1,0.3062499999999999,7270.479232788086,4700,1,0.3062499999999999,7159.688919067383,4700,1,0.3062499999999999,6750.734527587891,4700,1,0.3062499999999999,6968.528167724609,4700,1,0.3062499999999999,9246.125244140625,3007,3007,3007,3007,3007,3007,3007,3007,3007,3007,3007,3007,4690,4691,3007,3007,3007,4690,3007,3007,3007,3007,3007,4690,84.21052551269531,5.263157844543457,0,0,28.571430206298828,5.263157844543457,45.45454788208008,5,40,31.57894515991211,0,0,33.333335876464844,0,0,0,0,29.411766052246094,16.666667938232422,100,0,0,0,0,66481098752,12884893696,1626943488,0
99,1780596582548,57188.62660217285,4700,1,0.3062499999999999,6933.518997192383,4700,1,0.3062499999999999,6796.29524230957,4700,1,0.3062499999999999,12007.445724487305,4700,1,0.3062499999999999,45515.21029663086,4700,1,0.3062499999999999,37676.39515686035,4700,1,0.3062499999999999,46891.54740905762,4700,1,0.3062499999999999,29324.292892456055,4700,1,0.3062499999999999,7270.483612060547,4700,1,0.3062499999999999,7159.692092895508,4700,1,0.3062499999999999,6750.737838745117,4700,1,0.3062499999999999,6968.531707763672,4700,1,0.3062499999999999,9251.839309692383,3007,3007,3007,3007,3007,3007,3007,3007,3007,3007,3007,3007,4690,4691,3007,3007,3007,4690,3007,3007,3007,3007,3007,4690,88.8888931274414,15.000000953674316,0,0,42.85714340209961,15.000000953674316,6.25,10,15.789472579956055,41.17647171020508,0,0,30.000001907348633,0,0,0,0,30.000001907348633,10,100,0,0,0,0,66481098752,12884893696,1630158848,0
99,1780596582648,57189.20249938965,4700,1,0.3062499999999999,6933.522155761719,4700,1,0.3062499999999999,6796.298522949219,4700,1,0.3062499999999999,12007.779312133789,4700,1,0.3062499999999999,45515.586654663086,4700,1,0.3062499999999999,37676.7180480957,4700,1,0.3062499999999999,46892.01220703125,4700,1,0.3062499999999999,29324.980209350586,4700,1,0.3062499999999999,7270.487701416016,4700,1,0.3062499999999999,7159.707092285156,4700,1,0.3062499999999999,6750.74104309082,4700,1,0.3062499999999999,6968.542495727539,4700,1,0.3062499999999999,9257.615158081055,3007,3007,3007,3007,3007,3007,3007,3007,3007,3007,3007,3007,4690,4691,3007,3007,3007,4690,3007,3007,3007,3007,3007,4690,88.8888931274414,15.000000953674316,0,0,42.85714340209961,15.000000953674316,6.25,10,15.789472579956055,41.17647171020508,0,0,30.000001907348633,0,0,0,0,30.000001907348633,10,100,0,0,0,0,66481098752,12884893696,1630552064,0
99,1780596582748,57189.77633666992,4700,1,0.3062499999999999,6933.525375366211,4700,1,0.3062499999999999,6796.3016357421875,4700,1,0.3062499999999999,12007.963806152344,4700,1,0.3062499999999999,45516.069274902344,4700,1,0.3062499999999999,37677.012466430664,4700,1,0.3062499999999999,46892.4524230957,4700,1,0.3062499999999999,29325.677795410156,4700,1,0.3062499999999999,7270.490814208984,4700,1,0.3062499999999999,7159.710205078125,4700,1,0.3062499999999999,6750.744155883789,4700,1,0.3062499999999999,6968.547988891602,4700,1,0.3062499999999999,9263.311752319336,3007,3007,3007,3007,3007,3007,3007,3007,3007,3007,3007,3007,4690,4691,3007,3007,3007,4690,3007,3007,3007,3007,3007,4690,80,10,4.761904716491699,0,15.000000953674316,14.285715103149414,25,0,23.52941131591797,47.05882263183594,0,0,30.000001907348633,0,0,0,0,21.052631378173828,21.052631378173828,100,0,0,0,0,66481098752,12884893696,1630752768,0
99,1780596582848,57190.357330322266,4700,1,0.30000000000000004,6933.528457641602,4700,1,0.3062499999999999,6796.304794311523,4700,1,0.3062499999999999,12008.182418823242,4700,1,0.30000000000000004,45516.549545288086,4700,1,0.30000000000000004,37677.37841796875,4700,1,0.30000000000000004,46892.840072631836,4700,1,0.30000000000000004,29326.365188598633,4700,1,0.30000000000000004,7270.494201660156,4700,1,0.30000000000000004,7159.713287353516,4700,1,0.30000000000000004,6750.74723815918,4700,1,0.3062499999999999,6968.551071166992,4700,1,0.3062499999999999,9269.019454956055,3007,3007,3007,3007,3007,3007,3007,3007,3007,3007,3007,3007,4690,4691,3007,3007,3007,4690,3007,3007,3007,3007,3007,4690,80,10,4.761904716491699,0,15.000000953674316,14.285715103149414,25,0,23.52941131591797,47.05882263183594,0,0,30.000001907348633,0,0,0,0,21.052631378173828,21.052631378173828,100,0,0,0,0,66481098752,12884893696,1638481920,0
99,1780596582948,57190.93493652344,4700,1,0.30000000000000004,6933.531539916992,4700,1,0.30000000000000004,6796.307876586914,4700,1,0.30000000000000004,12008.40853881836,4700,1,0.30000000000000004,45516.94485473633,4700,1,0.30000000000000004,37677.84489440918,4700,1,0.30000000000000004,46893.2518157959,4700,1,0.30000000000000004,29327.058822631836,4700,1,0.30000000000000004,7270.497314453125,4700,1,0.30000000000000004,7159.716369628906,4700,1,0.30000000000000004,6750.75032043457,4700,1,0.30000000000000004,6968.554153442383,4700,1,0.30000000000000004,9274.793991088867,3007,3007,3007,3007,3007,3007,3007,3007,3007,3007,3007,3007,4690,4691,3007,3007,3007,4690,3007,3007,3007,3007,3007,4690,80,0,0,0,11.764705657958984,5,31.57894515991211,10.526315689086914,28.571430206298828,44.4444465637207,0,0,16.666667938232422,0,0,0,0,31.57894515991211,21.052631378173828,100,0,0,0,0,66481098752,12884893696,1631723520,0
99,1780596583049,57191.53500366211,4700,1,0.30000000000000004,6933.53466796875,4700,1,0.30000000000000004,6796.310958862305,4700,1,0.30000000000000004,12008.741500854492,4700,1,0.30000000000000004,45517.29383850098,4700,1,0.30000000000000004,37678.18977355957,4700,1,0.30000000000000004,46893.668197631836,4700,1,0.30000000000000004,29327.74151611328,4700,1,0.30000000000000004,7270.5003662109375,4700,1,0.30000000000000004,7159.719421386719,4700,1,0.30000000000000004,6750.753372192383,4700,1,0.30000000000000004,6968.557266235352,4700,1,0.30000000000000004,9280.496673583984,3007,3007,3007,3007,3007,3007,3007,3007,3007,3007,3007,3007,4690,4691,3007,3007,3007,4690,3007,3007,3007,3007,3007,4690,80,0,0,0,11.764705657958984,5,31.57894515991211,10.526315689086914,28.571430206298828,44.4444465637207,0,0,16.666667938232422,0,0,0,0,31.57894515991211,21.052631378173828,100,0,0,0,0,66481098752,12884893696,1629417472,0
99,1780596583149,57192.14096069336,4700,1,0.30000000000000004,6933.537750244141,4700,1,0.30000000000000004,6796.314010620117,4700,1,0.30000000000000004,12009.016860961914,4700,1,0.30000000000000004,45517.63961791992,4700,1,0.30000000000000004,37678.53855895996,4700,1,0.30000000000000004,46894.13523864746,4700,1,0.30000000000000004,29328.43910217285,4700,1,0.30000000000000004,7270.503463745117,4700,1,0.30000000000000004,7159.722503662109,4700,1,0.30000000000000004,6750.756454467773,4700,1,0.30000000000000004,6968.560348510742,4700,1,0.30000000000000004,9286.134063720703,3007,3007,3007,3007,3007,3007,3007,3007,3007,3007,3007,3007,4690,4691,3007,3007,3007,4690,3007,3007,3007,3007,3007,4690,84.21052551269531,5.555555820465088,0,0,21.052631378173828,23.809524536132813,27.77777862548828,0,26.3157901763916,40,0,0,0,0,0,0,0,27.77777862548828,16.666667938232422,100,0,0,0,0,66481098752,12884893696,1629249536,0
99,1780596583249,57192.744720458984,4700,1,0.3062499999999999,6933.540908813477,4700,1,0.3062499999999999,6796.317352294922,4700,1,0.3062499999999999,12009.28305053711,4700,1,0.3062499999999999,45517.981689453125,4700,1,0.3062499999999999,37678.90426635742,4700,1,0.3062499999999999,46894.60073852539,4700,1,0.3062499999999999,29329.129776000977,4700,1,0.3062499999999999,7270.506851196289,4700,1,0.3062499999999999,7159.7255859375,4700,1,0.3062499999999999,6750.759567260742,4700,1,0.3062499999999999,6968.563507080078,4700,1,0.3062499999999999,9291.845489501953,3007,3007,3007,3007,3007,3007,3007,3007,3007,3007,3007,3007,4690,4691,3007,3007,3007,4690,3007,3007,3007,3007,3007,4690,84.21052551269531,5.555555820465088,0,0,21.052631378173828,23.809524536132813,27.77777862548828,0,26.3157901763916,40,0,0,0,0,0,0,0,27.77777862548828,16.666667938232422,100,0,0,0,0,66481098752,12884893696,1633878016,0
99,1780596583349,57193.32066345215,4700,1,0.3062499999999999,6933.543991088867,4700,1,0.3062499999999999,6796.3204345703125,4700,1,0.3062499999999999,12009.602996826172,4700,1,0.3062499999999999,45518.43035888672,4700,1,0.3062499999999999,37679.069412231445,4700,1,0.3062499999999999,46895.06555175781,4700,1,0.3062499999999999,29329.81803894043,4700,1,0.3062499999999999,7270.50993347168,4700,1,0.3062499999999999,7159.728668212891,4700,1,0.3062499999999999,6750.762649536133,4700,1,0.3062499999999999,6968.566589355469,4700,1,0.3062499999999999,9297.479232788086,3007,3007,3007,3007,3007,3007,3007,3007,3007,3007,3007,3007,4690,4691,3007,3007,3007,4690,3007,3007,3007,3007,3007,4690,86.36363983154297,14.285715103149414,0,0,11.764705657958984,0,35,5.263157844543457,31.57894515991211,44.4444465637207,0,0,14.285715103149414,0,0,0,0,22.72727394104004,26.3157901763916,100,0,0,0,0,66481098752,12884893696,1631404032,0
99,1780596583449,57193.87683105469,4700,1,0.3062499999999999,6933.547073364258,4700,1,0.3062499999999999,6796.323516845703,4700,1,0.3062499999999999,12009.997116088867,4700,1,0.3062499999999999,45518.82130432129,4700,1,0.3062499999999999,37679.27780151367,4700,1,0.3062499999999999,46895.524993896484,4700,1,0.3062499999999999,29330.500869750977,4700,1,0.3062499999999999,7270.513229370117,4700,1,0.3062499999999999,7159.731750488281,4700,1,0.3062499999999999,6750.765731811523,4700,1,0.3062499999999999,6968.569671630859,4700,1,0.3062499999999999,9303.15283203125,3007,3007,3007,3007,3007,3007,3007,3007,3007,3007,3007,3007,4690,4691,3007,3007,3007,4690,3007,3007,3007,3007,3007,4690,86.36363983154297,14.285715103149414,0,0,11.764705657958984,0,35,5.263157844543457,31.57894515991211,44.4444465637207,0,0,14.285715103149414,0,0,0,0,22.72727394104004,26.3157901763916,100,0,0,0,0,66481098752,12884893696,1628205056,0
99,1780596583549,57194.46788024902,4700,1,0.30000000000000004,6933.550231933594,4700,1,0.3062499999999999,6796.326599121094,4700,1,0.3062499999999999,12010.39242553711,4700,1,0.30000000000000004,45519.02079772949,4700,1,0.30000000000000004,37679.64453125,4700,1,0.30000000000000004,46895.98490905762,4700,1,0.30000000000000004,29331.185760498047,4700,1,0.30000000000000004,7270.516403198242,4700,1,0.30000000000000004,7159.734909057617,4700,1,0.30000000000000004,6750.768814086914,4700,1,0.30000000000000004,6968.57292175293,4700,1,0.3062499999999999,9308.782531738281,3007,3007,3007,3007,3007,3007,3007,3007,3007,3007,3007,3007,4690,4691,3007,3007,3007,4690,3007,3007,3007,3007,3007,4690,82.35294342041016,26.3157901763916,0,0,15.000000953674316,23.809524536132813,11.111111640930176,20,22.22222328186035,44.4444465637207,0,0,5.555555820465088,0,0,0,0,10,23.52941131591797,100,0,0,0,0,66481098752,12884893696,1627144192,0
99,1780596583649,57195.089431762695,4700,1,0.3062499999999999,6933.5533447265625,4700,1,0.3062499999999999,6796.329788208008,4700,1,0.3062499999999999,12010.633865356445,4700,1,0.3062499999999999,45519.425842285156,4700,1,0.3062499999999999,37680.010009765625,4700,1,0.3062499999999999,46896.42323303223,4700,1,0.3062499999999999,29331.851531982422,4700,1,0.3062499999999999,7270.519515991211,4700,1,0.3062499999999999,7159.738021850586,4700,1,0.3062499999999999,6750.77197265625,4700,1,0.3062499999999999,6968.584487915039,4700,1,0.3062499999999999,9314.568161010742,3007,3007,3007,3007,3007,3007,3007,3007,3007,3007,3007,3007,4690,4691,3007,3007,3007,4690,3007,3007,3007,3007,3007,4690,82.35294342041016,26.3157901763916,0,0,15.000000953674316,23.809524536132813,11.111111640930176,20,22.22222328186035,44.4444465637207,0,0,5.555555820465088,0,0,0,0,10,23.52941131591797,100,0,0,0,0,66481098752,12884893696,1632161792,0
99,1780596583749,57195.68592834473,4700,1,0.3062499999999999,6933.55647277832,4700,1,0.3062499999999999,6796.332870483398,4700,1,0.3062499999999999,12010.82861328125,4700,1,0.3062499999999999,45519.90690612793,4700,1,0.3062499999999999,37680.361267089844,4700,1,0.3062499999999999,46896.818603515625,4700,1,0.3062499999999999,29332.535354614258,4700,1,0.3062499999999999,7270.522598266602,4700,1,0.3062499999999999,7159.741104125977,4700,1,0.3062499999999999,6750.7750244140625,4700,1,0.3062499999999999,6968.590713500977,4700,1,0.3062499999999999,9320.301086425781,3007,3007,3007,3007,3007,3007,3007,3007,3007,3007,3007,3007,4690,4691,3007,3007,3007,4690,3007,3007,3007,3007,3007,4690,89.47368621826172,5.263157844543457,0,0,26.3157901763916,10,38.095237731933594,23.52941131591797,27.77777862548828,28.571430206298828,0,0,20,0,0,0,0,0,10.526315689086914,100,0,0,0,0,66481098752,12884893696,1630863360,0
99,1780596583849,57196.24588012695,4700,1,0.3062499999999999,6933.559555053711,4700,1,0.3062499999999999,6796.335922241211,4700,1,0.3062499999999999,12011.17886352539,4700,1,0.3062499999999999,45520.32865905762,4700,1,0.3062499999999999,37680.755767822266,4700,1,0.3062499999999999,46897.20899963379,4700,1,0.3062499999999999,29333.225219726563,4700,1,0.3062499999999999,7270.525772094727,4700,1,0.3062499999999999,7159.744216918945,4700,1,0.3062499999999999,6750.778106689453,4700,1,0.3062499999999999,6968.593795776367,4700,1,0.3062499999999999,9325.998138427734,3007,3007,3007,3007,3007,3007,3007,3007,3007,3007,3007,3007,4690,4691,3007,3007,3007,4690,3007,3007,3007,3007,3007,4690,89.47368621826172,5.263157844543457,0,0,26.3157901763916,10,38.095237731933594,23.52941131591797,27.77777862548828,28.571430206298828,0,0,20,0,0,0,0,0,10.526315689086914,100,0,0,0,0,66481098752,12884893696,1628344320,0
99,1780596583949,57196.844802856445,4700,1,0.3062499999999999,6933.562637329102,4700,1,0.3062499999999999,6796.339004516602,4700,1,0.3062499999999999,12011.53286743164,4700,1,0.3062499999999999,45520.71408081055,4700,1,0.3062499999999999,37681.11338806152,4700,1,0.3062499999999999,46897.627349853516,4700,1,0.3062499999999999,29333.91423034668,4700,1,0.3062499999999999,7270.528884887695,4700,1,0.3062499999999999,7159.747299194336,4700,1,0.3062499999999999,6750.781188964844,4700,1,0.3062499999999999,6968.596878051758,4700,1,0.3062499999999999,9331.700805664063,3007,3007,3007,3007,3007,3007,3007,3007,3007,3007,3007,3007,4690,4691,3007,3007,3007,4690,3007,3007,3007,3007,3007,4690,81.25,21.052631378173828,0,0,11.111111640930176,11.111111640930176,27.77777862548828,23.52941131591797,33.333335876464844,47.36842346191406,0,0,11.111111640930176,0,0,0,0,4.761904716491699,20,100,0,0,0,0,66481098752,12884893696,1625755648,0
99,1780596584049,57197.45243835449,4700,1,0.3062499999999999,6933.590972900391,4700,1,0.30000000000000004,6796.381500244141,4700,1,0.30000000000000004,12011.939910888672,4700,1,0.3062499999999999,45521.10639953613,4700,1,0.3062499999999999,37681.48222351074,4700,1,0.30000000000000004,46898.029708862305,4700,1,0.30000000000000004,29334.445892333984,4700,1,0.30000000000000004,7270.538238525391,4700,1,0.30000000000000004,7159.758438110352,4700,1,0.30000000000000004,6750.807281494141,4700,1,0.30000000000000004,6968.607849121094,4700,1,0.30000000000000004,9337.485595703125,3007,3007,3007,3007,3007,3007,3007,3007,3007,3007,3007,3007,4690,4691,3007,3007,3007,4690,3007,3007,3007,3007,3007,4690,81.25,21.052631378173828,0,0,11.111111640930176,11.111111640930176,27.77777862548828,23.52941131591797,33.333335876464844,47.36842346191406,0,0,11.111111640930176,0,0,0,0,4.761904716491699,20,100,0,0,0,0,66481098752,12884893696,1626025984,0
99,1780596584149,57198.012603759766,4700,1,0.3062499999999999,6933.594055175781,4700,1,0.3062499999999999,6796.384582519531,4700,1,0.3062499999999999,12012.278076171875,4700,1,0.3062499999999999,45521.37088012695,4700,1,0.3062499999999999,37681.75378417969,4700,1,0.3062499999999999,46898.3020324707,4700,1,0.3062499999999999,29334.901245117188,4700,1,0.3062499999999999,7270.541320800781,4700,1,0.3062499999999999,7159.761520385742,4700,1,0.3062499999999999,6750.810363769531,4700,1,0.3062499999999999,6968.610931396484,4700,1,0.3062499999999999,9342.63345336914,3007,3007,3007,3007,3007,3007,3007,3007,3007,3007,3007,3007,4690,4691,3007,3007,3007,4690,3007,3007,3007,3007,3007,4690,95,16.666667938232422,0,0,15.000000953674316,6.25,0,23.809524536132813,15.000000953674316,33.333335876464844,0,4.761904716491699,15.000000953674316,0,0,0,0,15.000000953674316,20,61.11111068725586,0,0,4.761904716491699,0,66481098752,12884893696,1624248320,0
99,1780596584249,57198.56117248535,4700,1,0.30000000000000004,6933.598937988281,4700,1,0.30000000000000004,6796.387832641602,4700,1,0.30000000000000004,12012.562286376953,4700,1,0.30000000000000004,45521.6766204834,4700,1,0.30000000000000004,37682.038177490234,4700,1,0.30000000000000004,46898.59538269043,4700,1,0.30000000000000004,29335.358474731445,4700,1,0.30000000000000004,7270.546890258789,4700,1,0.30000000000000004,7159.764633178711,4700,1,0.30000000000000004,6750.813507080078,4700,1,0.30000000000000004,6968.614074707031,4700,1,0.30000000000000004,9347.754089355469,3007,3007,3007,3007,3007,3007,3007,3007,3007,3007,3007,3007,4690,4691,3007,3007,3007,4690,3007,3007,3007,3007,3007,4690,95,16.666667938232422,0,0,15.000000953674316,6.25,0,23.809524536132813,15.000000953674316,33.333335876464844,0,4.761904716491699,15.000000953674316,0,0,0,0,15.000000953674316,20,61.11111068725586,0,0,4.761904716491699,0,66481098752,12884893696,1622700032,0
99,1780596584349,57199.195053100586,4700,1,0.3062499999999999,6933.61474609375,4700,1,0.3062499999999999,6796.391128540039,4700,1,0.3062499999999999,12012.889022827148,4700,1,0.3062499999999999,45522.09541320801,4700,1,0.3062499999999999,37682.45643615723,4700,1,0.3062499999999999,46898.99891662598,4700,1,0.3062499999999999,29336.031188964844,4700,1,0.3062499999999999,7270.569046020508,4700,1,0.3062499999999999,7159.767959594727,4700,1,0.3062499999999999,6750.834365844727,4700,1,0.3062499999999999,6968.61735534668,4700,1,0.3062499999999999,9353.656982421875,3007,3007,3007,3007,3007,3007,3007,3007,3007,3007,3007,3007,4690,4691,3007,3007,3007,4690,3007,3007,3007,3007,3007,4690,100,14.285715103149414,0,0,15.789472579956055,20,11.111111640930176,5.882352828979492,5.555555820465088,29.411766052246094,0,0,25,0,0,0,0,11.111111640930176,11.764705657958984,78.94737243652344,0,0,0,0,66481098752,12884893696,1629773824,0
99,1780596584449,57199.774353027344,4700,1,0.3062499999999999,6933.6177978515625,4700,1,0.3062499999999999,6796.39421081543,4700,1,0.3062499999999999,12013.158493041992,4700,1,0.3062499999999999,45522.495346069336,4700,1,0.3062499999999999,37682.870697021484,4700,1,0.3062499999999999,46899.47360229492,4700,1,0.3062499999999999,29336.717803955078,4700,1,0.3062499999999999,7270.573638916016,4700,1,0.3062499999999999,7159.771011352539,4700,1,0.3062499999999999,6750.837417602539,4700,1,0.3062499999999999,6968.620407104492,4700,1,0.3062499999999999,9359.448104858398,3007,3007,3007,3007,3007,3007,3007,3007,3007,3007,3007,3007,4690,4691,3007,3007,3007,4690,3007,3007,3007,3007,3007,4690,100,14.285715103149414,0,0,15.789472579956055,20,11.111111640930176,5.882352828979492,5.555555820465088,29.411766052246094,0,0,25,0,0,0,0,11.111111640930176,11.764705657958984,78.94737243652344,0,0,0,0,66481098752,12884893696,1629024256,0
99,1780596584549,57200.40808105469,4700,1,0.3062499999999999,6933.620956420898,4700,1,0.3062499999999999,6796.397262573242,4700,1,0.3062499999999999,12013.4560546875,4700,1,0.3062499999999999,45522.89585876465,4700,1,0.3062499999999999,37683.274475097656,4700,1,0.3062499999999999,46899.89093017578,4700,1,0.3062499999999999,29337.407012939453,4700,1,0.3062499999999999,7270.57682800293,4700,1,0.3062499999999999,7159.77409362793,4700,1,0.3062499999999999,6750.84049987793,4700,1,0.3062499999999999,6968.623565673828,4700,1,0.3062499999999999,9365.256576538086,3007,3007,3007,3007,3007,3007,3007,3007,3007,3007,3007,3007,4690,4691,3007,3007,3007,4690,3007,3007,3007,3007,3007,4690,89.47368621826172,0,0,0,20,15.000000953674316,18.18181800842285,20,25,37.5,0,0,25,0,0,0,0,22.22222328186035,30.000001907348633,100,0,0,0,0,66481098752,12884893696,1633832960,0
99,1780596584649,57201.00437927246,4700,1,0.3062499999999999,6933.624038696289,4700,1,0.3062499999999999,6796.400344848633,4700,1,0.3062499999999999,12013.78695678711,4700,1,0.3062499999999999,45523.33583068848,4700,1,0.3062499999999999,37683.706466674805,4700,1,0.3062499999999999,46900.25988769531,4700,1,0.3062499999999999,29338.100189208984,4700,1,0.3062499999999999,7270.57991027832,4700,1,0.3062499999999999,7159.77717590332,4700,1,0.3062499999999999,6750.84358215332,4700,1,0.3062499999999999,6968.626647949219,4700,1,0.3062499999999999,9371.01838684082,3007,3007,3007,3007,3007,3007,3007,3007,3007,3007,3007,3007,4690,4691,3007,3007,3007,4690,3007,3007,3007,3007,3007,4690,89.47368621826172,0,0,0,20,15.000000953674316,18.18181800842285,20,25,37.5,0,0,25,0,0,0,0,22.22222328186035,30.000001907348633,100,0,0,0,0,66481098752,12884893696,1634963456,0
99,1780596584749,57201.61558532715,4700,1,0.3062499999999999,6933.627212524414,4700,1,0.3062499999999999,6796.403549194336,4700,1,0.3062499999999999,12014.115676879883,4700,1,0.3062499999999999,45523.76396179199,4700,1,0.3062499999999999,37684.08784484863,4700,1,0.3062499999999999,46900.675231933594,4700,1,0.3062499999999999,29338.789962768555,4700,1,0.3062499999999999,7270.583145141602,4700,1,0.3062499999999999,7159.780258178711,4700,1,0.3062499999999999,6750.846664428711,4700,1,0.3062499999999999,6968.629928588867,4700,1,0.3062499999999999,9376.864837646484,3007,3007,3007,3007,3007,3007,3007,3007,3007,3007,3007,3007,4690,4691,3007,3007,3007,4690,3007,3007,3007,3007,3007,4690,88.23529815673828,0,0,0,11.111111640930176,26.3157901763916,11.111111640930176,25,5,52.6315803527832,0,0,23.52941131591797,0,0,0,0,16.666667938232422,23.52941131591797,100,0,0,0,0,66481098752,12884893696,1631006720,0
99,1780596584849,57202.196548461914,4700,1,0.3062499999999999,6933.630294799805,4700,1,0.3062499999999999,6796.406631469727,4700,1,0.3062499999999999,12014.463958740234,4700,1,0.3062499999999999,45524.18086242676,4700,1,0.3062499999999999,37684.527603149414,4700,1,0.3062499999999999,46901.06504821777,4700,1,0.3062499999999999,29339.481033325195,4700,1,0.3062499999999999,7270.58625793457,4700,1,0.3062499999999999,7159.783340454102,4700,1,0.3062499999999999,6750.849792480469,4700,1,0.3062499999999999,6968.633041381836,4700,1,0.3062499999999999,9382.696304321289,3007,3007,3007,3007,3007,3007,3007,3007,3007,3007,3007,3007,4690,4691,3007,3007,3007,4690,3007,3007,3007,3007,3007,4690,88.23529815673828,0,0,0,11.111111640930176,26.3157901763916,11.111111640930176,25,5,52.6315803527832,0,0,23.52941131591797,0,0,0,0,16.666667938232422,23.52941131591797,100,0,0,0,0,66481098752,12884893696,1625706496,0
99,1780596584950,57202.75492858887,4700,1,0.3062499999999999,6933.633377075195,4700,1,0.30000000000000004,6796.409713745117,4700,1,0.30000000000000004,12014.80014038086,4700,1,0.3062499999999999,45524.63276672363,4700,1,0.3062499999999999,37684.92802429199,4700,1,0.3062499999999999,46901.49940490723,4700,1,0.3062499999999999,29340.150833129883,4700,1,0.3062499999999999,7270.589553833008,4700,1,0.3062499999999999,7159.786422729492,4700,1,0.3062499999999999,6750.852874755859,4700,1,0.30000000000000004,6968.636184692383,4700,1,0.30000000000000004,9388.577438354492,3007,3007,3007,3007,3007,3007,3007,3007,3007,3007,3007,3007,4690,4691,3007,3007,3007,4690,3007,3007,3007,3007,3007,4690,94.73684692382813,25,0,0,5.263157844543457,10,12.5,26.3157901763916,18.75,52.38095474243164,0,0,25,0,0,0,0,10.526315689086914,5.555555820465088,100,0,0,0,0,66481098752,12884893696,1633931264,0
99,1780596585050,57203.36688232422,4700,1,0.30000000000000004,6933.636535644531,4700,1,0.30000000000000004,6796.412796020508,4700,1,0.30000000000000004,12015.155700683594,4700,1,0.30000000000000004,45524.954360961914,4700,1,0.30000000000000004,37685.296936035156,4700,1,0.30000000000000004,46901.918701171875,4700,1,0.30000000000000004,29340.842391967773,4700,1,0.30000000000000004,7270.59260559082,4700,1,0.30000000000000004,7159.789520263672,4700,1,0.30000000000000004,6750.85595703125,4700,1,0.30000000000000004,6968.63932800293,4700,1,0.30000000000000004,9394.413604736328,3007,3007,3007,3007,3007,3007,3007,3007,3007,3007,3007,3007,4690,4691,3007,3007,3007,4690,3007,3007,3007,3007,3007,4690,94.73684692382813,25,0,0,5.263157844543457,10,12.5,26.3157901763916,18.75,52.38095474243164,0,0,25,0,0,0,0,10.526315689086914,5.555555820465088,100,0,0,0,0,66481098752,12884893696,1631703040,0
99,1780596585150,57203.9958190918,4700,1,0.30000000000000004,6933.639617919922,4700,1,0.30000000000000004,6796.415954589844,4700,1,0.30000000000000004,12015.457901000977,4700,1,0.30000000000000004,45525.38903808594,4700,1,0.30000000000000004,37685.56173706055,4700,1,0.30000000000000004,46902.38249206543,4700,1,0.30000000000000004,29341.528106689453,4700,1,0.30000000000000004,7270.595794677734,4700,1,0.30000000000000004,7159.7926025390625,4700,1,0.30000000000000004,6750.8590087890625,4700,1,0.30000000000000004,6968.64241027832,4700,1,0.30000000000000004,9400.226135253906,3007,3007,3007,3007,3007,3007,3007,3007,3007,3007,3007,3007,4690,4691,3007,3007,3007,4690,3007,3007,3007,3007,3007,4690,89.47368621826172,0,0,0,33.333335876464844,22.22222328186035,25,15.789472579956055,16.666667938232422,44.4444465637207,0,0,15.000000953674316,0,0,0,0,5,27.77777862548828,100,0,0,0,0,66481098752,12884893696,1631956992,0
99,1780596585250,57204.60496520996,4700,1,0.3062499999999999,6933.642776489258,4700,1,0.3062499999999999,6796.419158935547,4700,1,0.3062499999999999,12015.831527709961,4700,1,0.3062499999999999,45525.68362426758,4700,1,0.3062499999999999,37685.94857788086,4700,1,0.3062499999999999,46902.83972167969,4700,1,0.3062499999999999,29342.221771240234,4700,1,0.3062499999999999,7270.599517822266,4700,1,0.3062499999999999,7159.795684814453,4700,1,0.3062499999999999,6750.8621826171875,4700,1,0.3062499999999999,6968.645538330078,4700,1,0.3062499999999999,9405.977127075195,3007,3007,3007,3007,3007,3007,3007,3007,3007,3007,3007,3007,4690,4691,3007,3007,3007,4690,3007,3007,3007,3007,3007,4690,89.47368621826172,0,0,0,33.333335876464844,22.22222328186035,25,15.789472579956055,16.666667938232422,44.4444465637207,0,0,15.000000953674316,0,0,0,0,5,27.77777862548828,100,0,0,0,0,66481098752,12884893696,1628135424,0
99,1780596585350,57205.213287353516,4700,1,0.3062499999999999,6933.645858764648,4700,1,0.3062499999999999,6796.422286987305,4700,1,0.3062499999999999,12016.19108581543,4700,1,0.3062499999999999,45526.107421875,4700,1,0.3062499999999999,37686.317321777344,4700,1,0.3062499999999999,46903.23762512207,4700,1,0.3062499999999999,29342.90737915039,4700,1,0.3062499999999999,7270.602630615234,4700,1,0.3062499999999999,7159.798812866211,4700,1,0.3062499999999999,6750.865310668945,4700,1,0.3062499999999999,6968.648620605469,4700,1,0.3062499999999999,9411.724075317383,3007,3007,3007,3007,3007,3007,3007,3007,3007,3007,3007,3007,4690,4691,3007,3007,3007,4690,3007,3007,3007,3007,3007,4690,94.11764526367188,21.052631378173828,0,0,11.111111640930176,10.526315689086914,5.555555820465088,22.22222328186035,30.000001907348633,43.75,0,0,11.764705657958984,0,0,0,0,0,5.882352828979492,100,0,0,0,0,66481098752,12884893696,1631956992,0
99,1780596585450,57205.804626464844,4700,1,0.3062499999999999,6933.648971557617,4700,1,0.3062499999999999,6796.425369262695,4700,1,0.3062499999999999,12016.48892211914,4700,1,0.3062499999999999,45526.53764343262,4700,1,0.3062499999999999,37686.71502685547,4700,1,0.3062499999999999,46903.60581970215,4700,1,0.3062499999999999,29343.5987701416,4700,1,0.3062499999999999,7270.605712890625,4700,1,0.3062499999999999,7159.801895141602,4700,1,0.3062499999999999,6750.868392944336,4700,1,0.3062499999999999,6968.6517333984375,4700,1,0.3062499999999999,9417.491500854492,3007,3007,3007,3007,3007,3007,3007,3007,3007,3007,3007,3007,4690,4691,3007,3007,3007,4690,3007,3007,3007,3007,3007,4690,94.11764526367188,21.052631378173828,0,0,11.111111640930176,10.526315689086914,5.555555820465088,22.22222328186035,30.000001907348633,43.75,0,0,11.764705657958984,0,0,0,0,0,5.882352828979492,100,0,0,0,0,66481098752,12884893696,1630089216,0
99,1780596585550,57206.422286987305,4700,1,0.3062499999999999,6933.652130126953,4700,1,0.3062499999999999,6796.428512573242,4700,1,0.3062499999999999,12016.796600341797,4700,1,0.3062499999999999,45526.972091674805,4700,1,0.3062499999999999,37687.019439697266,4700,1,0.3062499999999999,46903.98977661133,4700,1,0.3062499999999999,29344.29133605957,4700,1,0.3062499999999999,7270.608917236328,4700,1,0.3062499999999999,7159.804977416992,4700,1,0.3062499999999999,6750.871505737305,4700,1,0.3062499999999999,6968.654876708984,4700,1,0.3062499999999999,9423.258026123047,3007,3007,3007,3007,3007,3007,3007,3007,3007,3007,3007,3007,4690,4691,3007,3007,3007,4690,3007,3007,3007,3007,3007,4690,95,15.789472579956055,0,0,21.052631378173828,14.285715103149414,22.22222328186035,30.000001907348633,33.333335876464844,44.4444465637207,0,0,21.052631378173828,0,0,0,0,5,5,100,0,0,0,0,66481098752,12884893696,1630793728,0
99,1780596585650,57207.00973510742,4700,1,0.30000000000000004,6933.655212402344,4700,1,0.3062499999999999,6796.431594848633,4700,1,0.3062499999999999,12017.11051940918,4700,1,0.30000000000000004,45527.37760925293,4700,1,0.30000000000000004,37687.39717102051,4700,1,0.30000000000000004,46904.37661743164,4700,1,0.30000000000000004,29344.988189697266,4700,1,0.30000000000000004,7270.611999511719,4700,1,0.30000000000000004,7159.808059692383,4700,1,0.30000000000000004,6750.874588012695,4700,1,0.30000000000000004,6968.658065795898,4700,1,0.3062499999999999,9429.011734008789,3007,3007,3007,3007,3007,3007,3007,3007,3007,3007,3007,3007,4690,4691,3007,3007,3007,4690,3007,3007,3007,3007,3007,4690,95,15.789472579956055,0,0,21.052631378173828,14.285715103149414,22.22222328186035,30.000001907348633,33.333335876464844,44.4444465637207,0,0,21.052631378173828,0,0,0,0,5,5,100,0,0,0,0,66481098752,12884893696,1626673152,0
99,1780596585750,57207.54035949707,4700,1,0.3062499999999999,6933.65837097168,4700,1,0.3062499999999999,6796.434677124023,4700,1,0.3062499999999999,12017.442260742188,4700,1,0.3062499999999999,45527.736404418945,4700,1,0.3062499999999999,37687.840408325195,4700,1,0.3062499999999999,46904.7977142334,4700,1,0.3062499999999999,29345.682861328125,4700,1,0.3062499999999999,7270.615264892578,4700,1,0.3062499999999999,7159.811141967773,4700,1,0.3062499999999999,6750.877670288086,4700,1,0.3062499999999999,6968.661224365234,4700,1,0.3062499999999999,9434.769775390625,3007,3007,3007,3007,3007,3007,3007,3007,3007,3007,3007,3007,4690,4691,3007,3007,3007,4690,3007,3007,3007,3007,3007,4690,89.47368621826172,27.77777862548828,0,0,0,0,14.285715103149414,21.052631378173828,23.52941131591797,50,0,0,31.57894515991211,0,0,0,0,21.052631378173828,5.263157844543457,100,0,0,0,0,66481098752,12884893696,1626656768,0
99,1780596585850,57208.080169677734,4700,1,0.3062499999999999,6933.661483764648,4700,1,0.3062499999999999,6796.437789916992,4700,1,0.3062499999999999,12017.742202758789,4700,1,0.3062499999999999,45528.13723754883,4700,1,0.3062499999999999,37688.29719543457,4700,1,0.3062499999999999,46905.15168762207,4700,1,0.3062499999999999,29346.375701904297,4700,1,0.3062499999999999,7270.618316650391,4700,1,0.3062499999999999,7159.814193725586,4700,1,0.3062499999999999,6750.880722045898,4700,1,0.3062499999999999,6968.664276123047,4700,1,0.3062499999999999,9440.509704589844,3007,3007,3007,3007,3007,3007,3007,3007,3007,3007,3007,3007,4690,4691,3007,3007,3007,4690,3007,3007,3007,3007,3007,4690,89.47368621826172,27.77777862548828,0,0,0,0,14.285715103149414,21.052631378173828,23.52941131591797,50,0,0,31.57894515991211,0,0,0,0,21.052631378173828,5.263157844543457,100,0,0,0,0,66481098752,12884893696,1627566080,0
99,1780596585950,57208.66096496582,4700,1,0.30000000000000004,6933.664566040039,4700,1,0.30000000000000004,6796.440948486328,4700,1,0.30000000000000004,12017.973052978516,4700,1,0.30000000000000004,45528.57536315918,4700,1,0.30000000000000004,37688.667709350586,4700,1,0.30000000000000004,46905.556579589844,4700,1,0.30000000000000004,29347.080780029297,4700,1,0.30000000000000004,7270.6214599609375,4700,1,0.30000000000000004,7159.817276000977,4700,1,0.30000000000000004,6750.883834838867,4700,1,0.30000000000000004,6968.6673583984375,4700,1,0.30000000000000004,9446.224044799805,3007,3007,3007,3007,3007,3007,3007,3007,3007,3007,3007,3007,4690,4691,3007,3007,3007,4690,3007,3007,3007,3007,3007,4690,88.8888931274414,10.526315689086914,0,0,13.636363983154297,9.523809432983398,12.5,38.095237731933594,22.22222328186035,52.6315803527832,0,0,21.052631378173828,0,0,0,0,15.789472579956055,5.263157844543457,100,0,0,0,0,66481098752,12884893696,1627119616,0
99,1780596586050,57209.23181152344,4700,1,0.3062499999999999,6933.667709350586,4700,1,0.3062499999999999,6796.444030761719,4700,1,0.3062499999999999,12018.248474121094,4700,1,0.3062499999999999,45529.02737426758,4700,1,0.3062499999999999,37689.06700134277,4700,1,0.3062499999999999,46905.98139953613,4700,1,0.3062499999999999,29347.77912902832,4700,1,0.3062499999999999,7270.624542236328,4700,1,0.3062499999999999,7159.820358276367,4700,1,0.3062499999999999,6750.886917114258,4700,1,0.3062499999999999,6968.670562744141,4700,1,0.3062499999999999,9452.028671264648,3007,3007,3007,3007,3007,3007,3007,3007,3007,3007,3007,3007,4690,4691,3007,3007,3007,4690,3007,3007,3007,3007,3007,4690,88.8888931274414,10.526315689086914,0,0,13.636363983154297,9.523809432983398,12.5,38.095237731933594,22.22222328186035,52.6315803527832,0,0,21.052631378173828,0,0,0,0,15.789472579956055,5.263157844543457,100,0,0,0,0,66481098752,12884893696,1633021952,0
99,1780596586150,57209.831634521484,4700,1,0.3062499999999999,6933.670791625977,4700,1,0.3062499999999999,6796.447113037109,4700,1,0.3062499999999999,12018.507675170898,4700,1,0.3062499999999999,45529.39764404297,4700,1,0.3062499999999999,37689.516357421875,4700,1,0.3062499999999999,46906.425064086914,4700,1,0.3062499999999999,29348.470413208008,4700,1,0.3062499999999999,7270.627716064453,4700,1,0.3062499999999999,7159.823440551758,4700,1,0.3062499999999999,6750.889999389648,4700,1,0.3062499999999999,6968.673645019531,4700,1,0.3062499999999999,9457.858444213867,3007,3007,3007,3007,3007,3007,3007,3007,3007,3007,3007,3007,4690,4691,3007,3007,3007,4690,3007,3007,3007,3007,3007,4690,89.47368621826172,0,0,0,10.526315689086914,5.555555820465088,15.789472579956055,22.22222328186035,28.571430206298828,47.05882263183594,0,0,21.052631378173828,0,0,0,0,21.052631378173828,31.57894515991211,100,0,0,0,0,66481098752,12884893696,1631535104,0
99,1780596586250,57210.43522644043,4700,1,0.3062499999999999,6933.6739501953125,4700,1,0.3062499999999999,6796.45036315918,4700,1,0.3062499999999999,12018.744110107422,4700,1,0.3062499999999999,45529.83549499512,4700,1,0.3062499999999999,37689.84851074219,4700,1,0.3062499999999999,46906.83154296875,4700,1,0.3062499999999999,29349.166259765625,4700,1,0.3062499999999999,7270.631057739258,4700,1,0.3062499999999999,7159.826522827148,4700,1,0.3062499999999999,6750.893142700195,4700,1,0.3062499999999999,6968.676803588867,4700,1,0.3062499999999999,9463.60661315918,3007,3007,3007,3007,3007,3007,3007,3007,3007,3007,3007,3007,4690,4691,3007,3007,3007,4690,3007,3007,3007,3007,3007,4690,89.47368621826172,0,0,0,10.526315689086914,5.555555820465088,15.789472579956055,22.22222328186035,28.571430206298828,47.05882263183594,0,0,21.052631378173828,0,0,0,0,21.052631378173828,31.57894515991211,100,0,0,0,0,66481098752,12884893696,1630564352,0
99,1780596586350,57211.05924987793,4700,1,0.3062499999999999,6933.677032470703,4700,1,0.3062499999999999,6796.453536987305,4700,1,0.3062499999999999,12019.04426574707,4700,1,0.3062499999999999,45530.19514465332,4700,1,0.3062499999999999,37690.28675842285,4700,1,0.3062499999999999,46907.18843078613,4700,1,0.3062499999999999,29349.864624023438,4700,1,0.3062499999999999,7270.634292602539,4700,1,0.3062499999999999,7159.829605102539,4700,1,0.3062499999999999,6750.896224975586,4700,1,0.3062499999999999,6968.679885864258,4700,1,0.3062499999999999,9469.396270751953,3007,3007,3007,3007,3007,3007,3007,3007,3007,3007,3007,3007,4690,4691,3007,3007,3007,4690,3007,3007,3007,3007,3007,4690,94.11764526367188,10.526315689086914,0,0,25,15.000000953674316,15.789472579956055,21.052631378173828,35,50,0,0,30.000001907348633,0,0,0,0,15.000000953674316,5,100,0,0,0,0,66481098752,12884893696,1627566080,0
99,1780596586450,57211.69674682617,4700,1,0.3062499999999999,6933.680114746094,4700,1,0.3062499999999999,6796.456619262695,4700,1,0.3062499999999999,12019.352127075195,4700,1,0.3062499999999999,45530.57452392578,4700,1,0.3062499999999999,37690.67979431152,4700,1,0.3062499999999999,46907.53060913086,4700,1,0.3062499999999999,29350.55894470215,4700,1,0.3062499999999999,7270.63737487793,4700,1,0.3062499999999999,7159.83268737793,4700,1,0.3062499999999999,6750.899307250977,4700,1,0.3062499999999999,6968.682968139648,4700,1,0.3062499999999999,9475.178680419922,3007,3007,3007,3007,3007,3007,3007,3007,3007,3007,3007,3007,4690,4691,3007,3007,3007,4690,3007,3007,3007,3007,3007,4690,94.11764526367188,10.526315689086914,0,0,25,15.000000953674316,15.789472579956055,21.052631378173828,35,50,0,0,30.000001907348633,0,0,0,0,15.000000953674316,5,100,0,0,0,0,66481098752,12884893696,1624899584,0
99,1780596586550,57212.28396606445,4700,1,0.3062499999999999,6933.683364868164,4700,1,0.3062499999999999,6796.45979309082,4700,1,0.3062499999999999,12019.76870727539,4700,1,0.3062499999999999,45530.92973327637,4700,1,0.3062499999999999,37691.07092285156,4700,1,0.3062499999999999,46907.91375732422,4700,1,0.3062499999999999,29351.24575805664,4700,1,0.3062499999999999,7270.642547607422,4700,1,0.3062499999999999,7159.835845947266,4700,1,0.3062499999999999,6750.902450561523,4700,1,0.3062499999999999,6968.68620300293,4700,1,0.3062499999999999,9480.951675415039,3007,3007,3007,3007,3007,3007,3007,3007,3007,3007,3007,3007,4690,4691,3007,3007,3007,4690,3007,3007,3007,3007,3007,4690,89.47368621826172,20,0,0,21.052631378173828,5.555555820465088,20,21.052631378173828,28.571430206298828,47.05882263183594,0,0,11.764705657958984,0,0,0,0,15.789472579956055,10.526315689086914,100,0,0,0,0,66481098752,12884893696,1631887360,0
99,1780596586650,57212.84471130371,4700,1,0.3062499999999999,6933.686416625977,4700,1,0.3062499999999999,6796.462844848633,4700,1,0.3062499999999999,12020.012329101563,4700,1,0.3062499999999999,45531.366775512695,4700,1,0.3062499999999999,37691.50372314453,4700,1,0.3062499999999999,46908.36100769043,4700,1,0.3062499999999999,29351.940628051758,4700,1,0.3062499999999999,7270.6456298828125,4700,1,0.3062499999999999,7159.838928222656,4700,1,0.3062499999999999,6750.905532836914,4700,1,0.3062499999999999,6968.689254760742,4700,1,0.3062499999999999,9486.71078491211,3007,3007,3007,3007,3007,3007,3007,3007,3007,3007,3007,3007,4690,4691,3007,3007,3007,4690,3007,3007,3007,3007,3007,4690,89.47368621826172,20,0,0,21.052631378173828,5.555555820465088,20,21.052631378173828,28.571430206298828,47.05882263183594,0,0,11.764705657958984,0,0,0,0,15.789472579956055,10.526315689086914,100,0,0,0,0,66481098752,12884893696,1630429184,0
99,1780596586751,57213.403411865234,4700,1,0.3062499999999999,6933.6895751953125,4700,1,0.3062499999999999,6796.46598815918,4700,1,0.3062499999999999,12020.349349975586,4700,1,0.3062499999999999,45531.78706359863,4700,1,0.3062499999999999,37691.90577697754,4700,1,0.3062499999999999,46908.78143310547,4700,1,0.3062499999999999,29352.639358520508,4700,1,0.3062499999999999,7270.648834228516,4700,1,0.3062499999999999,7159.842010498047,4700,1,0.3062499999999999,6750.908615112305,4700,1,0.3062499999999999,6968.692474365234,4700,1,0.3062499999999999,9492.486862182617,3007,3007,3007,3007,3007,3007,3007,3007,3007,3007,3007,3007,4690,4691,3007,3007,3007,4690,3007,3007,3007,3007,3007,4690,90,5.263157844543457,0,0,0,20,21.052631378173828,5.555555820465088,25,41.17647171020508,0,0,11.111111640930176,0,0,0,0,31.57894515991211,26.3157901763916,100,0,0,0,0,66481098752,12884893696,1629491200,0
99,1780596586851,57213.97026062012,4700,1,0.3062499999999999,6933.692657470703,4700,1,0.3062499999999999,6796.46907043457,4700,1,0.3062499999999999,12020.665817260742,4700,1,0.3062499999999999,45532.24417114258,4700,1,0.3062499999999999,37692.27619934082,4700,1,0.3062499999999999,46909.25894165039,4700,1,0.3062499999999999,29353.326080322266,4700,1,0.3062499999999999,7270.652130126953,4700,1,0.3062499999999999,7159.8450927734375,4700,1,0.3062499999999999,6750.911697387695,4700,1,0.3062499999999999,6968.695556640625,4700,1,0.3062499999999999,9498.326461791992,3007,3007,3007,3007,3007,3007,3007,3007,3007,3007,3007,3007,4690,4691,3007,3007,3007,4690,3007,3007,3007,3007,3007,4690,90,5.263157844543457,0,0,0,20,21.052631378173828,5.555555820465088,25,41.17647171020508,0,0,11.111111640930176,0,0,0,0,31.57894515991211,26.3157901763916,100,0,0,0,0,66481098752,12884893696,1626521600,0
99,1780596586951,57214.5588684082,4700,1,0.3062499999999999,6933.695739746094,4700,1,0.3062499999999999,6796.472152709961,4700,1,0.3062499999999999,12021.019393920898,4700,1,0.3062499999999999,45532.71258544922,4700,1,0.3062499999999999,37692.663986206055,4700,1,0.3062499999999999,46909.60585021973,4700,1,0.3062499999999999,29354.014129638672,4700,1,0.3062499999999999,7270.655502319336,4700,1,0.3062499999999999,7159.848175048828,4700,1,0.3062499999999999,6750.914779663086,4700,1,0.3062499999999999,6968.698638916016,4700,1,0.3062499999999999,9504.085433959961,3007,3007,3007,3007,3007,3007,3007,3007,3007,3007,3007,3007,4690,4691,3007,3007,3007,4690,3007,3007,3007,3007,3007,4690,94.11764526367188,15.789472579956055,0,0,10,10.526315689086914,35,5,15.789472579956055,47.05882263183594,0,0,25,0,0,0,0,17.647058486938477,21.052631378173828,100,0,0,0,0,66481098752,12884893696,1633681408,0
99,1780596587051,57215.167541503906,4700,1,0.3062499999999999,6933.69889831543,4700,1,0.3062499999999999,6796.475234985352,4700,1,0.3062499999999999,12021.221435546875,4700,1,0.3062499999999999,45533.137451171875,4700,1,0.3062499999999999,37693.05326843262,4700,1,0.3062499999999999,46910.06301879883,4700,1,0.3062499999999999,29354.713973999023,4700,1,0.3062499999999999,7270.658584594727,4700,1,0.3062499999999999,7159.851257324219,4700,1,0.3062499999999999,6750.917861938477,4700,1,0.3062499999999999,6968.701797485352,4700,1,0.3062499999999999,9509.824356079102,3007,3007,3007,3007,3007,3007,3007,3007,3007,3007,3007,3007,4690,4691,3007,3007,3007,4690,3007,3007,3007,3007,3007,4690,94.11764526367188,15.789472579956055,0,0,10,10.526315689086914,35,5,15.789472579956055,47.05882263183594,0,0,25,0,0,0,0,17.647058486938477,21.052631378173828,100,0,0,0,0,66481098752,12884893696,1629859840,0
99,1780596587151,57215.73077392578,4700,1,0.3062499999999999,6933.70198059082,4700,1,0.3062499999999999,6796.478424072266,4700,1,0.3062499999999999,12021.442184448242,4700,1,0.3062499999999999,45533.55653381348,4700,1,0.3062499999999999,37693.40370178223,4700,1,0.3062499999999999,46910.51672363281,4700,1,0.3062499999999999,29355.412567138672,4700,1,0.3062499999999999,7270.661865234375,4700,1,0.3062499999999999,7159.854339599609,4700,1,0.3062499999999999,6750.920944213867,4700,1,0.3062499999999999,6968.712753295898,4700,1,0.3062499999999999,9515.535202026367,3007,3007,3007,3007,3007,3007,3007,3007,3007,3007,3007,3007,4690,4691,3007,3007,3007,4690,3007,3007,3007,3007,3007,4690,89.47368621826172,5,0,0,15.789472579956055,10,27.77777862548828,5.263157844543457,17.647058486938477,57.142860412597656,0,0,10.526315689086914,0,0,0,0,26.3157901763916,23.52941131591797,100,0,0,0,0,66481098752,12884893696,1629642752,0
99,1780596587251,57216.351486206055,4700,1,0.30000000000000004,6933.705139160156,4700,1,0.30000000000000004,6796.481643676758,4700,1,0.30000000000000004,12021.704727172852,4700,1,0.30000000000000004,45533.910903930664,4700,1,0.30000000000000004,37693.71864318848,4700,1,0.30000000000000004,46910.9600982666,4700,1,0.30000000000000004,29356.097686767578,4700,1,0.30000000000000004,7270.665145874023,4700,1,0.30000000000000004,7159.857421875,4700,1,0.30000000000000004,6750.924133300781,4700,1,0.30000000000000004,6968.715911865234,4700,1,0.30000000000000004,9521.236389160156,3007,3007,3007,3007,3007,3007,3007,3007,3007,3007,3007,3007,4690,4691,3007,3007,3007,4690,3007,3007,3007,3007,3007,4690,89.47368621826172,5,0,0,15.789472579956055,10,27.77777862548828,5.263157844543457,17.647058486938477,57.142860412597656,0,0,10.526315689086914,0,0,0,0,26.3157901763916,23.52941131591797,100,0,0,0,0,66481098752,12884893696,1627209728,0
99,1780596587351,57216.97573852539,4700,1,0.30000000000000004,6933.708190917969,4700,1,0.30000000000000004,6796.48469543457,4700,1,0.30000000000000004,12022.018783569336,4700,1,0.30000000000000004,45534.26382446289,4700,1,0.30000000000000004,37694.066955566406,4700,1,0.30000000000000004,46911.4079284668,4700,1,0.30000000000000004,29356.78500366211,4700,1,0.30000000000000004,7270.668518066406,4700,1,0.30000000000000004,7159.8604736328125,4700,1,0.30000000000000004,6750.927185058594,4700,1,0.30000000000000004,6968.718963623047,4700,1,0.30000000000000004,9526.982727050781,3007,3007,3007,3007,3007,3007,3007,3007,3007,3007,3007,3007,4690,4691,3007,3007,3007,4690,3007,3007,3007,3007,3007,4690,95.23809814453125,18.18181800842285,0,0,16.666667938232422,20,15.789472579956055,10.526315689086914,21.052631378173828,52.38095474243164,0,0,12.5,0,0,0,0,25,12.5,100,0,0,0,0,66481098752,12884893696,1633484800,0
99,1780596587451,57217.605712890625,4700,1,0.3062499999999999,6933.711273193359,4700,1,0.3062499999999999,6796.487762451172,4700,1,0.3062499999999999,12022.198715209961,4700,1,0.3062499999999999,45534.619720458984,4700,1,0.3062499999999999,37694.508209228516,4700,1,0.3062499999999999,46911.880142211914,4700,1,0.3062499999999999,29357.473754882813,4700,1,0.3062499999999999,7270.671600341797,4700,1,0.3062499999999999,7159.863555908203,4700,1,0.3062499999999999,6750.930267333984,4700,1,0.3062499999999999,6968.7220458984375,4700,1,0.3062499999999999,9532.713851928711,3007,3007,3007,3007,3007,3007,3007,3007,3007,3007,3007,3007,4690,4691,3007,3007,3007,4690,3007,3007,3007,3007,3007,4690,95.23809814453125,18.18181800842285,0,0,16.666667938232422,20,15.789472579956055,10.526315689086914,21.052631378173828,52.38095474243164,0,0,12.5,0,0,0,0,25,12.5,100,0,0,0,0,66481098752,12884893696,1631494144,0
99,1780596587551,57218.1823425293,4700,1,0.3062499999999999,6933.714569091797,4700,1,0.3062499999999999,6796.490936279297,4700,1,0.3062499999999999,12022.505249023438,4700,1,0.3062499999999999,45535.010513305664,4700,1,0.3062499999999999,37694.94723510742,4700,1,0.3062499999999999,46912.33053588867,4700,1,0.3062499999999999,29358.167999267578,4700,1,0.3062499999999999,7270.6748046875,4700,1,0.3062499999999999,7159.866638183594,4700,1,0.3062499999999999,6750.933380126953,4700,1,0.3062499999999999,6968.725204467773,4700,1,0.3062499999999999,9538.470474243164,3007,3007,3007,3007,3007,3007,3007,3007,3007,3007,3007,3007,4690,4691,3007,3007,3007,4690,3007,3007,3007,3007,3007,4690,89.47368621826172,0,0,0,15.789472579956055,5.263157844543457,15.000000953674316,21.052631378173828,31.57894515991211,47.05882263183594,0,0,10.526315689086914,0,0,0,0,23.52941131591797,26.3157901763916,100,0,0,0,0,66481098752,12884893696,1629466624,0
99,1780596587651,57218.73310852051,4700,1,0.3062499999999999,6933.7176513671875,4700,1,0.30000000000000004,6796.4940185546875,4700,1,0.30000000000000004,12022.803680419922,4700,1,0.3062499999999999,45535.451751708984,4700,1,0.3062499999999999,37695.411071777344,4700,1,0.30000000000000004,46912.73452758789,4700,1,0.30000000000000004,29358.847915649414,4700,1,0.30000000000000004,7270.678039550781,4700,1,0.30000000000000004,7159.869720458984,4700,1,0.30000000000000004,6750.936462402344,4700,1,0.30000000000000004,6968.733352661133,4700,1,0.30000000000000004,9544.281478881836,3007,3007,3007,3007,3007,3007,3007,3007,3007,3007,3007,3007,4690,4691,3007,3007,3007,4690,3007,3007,3007,3007,3007,4690,89.47368621826172,0,0,0,15.789472579956055,5.263157844543457,15.000000953674316,21.052631378173828,31.57894515991211,47.05882263183594,0,0,10.526315689086914,0,0,0,0,23.52941131591797,26.3157901763916,100,0,0,0,0,66481098752,12884893696,1625915392,0
99,1780596587751,57219.28692626953,4700,1,0.3062499999999999,6933.720794677734,4700,1,0.3062499999999999,6796.497100830078,4700,1,0.3062499999999999,12023.118682861328,4700,1,0.3062499999999999,45535.895111083984,4700,1,0.3062499999999999,37695.87545776367,4700,1,0.3062499999999999,46913.179595947266,4700,1,0.3062499999999999,29359.478973388672,4700,1,0.3062499999999999,7270.703414916992,4700,1,0.3062499999999999,7159.893325805664,4700,1,0.3062499999999999,6750.93962097168,4700,1,0.3062499999999999,6968.736587524414,4700,1,0.3062499999999999,9550.185272216797,3007,3007,3007,3007,3007,3007,3007,3007,3007,3007,3007,3007,4690,4691,3007,3007,3007,4690,3007,3007,3007,3007,3007,4690,94.73684692382813,0,0,0,5,20,26.3157901763916,31.57894515991211,36.842105865478516,29.411766052246094,0,0,22.22222328186035,0,0,0,0,22.22222328186035,14.285715103149414,100,0,0,0,0,66481098752,12884893696,1632223232,0
99,1780596587851,57219.84199523926,4700,1,0.30000000000000004,6933.723876953125,4700,1,0.3062499999999999,6796.500213623047,4700,1,0.3062499999999999,12023.253005981445,4700,1,0.30000000000000004,45536.30529785156,4700,1,0.30000000000000004,37696.31010437012,4700,1,0.30000000000000004,46913.67404174805,4700,1,0.3062499999999999,29360.17349243164,4700,1,0.3062499999999999,7270.708709716797,4700,1,0.3062499999999999,7159.896408081055,4700,1,0.3062499999999999,6750.94270324707,4700,1,0.3062499999999999,6968.739669799805,4700,1,0.3062499999999999,9555.880599975586,3007,3007,3007,3007,3007,3007,3007,3007,3007,3007,3007,3007,4690,4691,3007,3007,3007,4690,3007,3007,3007,3007,3007,4690,94.73684692382813,0,0,0,5,20,26.3157901763916,31.57894515991211,36.842105865478516,29.411766052246094,0,0,22.22222328186035,0,0,0,0,22.22222328186035,14.285715103149414,100,0,0,0,0,66481098752,12884893696,1632694272,0
99,1780596587951,57220.38162231445,4700,1,0.3062499999999999,6933.726959228516,4700,1,0.3062499999999999,6796.503341674805,4700,1,0.3062499999999999,12023.321105957031,4700,1,0.3062499999999999,45536.75759887695,4700,1,0.3062499999999999,37696.78353881836,4700,1,0.3062499999999999,46914.12110900879,4700,1,0.3062499999999999,29360.868377685547,4700,1,0.3062499999999999,7270.711822509766,4700,1,0.3062499999999999,7159.899490356445,4700,1,0.3062499999999999,6750.945816040039,4700,1,0.3062499999999999,6968.742752075195,4700,1,0.3062499999999999,9561.59944152832,3007,3007,3007,3007,3007,3007,3007,3007,3007,3007,3007,3007,4690,4691,3007,3007,3007,4690,3007,3007,3007,3007,3007,4690,89.47368621826172,0,0,0,5,0,22.22222328186035,28.571430206298828,22.22222328186035,50,0,0,30.000001907348633,0,0,0,0,30.000001907348633,31.57894515991211,100,0,0,0,0,66481098752,12884893696,1631096832,0
99,1780596588051,57220.91493225098,4700,1,0.30000000000000004,6933.730117797852,4700,1,0.30000000000000004,6796.506423950195,4700,1,0.30000000000000004,12023.341079711914,4700,1,0.30000000000000004,45537.23588562012,4700,1,0.30000000000000004,37697.197036743164,4700,1,0.30000000000000004,46914.59129333496,4700,1,0.30000000000000004,29361.553909301758,4700,1,0.30000000000000004,7270.714904785156,4700,1,0.30000000000000004,7159.902572631836,4700,1,0.30000000000000004,6750.94889831543,4700,1,0.30000000000000004,6968.745895385742,4700,1,0.30000000000000004,9567.322814941406,3007,3007,3007,3007,3007,3007,3007,3007,3007,3007,3007,3007,4690,4691,3007,3007,3007,4690,3007,3007,3007,3007,3007,4690,89.47368621826172,0,0,0,5,0,22.22222328186035,28.571430206298828,22.22222328186035,50,0,0,30.000001907348633,0,0,0,0,30.000001907348633,31.57894515991211,100,0,0,0,0,66481098752,12884893696,1626689536,0
99,1780596588151,57221.45391845703,4700,1,0.30000000000000004,6933.733200073242,4700,1,0.30000000000000004,6796.509506225586,4700,1,0.30000000000000004,12023.51789855957,4700,1,0.30000000000000004,45537.6436920166,4700,1,0.30000000000000004,37697.65249633789,4700,1,0.30000000000000004,46915.08235168457,4700,1,0.30000000000000004,29362.24575805664,4700,1,0.30000000000000004,7270.717956542969,4700,1,0.30000000000000004,7159.905624389648,4700,1,0.30000000000000004,6750.951950073242,4700,1,0.30000000000000004,6968.748977661133,4700,1,0.30000000000000004,9573.125747680664,3007,3007,3007,3007,3007,3007,3007,3007,3007,3007,3007,3007,4690,4691,3007,3007,3007,4690,3007,3007,3007,3007,3007,4690,89.47368621826172,0,0,0,4.761904716491699,0,30.000001907348633,17.647058486938477,26.3157901763916,47.05882263183594,0,0,25,0,0,0,0,26.3157901763916,35,100,0,0,0,0,66481098752,12884893696,1627496448,0
99,1780596588251,57222.05799865723,4700,1,0.3062499999999999,6933.762420654297,4700,1,0.3062499999999999,6796.517425537109,4700,1,0.3062499999999999,12023.852142333984,4700,1,0.3062499999999999,45537.98944091797,4700,1,0.3062499999999999,37698.04917907715,4700,1,0.3062499999999999,46915.40855407715,4700,1,0.3062499999999999,29362.84587097168,4700,1,0.3062499999999999,7270.769836425781,4700,1,0.3062499999999999,7159.931579589844,4700,1,0.3062499999999999,6750.973922729492,4700,1,0.3062499999999999,6968.795608520508,4700,1,0.3062499999999999,9578.756072998047,3007,3007,3007,3007,3007,3007,3007,3007,3007,3007,3007,3007,4690,4691,3007,3007,3007,4690,3007,3007,3007,3007,3007,4690,89.47368621826172,0,0,0,4.761904716491699,0,30.000001907348633,17.647058486938477,26.3157901763916,47.05882263183594,0,0,25,0,0,0,0,26.3157901763916,35,100,0,0,0,0,66481098752,12884893696,1637683200,0
99,1780596588351,57222.604919433594,4700,1,0.30000000000000004,6933.774963378906,4700,1,0.30000000000000004,6796.5240478515625,4700,1,0.30000000000000004,12024.212463378906,4700,1,0.30000000000000004,45538.42755126953,4700,1,0.30000000000000004,37698.46435546875,4700,1,0.30000000000000004,46915.751724243164,4700,1,0.30000000000000004,29363.535400390625,4700,1,0.30000000000000004,7270.77458190918,4700,1,0.30000000000000004,7159.942138671875,4700,1,0.30000000000000004,6750.977996826172,4700,1,0.30000000000000004,6968.807922363281,4700,1,0.30000000000000004,9584.467315673828,3007,3007,3007,3007,3007,3007,3007,3007,3007,3007,3007,3007,4690,4691,3007,3007,3007,4690,3007,3007,3007,3007,3007,4690,94.44444274902344,5.263157844543457,0,0,10.526315689086914,22.22222328186035,6.25,11.764705657958984,20,42.105262756347656,0,0,16.666667938232422,0,0,0,0,16.666667938232422,11.111111640930176,94.73684692382813,5,0,0,0,66481098752,12884893696,1635389440,0
99,1780596588451,57223.13816833496,4700,1,0.30000000000000004,6933.778045654297,4700,1,0.3062499999999999,6796.527130126953,4700,1,0.3062499999999999,12024.444137573242,4700,1,0.30000000000000004,45538.872146606445,4700,1,0.30000000000000004,37698.89247131348,4700,1,0.30000000000000004,46916.131118774414,4700,1,0.30000000000000004,29364.2391204834,4700,1,0.3062499999999999,7270.777694702148,4700,1,0.3062499999999999,7159.945220947266,4700,1,0.3062499999999999,6750.9810791015625,4700,1,0.3062499999999999,6968.811004638672,4700,1,0.3062499999999999,9590.170120239258,3007,3007,3007,3007,3007,3007,3007,3007,3007,3007,3007,3007,4690,4691,3007,3007,3007,4690,3007,3007,3007,3007,3007,4690,94.44444274902344,5.263157844543457,0,0,10.526315689086914,22.22222328186035,6.25,11.764705657958984,20,42.105262756347656,0,0,16.666667938232422,0,0,0,0,16.666667938232422,11.111111640930176,94.73684692382813,5,0,0,0,66481098752,12884893696,1639645184,0
99,1780596588551,57223.70919799805,4700,1,0.30000000000000004,6933.781204223633,4700,1,0.3062499999999999,6796.5302734375,4700,1,0.3062499999999999,12024.576416015625,4700,1,0.30000000000000004,45539.329666137695,4700,1,0.30000000000000004,37699.347915649414,4700,1,0.30000000000000004,46916.53135681152,4700,1,0.30000000000000004,29364.935638427734,4700,1,0.30000000000000004,7270.780776977539,4700,1,0.30000000000000004,7159.948303222656,4700,1,0.30000000000000004,6750.984161376953,4700,1,0.30000000000000004,6968.8140869140625,4700,1,0.30000000000000004,9595.941711425781,3007,3007,3007,3007,3007,3007,3007,3007,3007,3007,3007,3007,4690,4691,3007,3007,3007,4690,3007,3007,3007,3007,3007,4690,89.47368621826172,0,0,0,10,10.526315689086914,26.3157901763916,33.333335876464844,21.052631378173828,43.75,0,0,17.647058486938477,0,0,0,0,15.789472579956055,10.526315689086914,100,0,0,0,0,66481098752,12884893696,1638064128,0
99,1780596588652,57224.33923339844,4700,1,0.3062499999999999,6933.791442871094,4700,1,0.3062499999999999,6796.539810180664,4700,1,0.3062499999999999,12024.876739501953,4700,1,0.3062499999999999,45539.79998779297,4700,1,0.3062499999999999,37699.761627197266,4700,1,0.3062499999999999,46916.864196777344,4700,1,0.3062499999999999,29365.614822387695,4700,1,0.3062499999999999,7270.783920288086,4700,1,0.3062499999999999,7159.951354980469,4700,1,0.3062499999999999,6750.994781494141,4700,1,0.3062499999999999,6968.828109741211,4700,1,0.3062499999999999,9601.856536865234,3007,3007,3007,3007,3007,3007,3007,3007,3007,3007,3007,3007,4690,4691,3007,3007,3007,4690,3007,3007,3007,3007,3007,4690,89.47368621826172,0,0,0,10,10.526315689086914,26.3157901763916,33.333335876464844,21.052631378173828,43.75,0,0,17.647058486938477,0,0,0,0,15.789472579956055,10.526315689086914,100,0,0,0,0,66481098752,12884893696,1646039040,0
99,1780596588752,57224.951599121094,4700,1,0.3062499999999999,6933.794692993164,4700,1,0.3062499999999999,6796.542984008789,4700,1,0.3062499999999999,12025.289352416992,4700,1,0.3062499999999999,45540.22944641113,4700,1,0.3062499999999999,37700.11233520508,4700,1,0.3062499999999999,46917.32913208008,4700,1,0.3062499999999999,29366.270294189453,4700,1,0.3062499999999999,7270.787094116211,4700,1,0.3062499999999999,7159.9544677734375,4700,1,0.3062499999999999,6750.997894287109,4700,1,0.3062499999999999,6968.83122253418,4700,1,0.3062499999999999,9607.748321533203,3007,3007,3007,3007,3007,3007,3007,3007,3007,3007,3007,3007,4690,4691,3007,3007,3007,4690,3007,3007,3007,3007,3007,4690,94.73684692382813,11.111111640930176,0,0,21.052631378173828,20,26.3157901763916,11.764705657958984,15.789472579956055,36.842105865478516,0,0,38.095237731933594,0,0,0,0,16.666667938232422,31.81818199157715,100,0,0,0,0,66481098752,12884893696,1644736512,0
99,1780596588852,57225.55911254883,4700,1,0.3062499999999999,6933.797744750977,4700,1,0.3062499999999999,6796.546035766602,4700,1,0.3062499999999999,12025.66177368164,4700,1,0.3062499999999999,45540.65802001953,4700,1,0.3062499999999999,37700.42379760742,4700,1,0.3062499999999999,46917.76737976074,4700,1,0.3062499999999999,29366.963500976563,4700,1,0.3062499999999999,7270.790237426758,4700,1,0.3062499999999999,7159.957550048828,4700,1,0.3062499999999999,6751.0009765625,4700,1,0.3062499999999999,6968.834274291992,4700,1,0.3062499999999999,9613.47216796875,3007,3007,3007,3007,3007,3007,3007,3007,3007,3007,3007,3007,4690,4691,3007,3007,3007,4690,3007,3007,3007,3007,3007,4690,94.73684692382813,11.111111640930176,0,0,21.052631378173828,20,26.3157901763916,11.764705657958984,15.789472579956055,36.842105865478516,0,0,38.095237731933594,0,0,0,0,16.666667938232422,31.81818199157715,100,0,0,0,0,66481098752,12884893696,1640681472,0
99,1780596588952,57226.1611328125,4700,1,0.3062499999999999,6933.800827026367,4700,1,0.3062499999999999,6796.549118041992,4700,1,0.3062499999999999,12026.046798706055,4700,1,0.3062499999999999,45541.10511779785,4700,1,0.3062499999999999,37700.81707763672,4700,1,0.3062499999999999,46918.10920715332,4700,1,0.3062499999999999,29367.649475097656,4700,1,0.3062499999999999,7270.793792724609,4700,1,0.3062499999999999,7159.960632324219,4700,1,0.3062499999999999,6751.004058837891,4700,1,0.3062499999999999,6968.837356567383,4700,1,0.3062499999999999,9619.286407470703,3007,3007,3007,3007,3007,3007,3007,3007,3007,3007,3007,3007,4690,4691,3007,3007,3007,4690,3007,3007,3007,3007,3007,4690,95,25,0,0,23.809524536132813,10.526315689086914,5.555555820465088,26.3157901763916,31.57894515991211,52.6315803527832,0,0,23.52941131591797,0,0,0,0,0,15.000000953674316,100,0,0,0,0,66481098752,12884893696,1632690176,0
99,1780596589052,57226.71662902832,4700,1,0.3062499999999999,6933.804016113281,4700,1,0.3062499999999999,6796.552307128906,4700,1,0.3062499999999999,12026.399276733398,4700,1,0.3062499999999999,45541.500228881836,4700,1,0.3062499999999999,37701.26319885254,4700,1,0.3062499999999999,46918.50747680664,4700,1,0.3062499999999999,29368.34669494629,4700,1,0.3062499999999999,7270.797149658203,4700,1,0.3062499999999999,7159.963729858398,4700,1,0.3062499999999999,6751.007415771484,4700,1,0.3062499999999999,6968.851135253906,4700,1,0.3062499999999999,9625.13688659668,3007,3007,3007,3007,3007,3007,3007,3007,3007,3007,3007,3007,4690,4691,3007,3007,3007,4690,3007,3007,3007,3007,3007,4690,95,25,0,0,23.809524536132813,10.526315689086914,5.555555820465088,26.3157901763916,31.57894515991211,52.6315803527832,0,0,23.52941131591797,0,0,0,0,0,15.000000953674316,100,0,0,0,0,66481098752,12884893696,1634050048,0
99,1780596589152,57227.33427429199,4700,1,0.3062499999999999,6933.807098388672,4700,1,0.3062499999999999,6796.555389404297,4700,1,0.3062499999999999,12026.729736328125,4700,1,0.3062499999999999,45541.86883544922,4700,1,0.3062499999999999,37701.636627197266,4700,1,0.3062499999999999,46918.947204589844,4700,1,0.3062499999999999,29369.04020690918,4700,1,0.3062499999999999,7270.800537109375,4700,1,0.3062499999999999,7159.966812133789,4700,1,0.3062499999999999,6751.010498046875,4700,1,0.3062499999999999,6968.854217529297,4700,1,0.3062499999999999,9630.94155883789,3007,3007,3007,3007,3007,3007,3007,3007,3007,3007,3007,3007,4690,4691,3007,3007,3007,4690,3007,3007,3007,3007,3007,4690,89.47368621826172,15.789472579956055,0,0,11.111111640930176,19.047618865966797,10,23.809524536132813,26.3157901763916,50,0,0,30.000001907348633,0,0,0,0,16.666667938232422,11.111111640930176,100,0,0,0,0,66481098752,12884893696,1633673216,0
99,1780596589252,57227.882232666016,4700,1,0.3062499999999999,6933.810287475586,4700,1,0.3062499999999999,6796.558532714844,4700,1,0.3062499999999999,12027.028106689453,4700,1,0.3062499999999999,45542.280349731445,4700,1,0.3062499999999999,37702.07176208496,4700,1,0.3062499999999999,46919.38586425781,4700,1,0.3062499999999999,29369.742462158203,4700,1,0.3062499999999999,7270.803619384766,4700,1,0.3062499999999999,7159.969955444336,4700,1,0.3062499999999999,6751.013656616211,4700,1,0.3062499999999999,6968.871917724609,4700,1,0.3062499999999999,9636.76887512207,3007,3007,3007,3007,3007,3007,3007,3007,3007,3007,3007,3007,4690,4691,3007,3007,3007,4690,3007,3007,3007,3007,3007,4690,89.47368621826172,15.789472579956055,0,0,11.111111640930176,19.047618865966797,10,23.809524536132813,26.3157901763916,50,0,0,30.000001907348633,0,0,0,0,16.666667938232422,11.111111640930176,100,0,0,0,0,66481098752,12884893696,1625133056,0
99,1780596589352,57228.4835357666,4700,1,0.3062499999999999,6933.813369750977,4700,1,0.3062499999999999,6796.561614990234,4700,1,0.3062499999999999,12027.361236572266,4700,1,0.3062499999999999,45542.634368896484,4700,1,0.3062499999999999,37702.45756530762,4700,1,0.3062499999999999,46919.763595581055,4700,1,0.3062499999999999,29370.443969726563,4700,1,0.3062499999999999,7270.806823730469,4700,1,0.3062499999999999,7159.973037719727,4700,1,0.3062499999999999,6751.016738891602,4700,1,0.3062499999999999,6968.875,4700,1,0.3062499999999999,9642.52865600586,3007,3007,3007,3007,3007,3007,3007,3007,3007,3007,3007,3007,4690,4691,3007,3007,3007,4690,3007,3007,3007,3007,3007,4690,94.11764526367188,5.882352828979492,0,0,10,10,10,5.555555820465088,21.052631378173828,55.55555725097656,0,0,23.52941131591797,0,0,0,0,30.000001907348633,23.809524536132813,100,0,0,0,0,66481098752,12884893696,1626214400,0
99,1780596589452,57229.10238647461,4700,1,0.30000000000000004,6933.816497802734,4700,1,0.30000000000000004,6796.564697265625,4700,1,0.30000000000000004,12027.624450683594,4700,1,0.30000000000000004,45542.960372924805,4700,1,0.30000000000000004,37702.85592651367,4700,1,0.30000000000000004,46920.18896484375,4700,1,0.30000000000000004,29371.130645751953,4700,1,0.30000000000000004,7270.810272216797,4700,1,0.30000000000000004,7159.976119995117,4700,1,0.30000000000000004,6751.019821166992,4700,1,0.30000000000000004,6968.878265380859,4700,1,0.30000000000000004,9648.31510925293,3007,3007,3007,3007,3007,3007,3007,3007,3007,3007,3007,3007,4690,4691,3007,3007,3007,4690,3007,3007,3007,3007,3007,4690,94.11764526367188,5.882352828979492,0,0,10,10,10,5.555555820465088,21.052631378173828,55.55555725097656,0,0,23.52941131591797,0,0,0,0,30.000001907348633,23.809524536132813,100,0,0,0,0,66481098752,12884893696,1634729984,0
99,1780596589552,57229.701919555664,4700,1,0.30000000000000004,6933.819625854492,4700,1,0.30000000000000004,6796.567810058594,4700,1,0.30000000000000004,12027.880874633789,4700,1,0.30000000000000004,45543.30751037598,4700,1,0.30000000000000004,37703.26216125488,4700,1,0.30000000000000004,46920.622817993164,4700,1,0.30000000000000004,29371.829833984375,4700,1,0.30000000000000004,7270.813537597656,4700,1,0.30000000000000004,7159.97917175293,4700,1,0.30000000000000004,6751.022872924805,4700,1,0.30000000000000004,6968.881317138672,4700,1,0.30000000000000004,9653.97085571289,3007,3007,3007,3007,3007,3007,3007,3007,3007,3007,3007,3007,4690,4691,3007,3007,3007,4690,3007,3007,3007,3007,3007,4690,90.47618865966797,9.523809432983398,0,0,21.052631378173828,15.000000953674316,0,22.72727394104004,25,40,0,0,30.000001907348633,0,0,0,0,27.77777862548828,33.333335876464844,100,0,0,0,0,66481098752,12884893696,1630040064,0
99,1780596589652,57230.28584289551,4700,1,0.3062499999999999,6933.822891235352,4700,1,0.3062499999999999,6796.570953369141,4700,1,0.3062499999999999,12028.174606323242,4700,1,0.3062499999999999,45543.66841125488,4700,1,0.3062499999999999,37703.70967102051,4700,1,0.3062499999999999,46921.06799316406,4700,1,0.3062499999999999,29372.524124145508,4700,1,0.3062499999999999,7270.816833496094,4700,1,0.3062499999999999,7159.982315063477,4700,1,0.3062499999999999,6751.026016235352,4700,1,0.3062499999999999,6968.8843994140625,4700,1,0.3062499999999999,9659.730209350586,3007,3007,3007,3007,3007,3007,3007,3007,3007,3007,3007,3007,4690,4691,3007,3007,3007,4690,3007,3007,3007,3007,3007,4690,90.47618865966797,9.523809432983398,0,0,21.052631378173828,15.000000953674316,0,22.72727394104004,25,40,0,0,30.000001907348633,0,0,0,0,27.77777862548828,33.333335876464844,100,0,0,0,0,66481098752,12884893696,1629036544,0
99,1780596589752,57230.852798461914,4700,1,0.3062499999999999,6933.8260498046875,4700,1,0.3062499999999999,6796.574111938477,4700,1,0.3062499999999999,12028.576187133789,4700,1,0.3062499999999999,45544.09442138672,4700,1,0.3062499999999999,37704.02102661133,4700,1,0.3062499999999999,46921.51872253418,4700,1,0.3062499999999999,29373.2198638916,4700,1,0.3062499999999999,7270.820129394531,4700,1,0.3062499999999999,7159.985397338867,4700,1,0.3062499999999999,6751.02912902832,4700,1,0.3062499999999999,6968.887481689453,4700,1,0.3062499999999999,9665.539245605469,3007,3007,3007,3007,3007,3007,3007,3007,3007,3007,3007,3007,4690,4691,3007,3007,3007,4690,3007,3007,3007,3007,3007,4690,94.73684692382813,0,0,0,15.000000953674316,5.882352828979492,0,5.263157844543457,26.3157901763916,44.4444465637207,0,0,33.333335876464844,0,0,0,0,30.000001907348633,27.77777862548828,100,0,0,0,0,66481098752,12884893696,1629057024,0
99,1780596589852,57231.424392700195,4700,1,0.3062499999999999,6933.829162597656,4700,1,0.3062499999999999,6796.577194213867,4700,1,0.3062499999999999,12028.973876953125,4700,1,0.3062499999999999,45544.49337768555,4700,1,0.3062499999999999,37704.362884521484,4700,1,0.3062499999999999,46921.968841552734,4700,1,0.3062499999999999,29373.91522216797,4700,1,0.3062499999999999,7270.823440551758,4700,1,0.3062499999999999,7159.988510131836,4700,1,0.3062499999999999,6751.032211303711,4700,1,0.3062499999999999,6968.890731811523,4700,1,0.3062499999999999,9671.307800292969,3007,3007,3007,3007,3007,3007,3007,3007,3007,3007,3007,3007,4690,4691,3007,3007,3007,4690,3007,3007,3007,3007,3007,4690,94.73684692382813,0,0,0,15.000000953674316,5.882352828979492,0,5.263157844543457,26.3157901763916,44.4444465637207,0,0,33.333335876464844,0,0,0,0,30.000001907348633,27.77777862548828,100,0,0,0,0,66481098752,12884893696,1631469568,0
99,1780596589952,57231.9949798584,4700,1,0.3062499999999999,6933.832244873047,4700,1,0.3062499999999999,6796.580276489258,4700,1,0.3062499999999999,12029.228118896484,4700,1,0.3062499999999999,45544.962799072266,4700,1,0.3062499999999999,37704.747161865234,4700,1,0.3062499999999999,46922.36814880371,4700,1,0.3062499999999999,29374.609771728516,4700,1,0.3062499999999999,7270.826858520508,4700,1,0.3062499999999999,7159.991592407227,4700,1,0.3062499999999999,6751.035293579102,4700,1,0.3062499999999999,6968.893814086914,4700,1,0.3062499999999999,9677.091003417969,3007,3007,3007,3007,3007,3007,3007,3007,3007,3007,3007,3007,4690,4691,3007,3007,3007,4690,3007,3007,3007,3007,3007,4690,87.5,10,0,0,5.263157844543457,21.052631378173828,20,0,10.526315689086914,55,0,0,30.000001907348633,0,0,0,0,25,23.52941131591797,100,0,0,0,0,66481098752,12884893696,1626484736,0
99,1780596590052,57232.556884765625,4700,1,0.3062499999999999,6933.835403442383,4700,1,0.3062499999999999,6796.583435058594,4700,1,0.3062499999999999,12029.557647705078,4700,1,0.3062499999999999,45545.34893798828,4700,1,0.3062499999999999,37705.17124938965,4700,1,0.3062499999999999,46922.805603027344,4700,1,0.3062499999999999,29375.288604736328,4700,1,0.3062499999999999,7270.830001831055,4700,1,0.3062499999999999,7159.994674682617,4700,1,0.3062499999999999,6751.038375854492,4700,1,0.3062499999999999,6968.896896362305,4700,1,0.3062499999999999,9682.863693237305,3007,3007,3007,3007,3007,3007,3007,3007,3007,3007,3007,3007,4690,4691,3007,3007,3007,4690,3007,3007,3007,3007,3007,4690,87.5,10,0,0,5.263157844543457,21.052631378173828,20,0,10.526315689086914,55,0,0,30.000001907348633,0,0,0,0,25,23.52941131591797,100,0,0,0,0,66481098752,12884893696,1624801280,0
99,1780596590152,57233.150650024414,4700,1,0.3062499999999999,6933.838485717773,4700,1,0.3062499999999999,6796.586517333984,4700,1,0.3062499999999999,12029.869369506836,4700,1,0.3062499999999999,45545.78266906738,4700,1,0.3062499999999999,37705.5299987793,4700,1,0.3062499999999999,46923.267028808594,4700,1,0.3062499999999999,29375.97999572754,4700,1,0.3062499999999999,7270.833419799805,4700,1,0.3062499999999999,7159.99772644043,4700,1,0.3062499999999999,6751.041427612305,4700,1,0.3062499999999999,6968.899978637695,4700,1,0.3062499999999999,9688.715545654297,3007,3007,3007,3007,3007,3007,3007,3007,3007,3007,3007,3007,4690,4691,3007,3007,3007,4690,3007,3007,3007,3007,3007,4690,94.73684692382813,11.111111640930176,0,0,10.526315689086914,14.285715103149414,22.22222328186035,15.000000953674316,27.77777862548828,33.333335876464844,0,0,5.555555820465088,0,0,0,0,12.5,25,100,0,0,0,0,66481098752,12884893696,1624834048,0
99,1780596590252,57233.76298522949,4700,1,0.3062499999999999,6933.850891113281,4700,1,0.3062499999999999,6796.589630126953,4700,1,0.3062499999999999,12030.203353881836,4700,1,0.3062499999999999,45546.13088989258,4700,1,0.3062499999999999,37705.92875671387,4700,1,0.3062499999999999,46923.71913146973,4700,1,0.3062499999999999,29376.67514038086,4700,1,0.3062499999999999,7270.836624145508,4700,1,0.3062499999999999,7160.00080871582,4700,1,0.3062499999999999,6751.044540405273,4700,1,0.3062499999999999,6968.903518676758,4700,1,0.3062499999999999,9694.409210205078,3007,3007,3007,3007,3007,3007,3007,3007,3007,3007,3007,3007,4690,4691,3007,3007,3007,4690,3007,3007,3007,3007,3007,4690,94.73684692382813,11.111111640930176,0,0,10.526315689086914,14.285715103149414,22.22222328186035,15.000000953674316,27.77777862548828,33.333335876464844,0,0,5.555555820465088,0,0,0,0,12.5,25,100,0,0,0,0,66481098752,12884893696,1630150656,0
99,1780596590352,57234.33181762695,4700,1,0.3062499999999999,6933.853973388672,4700,1,0.3062499999999999,6796.592712402344,4700,1,0.3062499999999999,12030.542785644531,4700,1,0.3062499999999999,45546.43946838379,4700,1,0.3062499999999999,37706.35386657715,4700,1,0.3062499999999999,46924.162658691406,4700,1,0.3062499999999999,29377.36656188965,4700,1,0.3062499999999999,7270.839706420898,4700,1,0.3062499999999999,7160.003936767578,4700,1,0.3062499999999999,6751.047653198242,4700,1,0.3062499999999999,6968.9066162109375,4700,1,0.3062499999999999,9700.178421020508,3007,3007,3007,3007,3007,3007,3007,3007,3007,3007,3007,3007,4690,4691,3007,3007,3007,4690,3007,3007,3007,3007,3007,4690,90.47618865966797,14.285715103149414,0,0,20,20,26.3157901763916,30.000001907348633,31.57894515991211,55,0,0,0,0,0,0,0,10.526315689086914,6.25,100,0,0,0,0,66481098752,12884893696,1630040064,0
99,1780596590452,57234.88879394531,4700,1,0.3062499999999999,6933.8570556640625,4700,1,0.3062499999999999,6796.595809936523,4700,1,0.3062499999999999,12030.832717895508,4700,1,0.3062499999999999,45546.80485534668,4700,1,0.3062499999999999,37706.78120422363,4700,1,0.3062499999999999,46924.63952636719,4700,1,0.3062499999999999,29378.04100036621,4700,1,0.3062499999999999,7270.842788696289,4700,1,0.3062499999999999,7160.007019042969,4700,1,0.3062499999999999,6751.050735473633,4700,1,0.3062499999999999,6968.909698486328,4700,1,0.3062499999999999,9705.989059448242,3007,3007,3007,3007,3007,3007,3007,3007,3007,3007,3007,3007,4690,4691,3007,3007,3007,4690,3007,3007,3007,3007,3007,4690,90.47618865966797,14.285715103149414,0,0,20,20,26.3157901763916,30.000001907348633,31.57894515991211,55,0,0,0,0,0,0,0,10.526315689086914,6.25,100,0,0,0,0,66481098752,12884893696,1625399296,0
99,1780596590553,57235.50271606445,4700,1,0.3062499999999999,6933.860290527344,4700,1,0.3062499999999999,6796.599044799805,4700,1,0.3062499999999999,12031.201614379883,4700,1,0.3062499999999999,45547.24673461914,4700,1,0.3062499999999999,37707.17054748535,4700,1,0.3062499999999999,46924.99182128906,4700,1,0.3062499999999999,29378.727111816406,4700,1,0.3062499999999999,7270.846054077148,4700,1,0.3062499999999999,7160.010192871094,4700,1,0.3062499999999999,6751.053894042969,4700,1,0.3062499999999999,6968.912857055664,4700,1,0.3062499999999999,9711.808334350586,3007,3007,3007,3007,3007,3007,3007,3007,3007,3007,3007,3007,4690,4691,3007,3007,3007,4690,3007,3007,3007,3007,3007,4690,94.44444274902344,22.22222328186035,0,0,0,5.555555820465088,22.22222328186035,30.000001907348633,30.000001907348633,44.4444465637207,0,0,15.789472579956055,0,0,0,0,0,20,100,0,0,0,0,66481098752,12884893696,1623621632,0
99,1780596590653,57236.060546875,4700,1,0.3062499999999999,6933.8634033203125,4700,1,0.3062499999999999,6796.6021728515625,4700,1,0.3062499999999999,12031.526443481445,4700,1,0.3062499999999999,45547.66181945801,4700,1,0.3062499999999999,37707.52682495117,4700,1,0.3062499999999999,46925.43768310547,4700,1,0.3062499999999999,29379.4248046875,4700,1,0.3062499999999999,7270.849502563477,4700,1,0.3062499999999999,7160.0133056640625,4700,1,0.3062499999999999,6751.057037353516,4700,1,0.3062499999999999,6968.916091918945,4700,1,0.3062499999999999,9717.564651489258,3007,3007,3007,3007,3007,3007,3007,3007,3007,3007,3007,3007,4690,4691,3007,3007,3007,4690,3007,3007,3007,3007,3007,4690,94.44444274902344,22.22222328186035,0,0,0,5.555555820465088,22.22222328186035,30.000001907348633,30.000001907348633,44.4444465637207,0,0,15.789472579956055,0,0,0,0,0,20,100,0,0,0,0,66481098752,12884893696,1620635648,0
99,1780596590753,57236.67413330078,4700,1,0.30000000000000004,6933.866638183594,4700,1,0.30000000000000004,6796.605316162109,4700,1,0.30000000000000004,12031.825897216797,4700,1,0.30000000000000004,45548.059661865234,4700,1,0.30000000000000004,37707.97959899902,4700,1,0.30000000000000004,46925.663833618164,4700,1,0.30000000000000004,29380.12094116211,4700,1,0.30000000000000004,7270.852584838867,4700,1,0.30000000000000004,7160.016387939453,4700,1,0.30000000000000004,6751.060119628906,4700,1,0.30000000000000004,6968.919174194336,4700,1,0.30000000000000004,9723.262924194336,3007,3007,3007,3007,3007,3007,3007,3007,3007,3007,3007,3007,4690,4691,3007,3007,3007,4690,3007,3007,3007,3007,3007,4690,89.47368621826172,5.555555820465088,0,0,19.047618865966797,10.526315689086914,10.526315689086914,17.647058486938477,11.111111640930176,50,0,0,35,0,0,0,0,15.000000953674316,20,100,0,0,0,0,66481098752,12884893696,1629278208,0
99,1780596590853,57237.29252624512,4700,1,0.3062499999999999,6933.869720458984,4700,1,0.3062499999999999,6796.6083984375,4700,1,0.3062499999999999,12032.0595703125,4700,1,0.3062499999999999,45548.508529663086,4700,1,0.3062499999999999,37708.385665893555,4700,1,0.3062499999999999,46925.9970703125,4700,1,0.3062499999999999,29380.806106567383,4700,1,0.3062499999999999,7270.855728149414,4700,1,0.3062499999999999,7160.019439697266,4700,1,0.3062499999999999,6751.063278198242,4700,1,0.3062499999999999,6968.922286987305,4700,1,0.3062499999999999,9729.021591186523,3007,3007,3007,3007,3007,3007,3007,3007,3007,3007,3007,3007,4690,4691,3007,3007,3007,4690,3007,3007,3007,3007,3007,4690,89.47368621826172,5.555555820465088,0,0,19.047618865966797,10.526315689086914,10.526315689086914,17.647058486938477,11.111111640930176,50,0,0,35,0,0,0,0,15.000000953674316,20,100,0,0,0,0,66481098752,12884893696,1628581888,0
99,1780596590953,57237.87348937988,4700,1,0.3062499999999999,6933.872802734375,4700,1,0.3062499999999999,6796.611480712891,4700,1,0.3062499999999999,12032.394165039063,4700,1,0.3062499999999999,45548.953689575195,4700,1,0.3062499999999999,37708.773696899414,4700,1,0.3062499999999999,46926.36181640625,4700,1,0.3062499999999999,29381.502044677734,4700,1,0.3062499999999999,7270.859085083008,4700,1,0.3062499999999999,7160.022521972656,4700,1,0.3062499999999999,6751.066360473633,4700,1,0.3062499999999999,6968.925338745117,4700,1,0.3062499999999999,9734.822647094727,3007,3007,3007,3007,3007,3007,3007,3007,3007,3007,3007,3007,4690,4691,3007,3007,3007,4690,3007,3007,3007,3007,3007,4690,95.23809814453125,23.809524536132813,0,0,20,9.523809432983398,28.571430206298828,22.22222328186035,5,50,0,0,27.77777862548828,0,0,0,0,5.555555820465088,31.57894515991211,100,0,0,0,0,66481098752,12884893696,1628172288,0
99,1780596591053,57238.452865600586,4700,1,0.30000000000000004,6933.875915527344,4700,1,0.30000000000000004,6796.614593505859,4700,1,0.30000000000000004,12032.653366088867,4700,1,0.30000000000000004,45549.37814331055,4700,1,0.30000000000000004,37709.15483093262,4700,1,0.30000000000000004,46926.774475097656,4700,1,0.30000000000000004,29382.19300842285,4700,1,0.30000000000000004,7270.862319946289,4700,1,0.30000000000000004,7160.025604248047,4700,1,0.30000000000000004,6751.069473266602,4700,1,0.30000000000000004,6968.9285888671875,4700,1,0.30000000000000004,9740.532135009766,3007,3007,3007,3007,3007,3007,3007,3007,3007,3007,3007,3007,4690,4691,3007,3007,3007,4690,3007,3007,3007,3007,3007,4690,95.23809814453125,23.809524536132813,0,0,20,9.523809432983398,28.571430206298828,22.22222328186035,5,50,0,0,27.77777862548828,0,0,0,0,5.555555820465088,31.57894515991211,100,0,0,0,0,66481098752,12884893696,1622175744,0
99,1780596591153,57239.05827331543,4700,1,0.30000000000000004,6933.878997802734,4700,1,0.30000000000000004,6796.61767578125,4700,1,0.30000000000000004,12032.962295532227,4700,1,0.30000000000000004,45549.8250579834,4700,1,0.30000000000000004,37709.5270690918,4700,1,0.30000000000000004,46927.07452392578,4700,1,0.30000000000000004,29382.888290405273,4700,1,0.30000000000000004,7270.865432739258,4700,1,0.30000000000000004,7160.0286865234375,4700,1,0.30000000000000004,6751.072555541992,4700,1,0.30000000000000004,6968.931671142578,4700,1,0.30000000000000004,9746.286911010742,3007,3007,3007,3007,3007,3007,3007,3007,3007,3007,3007,3007,4690,4691,3007,3007,3007,4690,3007,3007,3007,3007,3007,4690,88.23529815673828,10.526315689086914,0,0,5.882352828979492,5.263157844543457,30.000001907348633,5.263157844543457,10,43.75,0,0,26.3157901763916,0,0,0,0,17.647058486938477,25,100,0,0,0,0,66481098752,12884893696,1629196288,0
99,1780596591253,57239.593841552734,4700,1,0.3062499999999999,6933.882186889648,4700,1,0.3062499999999999,6796.620819091797,4700,1,0.3062499999999999,12033.281829833984,4700,1,0.3062499999999999,45550.31980895996,4700,1,0.3062499999999999,37709.92462158203,4700,1,0.3062499999999999,46927.45471191406,4700,1,0.3062499999999999,29383.57664489746,4700,1,0.3062499999999999,7270.868576049805,4700,1,0.3062499999999999,7160.031768798828,4700,1,0.3062499999999999,6751.075820922852,4700,1,0.3062499999999999,6968.935028076172,4700,1,0.3062499999999999,9752.082275390625,3007,3007,3007,3007,3007,3007,3007,3007,3007,3007,3007,3007,4690,4691,3007,3007,3007,4690,3007,3007,3007,3007,3007,4690,88.23529815673828,10.526315689086914,0,0,5.882352828979492,5.263157844543457,30.000001907348633,5.263157844543457,10,43.75,0,0,26.3157901763916,0,0,0,0,17.647058486938477,25,100,0,0,0,0,66481098752,12884893696,1625751552,0
99,1780596591353,57240.163833618164,4700,1,0.3062499999999999,6933.885299682617,4700,1,0.3062499999999999,6796.623977661133,4700,1,0.3062499999999999,12033.588943481445,4700,1,0.3062499999999999,45550.768814086914,4700,1,0.3062499999999999,37710.377517700195,4700,1,0.3062499999999999,46927.76823425293,4700,1,0.3062499999999999,29384.26417541504,4700,1,0.3062499999999999,7270.871658325195,4700,1,0.3062499999999999,7160.034851074219,4700,1,0.3062499999999999,6751.07893371582,4700,1,0.3062499999999999,6968.938171386719,4700,1,0.3062499999999999,9757.837219238281,3007,3007,3007,3007,3007,3007,3007,3007,3007,3007,3007,3007,4690,4691,3007,3007,3007,4690,3007,3007,3007,3007,3007,4690,94.44444274902344,10.526315689086914,0,0,5,19.047618865966797,23.52941131591797,15.789472579956055,16.666667938232422,47.36842346191406,0,0,21.052631378173828,0,0,0,0,27.77777862548828,10,100,0,0,0,0,66481098752,12884893696,1624600576,0
99,1780596591453,57240.69216918945,4700,1,0.30000000000000004,6933.888412475586,4700,1,0.30000000000000004,6796.627059936523,4700,1,0.30000000000000004,12033.91323852539,4700,1,0.30000000000000004,45551.202224731445,4700,1,0.30000000000000004,37710.785217285156,4700,1,0.30000000000000004,46928.11460876465,4700,1,0.30000000000000004,29384.960525512695,4700,1,0.30000000000000004,7270.874740600586,4700,1,0.30000000000000004,7160.037933349609,4700,1,0.30000000000000004,6751.082092285156,4700,1,0.30000000000000004,6968.941314697266,4700,1,0.30000000000000004,9763.5693359375,3007,3007,3007,3007,3007,3007,3007,3007,3007,3007,3007,3007,4690,4691,3007,3007,3007,4690,3007,3007,3007,3007,3007,4690,94.44444274902344,10.526315689086914,0,0,5,19.047618865966797,23.52941131591797,15.789472579956055,16.666667938232422,47.36842346191406,0,0,21.052631378173828,0,0,0,0,27.77777862548828,10,100,0,0,0,0,66481098752,12884893696,1624829952,0
99,1780596591553,57241.22492980957,4700,1,0.30000000000000004,6933.891571044922,4700,1,0.30000000000000004,6796.63020324707,4700,1,0.30000000000000004,12034.177108764648,4700,1,0.30000000000000004,45551.65994262695,4700,1,0.30000000000000004,37711.22398376465,4700,1,0.30000000000000004,46928.54034423828,4700,1,0.30000000000000004,29385.65493774414,4700,1,0.30000000000000004,7270.877792358398,4700,1,0.30000000000000004,7160.041015625,4700,1,0.30000000000000004,6751.085174560547,4700,1,0.30000000000000004,6968.944396972656,4700,1,0.30000000000000004,9769.40414428711,3007,3007,3007,3007,3007,3007,3007,3007,3007,3007,3007,3007,4690,4691,3007,3007,3007,4690,3007,3007,3007,3007,3007,4690,89.47368621826172,20,0,0,0,0,26.3157901763916,30.000001907348633,27.77777862548828,47.05882263183594,0,0,22.22222328186035,0,0,0,0,25,5.263157844543457,100,0,0,0,0,66481098752,12884893696,1632247808,0
99,1780596591653,57241.82537841797,4700,1,0.3062499999999999,6933.89469909668,4700,1,0.3062499999999999,6796.633285522461,4700,1,0.3062499999999999,12034.440170288086,4700,1,0.3062499999999999,45552.128494262695,4700,1,0.3062499999999999,37711.64277648926,4700,1,0.3062499999999999,46928.93339538574,4700,1,0.3062499999999999,29386.3544921875,4700,1,0.3062499999999999,7270.880874633789,4700,1,0.3062499999999999,7160.0440673828125,4700,1,0.3062499999999999,6751.088226318359,4700,1,0.3062499999999999,6968.947448730469,4700,1,0.3062499999999999,9775.159713745117,3007,3007,3007,3007,3007,3007,3007,3007,3007,3007,3007,3007,4690,4691,3007,3007,3007,4690,3007,3007,3007,3007,3007,4690,89.47368621826172,20,0,0,0,0,26.3157901763916,30.000001907348633,27.77777862548828,47.05882263183594,0,0,22.22222328186035,0,0,0,0,25,5.263157844543457,100,0,0,0,0,66481098752,12884893696,1627328512,0
99,1780596591753,57242.46690368652,4700,1,0.3062499999999999,6933.897888183594,4700,1,0.3062499999999999,6796.63639831543,4700,1,0.3062499999999999,12034.747619628906,4700,1,0.3062499999999999,45552.44715881348,4700,1,0.3062499999999999,37712.07147216797,4700,1,0.3062499999999999,46929.370864868164,4700,1,0.3062499999999999,29387.04981994629,4700,1,0.3062499999999999,7270.88395690918,4700,1,0.3062499999999999,7160.047134399414,4700,1,0.3062499999999999,6751.091384887695,4700,1,0.3062499999999999,6968.9505615234375,4700,1,0.3062499999999999,9780.832794189453,3007,3007,3007,3007,3007,3007,3007,3007,3007,3007,3007,3007,4690,4691,3007,3007,3007,4690,3007,3007,3007,3007,3007,4690,95,0,0,0,21.052631378173828,10.526315689086914,25,11.764705657958984,25,55,0,0,21.052631378173828,0,0,0,0,26.3157901763916,11.764705657958984,100,0,0,0,0,66481098752,12884893696,1625772032,0
99,1780596591853,57243.01481628418,4700,1,0.3062499999999999,6933.901031494141,4700,1,0.3062499999999999,6796.639511108398,4700,1,0.3062499999999999,12035.038497924805,4700,1,0.3062499999999999,45552.794662475586,4700,1,0.3062499999999999,37712.490142822266,4700,1,0.3062499999999999,46929.84390258789,4700,1,0.3062499999999999,29387.741806030273,4700,1,0.3062499999999999,7270.887069702148,4700,1,0.3062499999999999,7160.050216674805,4700,1,0.3062499999999999,6751.094497680664,4700,1,0.3062499999999999,6968.953674316406,4700,1,0.3062499999999999,9786.62467956543,3007,3007,3007,3007,3007,3007,3007,3007,3007,3007,3007,3007,4690,4691,3007,3007,3007,4690,3007,3007,3007,3007,3007,4690,95,0,0,0,21.052631378173828,10.526315689086914,25,11.764705657958984,25,55,0,0,21.052631378173828,0,0,0,0,26.3157901763916,11.764705657958984,100,0,0,0,0,66481098752,12884893696,1624530944,0
99,1780596591953,57243.56733703613,4700,1,0.3062499999999999,6933.904113769531,4700,1,0.3062499999999999,6796.642852783203,4700,1,0.3062499999999999,12035.366760253906,4700,1,0.3062499999999999,45553.21730041504,4700,1,0.3062499999999999,37712.891662597656,4700,1,0.3062499999999999,46930.27224731445,4700,1,0.3062499999999999,29388.437088012695,4700,1,0.3062499999999999,7270.890151977539,4700,1,0.3062499999999999,7160.053298950195,4700,1,0.3062499999999999,6751.097793579102,4700,1,0.3062499999999999,6968.956756591797,4700,1,0.3062499999999999,9792.468673706055,3007,3007,3007,3007,3007,3007,3007,3007,3007,3007,3007,3007,4690,4691,3007,3007,3007,4690,3007,3007,3007,3007,3007,4690,88.8888931274414,4.761904716491699,0,0,5,26.3157901763916,0,15.789472579956055,35,52.6315803527832,0,0,23.52941131591797,0,0,0,0,22.22222328186035,28.571430206298828,100,0,0,0,0,66481098752,12884893696,1629237248,0
99,1780596592053,57244.130798339844,4700,1,0.30000000000000004,6933.907272338867,4700,1,0.3062499999999999,6796.64599609375,4700,1,0.3062499999999999,12035.53190612793,4700,1,0.30000000000000004,45553.656341552734,4700,1,0.30000000000000004,37713.31880187988,4700,1,0.30000000000000004,46930.736740112305,4700,1,0.3062499999999999,29389.129302978516,4700,1,0.3062499999999999,7270.893600463867,4700,1,0.3062499999999999,7160.056381225586,4700,1,0.3062499999999999,6751.100875854492,4700,1,0.3062499999999999,6968.9598388671875,4700,1,0.3062499999999999,9798.149368286133,3007,3007,3007,3007,3007,3007,3007,3007,3007,3007,3007,3007,4690,4691,3007,3007,3007,4690,3007,3007,3007,3007,3007,4690,88.8888931274414,4.761904716491699,0,0,5,26.3157901763916,0,15.789472579956055,35,52.6315803527832,0,0,23.52941131591797,0,0,0,0,22.22222328186035,28.571430206298828,100,0,0,0,0,66481098752,12884893696,1628233728,0
99,1780596592153,57244.6768951416,4700,1,0.3062499999999999,6933.910568237305,4700,1,0.3062499999999999,6796.649108886719,4700,1,0.3062499999999999,12035.669967651367,4700,1,0.3062499999999999,45554.10478210449,4700,1,0.3062499999999999,37713.7956237793,4700,1,0.3062499999999999,46931.13456726074,4700,1,0.3062499999999999,29389.822998046875,4700,1,0.3062499999999999,7270.896789550781,4700,1,0.3062499999999999,7160.059494018555,4700,1,0.3062499999999999,6751.104049682617,4700,1,0.3062499999999999,6968.963043212891,4700,1,0.3062499999999999,9803.879837036133,3007,3007,3007,3007,3007,3007,3007,3007,3007,3007,3007,3007,4690,4691,3007,3007,3007,4690,3007,3007,3007,3007,3007,4690,89.47368621826172,0,0,0,0,5.263157844543457,28.571430206298828,16.666667938232422,31.57894515991211,44.4444465637207,0,0,26.3157901763916,0,0,0,0,31.57894515991211,11.764705657958984,100,0,0,0,0,66481098752,12884893696,1624326144,0
99,1780596592254,57245.28237915039,4700,1,0.30000000000000004,6933.913772583008,4700,1,0.30000000000000004,6796.652252197266,4700,1,0.30000000000000004,12035.742065429688,4700,1,0.30000000000000004,45554.541931152344,4700,1,0.30000000000000004,37714.21960449219,4700,1,0.30000000000000004,46931.621017456055,4700,1,0.30000000000000004,29390.518280029297,4700,1,0.30000000000000004,7270.899871826172,4700,1,0.30000000000000004,7160.062606811523,4700,1,0.30000000000000004,6751.1072998046875,4700,1,0.30000000000000004,6968.966293334961,4700,1,0.30000000000000004,9809.599914550781,3007,3007,3007,3007,3007,3007,3007,3007,3007,3007,3007,3007,4690,4691,3007,3007,3007,4690,3007,3007,3007,3007,3007,4690,89.47368621826172,0,0,0,0,5.263157844543457,28.571430206298828,16.666667938232422,31.57894515991211,44.4444465637207,0,0,26.3157901763916,0,0,0,0,31.57894515991211,11.764705657958984,100,0,0,0,0,66481098752,12884893696,1623187456,0
99,1780596592354,57245.89401245117,4700,1,0.3062499999999999,6933.916854858398,4700,1,0.3062499999999999,6796.655364990234,4700,1,0.3062499999999999,12036.094299316406,4700,1,0.3062499999999999,45554.90148925781,4700,1,0.3062499999999999,37714.63529968262,4700,1,0.3062499999999999,46932.03773498535,4700,1,0.3062499999999999,29391.205001831055,4700,1,0.3062499999999999,7270.903076171875,4700,1,0.3062499999999999,7160.065658569336,4700,1,0.3062499999999999,6751.1103515625,4700,1,0.3062499999999999,6968.969345092773,4700,1,0.3062499999999999,9815.402587890625,3007,3007,3007,3007,3007,3007,3007,3007,3007,3007,3007,3007,4690,4691,3007,3007,3007,4690,3007,3007,3007,3007,3007,4690,90.47618865966797,5.263157844543457,0,0,0,10.526315689086914,11.111111640930176,22.22222328186035,26.3157901763916,47.05882263183594,0,0,22.22222328186035,0,0,0,0,23.809524536132813,26.3157901763916,100,0,0,0,0,66481098752,12884893696,1621098496,0
99,1780596592454,57246.4762878418,4700,1,0.30000000000000004,6933.919906616211,4700,1,0.30000000000000004,6796.658416748047,4700,1,0.30000000000000004,12036.347686767578,4700,1,0.30000000000000004,45555.244232177734,4700,1,0.30000000000000004,37715.11013793945,4700,1,0.30000000000000004,46932.45478820801,4700,1,0.30000000000000004,29391.895446777344,4700,1,0.30000000000000004,7270.906173706055,4700,1,0.30000000000000004,7160.068740844727,4700,1,0.30000000000000004,6751.113433837891,4700,1,0.30000000000000004,6968.972427368164,4700,1,0.30000000000000004,9821.10678100586,3007,3007,3007,3007,3007,3007,3007,3007,3007,3007,3007,3007,4690,4691,3007,3007,3007,4690,3007,3007,3007,3007,3007,4690,90.47618865966797,5.263157844543457,0,0,0,10.526315689086914,11.111111640930176,22.22222328186035,26.3157901763916,47.05882263183594,0,0,22.22222328186035,0,0,0,0,23.809524536132813,26.3157901763916,100,0,0,0,0,66481098752,12884893696,1622245376,0
99,1780596592554,57247.02296447754,4700,1,0.3062499999999999,6933.923080444336,4700,1,0.3062499999999999,6796.661682128906,4700,1,0.3062499999999999,12036.640365600586,4700,1,0.3062499999999999,45555.622131347656,4700,1,0.3062499999999999,37715.57627868652,4700,1,0.3062499999999999,46932.89530944824,4700,1,0.3062499999999999,29392.583053588867,4700,1,0.3062499999999999,7270.909317016602,4700,1,0.3062499999999999,7160.071823120117,4700,1,0.3062499999999999,6751.116592407227,4700,1,0.3062499999999999,6968.975616455078,4700,1,0.3062499999999999,9826.883239746094,3007,3007,3007,3007,3007,3007,3007,3007,3007,3007,3007,3007,4690,4691,3007,3007,3007,4690,3007,3007,3007,3007,3007,4690,88.23529815673828,4.761904716491699,0,0,10,23.809524536132813,19.047618865966797,26.3157901763916,22.22222328186035,47.36842346191406,0,0,11.764705657958984,0,0,0,0,26.3157901763916,25,100,0,0,0,0,66481098752,12884893696,1624969216,0
99,1780596592654,57247.62992858887,4700,1,0.3062499999999999,6933.926208496094,4700,1,0.3062499999999999,6796.664764404297,4700,1,0.3062499999999999,12036.89875793457,4700,1,0.3062499999999999,45556.07305908203,4700,1,0.3062499999999999,37715.97978210449,4700,1,0.3062499999999999,46933.25717163086,4700,1,0.3062499999999999,29393.279067993164,4700,1,0.3062499999999999,7270.912399291992,4700,1,0.3062499999999999,7160.074905395508,4700,1,0.3062499999999999,6751.119781494141,4700,1,0.3062499999999999,6968.978820800781,4700,1,0.3062499999999999,9832.7001953125,3007,3007,3007,3007,3007,3007,3007,3007,3007,3007,3007,3007,4690,4691,3007,3007,3007,4690,3007,3007,3007,3007,3007,4690,88.23529815673828,4.761904716491699,0,0,10,23.809524536132813,19.047618865966797,26.3157901763916,22.22222328186035,47.36842346191406,0,0,11.764705657958984,0,0,0,0,26.3157901763916,25,100,0,0,0,0,66481098752,12884893696,1624543232,0
99,1780596592754,57248.200927734375,4700,1,0.30000000000000004,6933.937728881836,4700,1,0.3062499999999999,6796.667922973633,4700,1,0.3062499999999999,12037.252166748047,4700,1,0.30000000000000004,45556.479095458984,4700,1,0.30000000000000004,37716.36128234863,4700,1,0.30000000000000004,46933.612380981445,4700,1,0.3062499999999999,29393.97605895996,4700,1,0.3062499999999999,7270.915512084961,4700,1,0.3062499999999999,7160.078018188477,4700,1,0.3062499999999999,6751.122863769531,4700,1,0.3062499999999999,6968.981903076172,4700,1,0.3062499999999999,9838.46597290039,3007,3007,3007,3007,3007,3007,3007,3007,3007,3007,3007,3007,4690,4691,3007,3007,3007,4690,3007,3007,3007,3007,3007,4690,94.44444274902344,0,0,0,10.526315689086914,11.111111640930176,11.111111640930176,10.526315689086914,27.77777862548828,47.05882263183594,0,0,40.90909194946289,0,0,0,0,26.3157901763916,0,100,0,0,0,0,66481098752,12884893696,1629954048,0
99,1780596592854,57248.80404663086,4700,1,0.3062499999999999,6933.940841674805,4700,1,0.3062499999999999,6796.671005249023,4700,1,0.3062499999999999,12037.635467529297,4700,1,0.3062499999999999,45556.840576171875,4700,1,0.3062499999999999,37716.76547241211,4700,1,0.3062499999999999,46933.98469543457,4700,1,0.3062499999999999,29394.66471862793,4700,1,0.3062499999999999,7270.918594360352,4700,1,0.3062499999999999,7160.081100463867,4700,1,0.3062499999999999,6751.125946044922,4700,1,0.3062499999999999,6968.9849853515625,4700,1,0.3062499999999999,9844.270935058594,3007,3007,3007,3007,3007,3007,3007,3007,3007,3007,3007,3007,4690,4691,3007,3007,3007,4690,3007,3007,3007,3007,3007,4690,94.44444274902344,0,0,0,10.526315689086914,11.111111640930176,11.111111640930176,10.526315689086914,27.77777862548828,47.05882263183594,0,0,40.90909194946289,0,0,0,0,26.3157901763916,0,100,0,0,0,0,66481098752,12884893696,1625989120,0
99,1780596592954,57249.4287109375,4700,1,0.30000000000000004,6933.943954467773,4700,1,0.3062499999999999,6796.674087524414,4700,1,0.3062499999999999,12037.878982543945,4700,1,0.30000000000000004,45557.291580200195,4700,1,0.30000000000000004,37717.24401855469,4700,1,0.30000000000000004,46934.33485412598,4700,1,0.30000000000000004,29395.359176635742,4700,1,0.30000000000000004,7270.921890258789,4700,1,0.30000000000000004,7160.084182739258,4700,1,0.30000000000000004,6751.129104614258,4700,1,0.30000000000000004,6968.988128662109,4700,1,0.3062499999999999,9850.051864624023,3007,3007,3007,3007,3007,3007,3007,3007,3007,3007,3007,3007,4690,4691,3007,3007,3007,4690,3007,3007,3007,3007,3007,4690,95,14.285715103149414,0,0,16.666667938232422,15.789472579956055,30.000001907348633,5.882352828979492,5.555555820465088,54.54545593261719,0,0,11.111111640930176,0,0,0,0,23.52941131591797,15.789472579956055,100,0,0,0,0,66481098752,12884893696,1625083904,0
99,1780596593054,57249.96792602539,4700,1,0.30000000000000004,6933.94709777832,4700,1,0.30000000000000004,6796.677291870117,4700,1,0.30000000000000004,12038.264419555664,4700,1,0.30000000000000004,45557.69548034668,4700,1,0.30000000000000004,37717.69607543945,4700,1,0.30000000000000004,46934.682846069336,4700,1,0.30000000000000004,29396.034759521484,4700,1,0.30000000000000004,7270.925216674805,4700,1,0.30000000000000004,7160.08723449707,4700,1,0.30000000000000004,6751.1322021484375,4700,1,0.30000000000000004,6968.991180419922,4700,1,0.30000000000000004,9855.812210083008,3007,3007,3007,3007,3007,3007,3007,3007,3007,3007,3007,3007,4690,4691,3007,3007,3007,4690,3007,3007,3007,3007,3007,4690,95,14.285715103149414,0,0,16.666667938232422,15.789472579956055,30.000001907348633,5.882352828979492,5.555555820465088,54.54545593261719,0,0,11.111111640930176,0,0,0,0,23.52941131591797,15.789472579956055,100,0,0,0,0,66481098752,12884893696,1621712896,0
99,1780596593154,57250.5592956543,4700,1,0.3062499999999999,6933.950180053711,4700,1,0.3062499999999999,6796.680374145508,4700,1,0.3062499999999999,12038.576370239258,4700,1,0.3062499999999999,45558.165283203125,4700,1,0.3062499999999999,37718.1290435791,4700,1,0.3062499999999999,46935.01969909668,4700,1,0.3062499999999999,29396.727142333984,4700,1,0.3062499999999999,7270.928619384766,4700,1,0.3062499999999999,7160.090316772461,4700,1,0.3062499999999999,6751.135284423828,4700,1,0.3062499999999999,6968.9942626953125,4700,1,0.3062499999999999,9861.597640991211,3007,3007,3007,3007,3007,3007,3007,3007,3007,3007,3007,3007,4690,4691,3007,3007,3007,4690,3007,3007,3007,3007,3007,4690,90,21.052631378173828,0,0,5.263157844543457,10,27.77777862548828,22.22222328186035,10,44.4444465637207,0,0,21.052631378173828,0,0,0,0,16.666667938232422,16.666667938232422,100,0,0,0,0,66481098752,12884893696,1627860992,0
99,1780596593254,57251.17463684082,4700,1,0.3062499999999999,6933.953369140625,4700,1,0.3062499999999999,6796.683486938477,4700,1,0.3062499999999999,12038.990020751953,4700,1,0.3062499999999999,45558.58818054199,4700,1,0.3062499999999999,37718.48014831543,4700,1,0.3062499999999999,46935.31199645996,4700,1,0.3062499999999999,29397.417541503906,4700,1,0.3062499999999999,7270.931777954102,4700,1,0.3062499999999999,7160.093399047852,4700,1,0.3062499999999999,6751.13850402832,4700,1,0.3062499999999999,6968.997497558594,4700,1,0.3062499999999999,9867.263458251953,3007,3007,3007,3007,3007,3007,3007,3007,3007,3007,3007,3007,4690,4691,3007,3007,3007,4690,3007,3007,3007,3007,3007,4690,90,21.052631378173828,0,0,5.263157844543457,10,27.77777862548828,22.22222328186035,10,44.4444465637207,0,0,21.052631378173828,0,0,0,0,16.666667938232422,16.666667938232422,100,0,0,0,0,66481098752,12884893696,1626484736,0
99,1780596593354,57251.73538208008,4700,1,0.3062499999999999,6933.956451416016,4700,1,0.3062499999999999,6796.686569213867,4700,1,0.3062499999999999,12039.387161254883,4700,1,0.3062499999999999,45559.00929260254,4700,1,0.3062499999999999,37718.84359741211,4700,1,0.3062499999999999,46935.63232421875,4700,1,0.3062499999999999,29398.112075805664,4700,1,0.3062499999999999,7270.934860229492,4700,1,0.3062499999999999,7160.096481323242,4700,1,0.3062499999999999,6751.141647338867,4700,1,0.3062499999999999,6969.000671386719,4700,1,0.3062499999999999,9872.998550415039,3007,3007,3007,3007,3007,3007,3007,3007,3007,3007,3007,3007,4690,4691,3007,3007,3007,4690,3007,3007,3007,3007,3007,4690,94.73684692382813,26.3157901763916,0,0,26.086956024169922,15.789472579956055,21.052631378173828,31.57894515991211,23.809524536132813,47.05882263183594,0,0,22.22222328186035,0,0,0,0,0,10,100,0,0,0,0,66481098752,12884893696,1625423872,0
99,1780596593454,57252.28825378418,4700,1,0.3062499999999999,6933.959533691406,4700,1,0.3062499999999999,6796.689651489258,4700,1,0.3062499999999999,12039.781539916992,4700,1,0.3062499999999999,45559.44706726074,4700,1,0.3062499999999999,37719.186462402344,4700,1,0.3062499999999999,46936.06506347656,4700,1,0.3062499999999999,29398.801849365234,4700,1,0.3062499999999999,7270.938003540039,4700,1,0.3062499999999999,7160.099563598633,4700,1,0.3062499999999999,6751.144729614258,4700,1,0.3062499999999999,6969.003753662109,4700,1,0.3062499999999999,9878.760208129883,3007,3007,3007,3007,3007,3007,3007,3007,3007,3007,3007,3007,4690,4691,3007,3007,3007,4690,3007,3007,3007,3007,3007,4690,94.73684692382813,26.3157901763916,0,0,26.086956024169922,15.789472579956055,21.052631378173828,31.57894515991211,23.809524536132813,47.05882263183594,0,0,22.22222328186035,0,0,0,0,0,10,100,0,0,0,0,66481098752,12884893696,1621794816,0
99,1780596593554,57252.868408203125,4700,1,0.3062499999999999,6933.962692260742,4700,1,0.3062499999999999,6796.692794799805,4700,1,0.3062499999999999,12040.209609985352,4700,1,0.3062499999999999,45559.89764404297,4700,1,0.3062499999999999,37719.595474243164,4700,1,0.3062499999999999,46936.3819732666,4700,1,0.3062499999999999,29399.486328125,4700,1,0.3062499999999999,7270.941177368164,4700,1,0.3062499999999999,7160.102645874023,4700,1,0.3062499999999999,6751.147811889648,4700,1,0.3062499999999999,6969.0068359375,4700,1,0.3062499999999999,9884.573638916016,3007,3007,3007,3007,3007,3007,3007,3007,3007,3007,3007,3007,4690,4691,3007,3007,3007,4690,3007,3007,3007,3007,3007,4690,88.8888931274414,21.052631378173828,0,0,10,21.052631378173828,31.57894515991211,25,0,41.17647171020508,0,0,28.571430206298828,0,0,0,0,9.523809432983398,26.3157901763916,100,0,0,0,0,66481098752,12884893696,1630396416,0
99,1780596593654,57253.42509460449,4700,1,0.3062499999999999,6933.965835571289,4700,1,0.3062499999999999,6796.695877075195,4700,1,0.3062499999999999,12040.550201416016,4700,1,0.3062499999999999,45560.31904602051,4700,1,0.3062499999999999,37719.99394226074,4700,1,0.3062499999999999,46936.75743103027,4700,1,0.3062499999999999,29400.17384338379,4700,1,0.3062499999999999,7270.944320678711,4700,1,0.3062499999999999,7160.10578918457,4700,1,0.3062499999999999,6751.150894165039,4700,1,0.3062499999999999,6969.009918212891,4700,1,0.3062499999999999,9890.27749633789,3007,3007,3007,3007,3007,3007,3007,3007,3007,3007,3007,3007,4690,4691,3007,3007,3007,4690,3007,3007,3007,3007,3007,4690,88.8888931274414,21.052631378173828,0,0,10,21.052631378173828,31.57894515991211,25,0,41.17647171020508,0,0,28.571430206298828,0,0,0,0,9.523809432983398,26.3157901763916,100,0,0,0,0,66481098752,12884893696,1626263552,0
99,1780596593754,57254.03242492676,4700,1,0.3062499999999999,6933.968994140625,4700,1,0.3062499999999999,6796.6990966796875,4700,1,0.3062499999999999,12040.845520019531,4700,1,0.3062499999999999,45560.78549194336,4700,1,0.3062499999999999,37720.44152832031,4700,1,0.3062499999999999,46937.17251586914,4700,1,0.3062499999999999,29400.792541503906,4700,1,0.3062499999999999,7270.947463989258,4700,1,0.3062499999999999,7160.108840942383,4700,1,0.3062499999999999,6751.154037475586,4700,1,0.3062499999999999,6969.013092041016,4700,1,0.3062499999999999,9896.15998840332,3007,3007,3007,3007,3007,3007,3007,3007,3007,3007,3007,3007,4690,4691,3007,3007,3007,4690,3007,3007,3007,3007,3007,4690,94.73684692382813,11.111111640930176,0,0,5.555555820465088,15.000000953674316,30.000001907348633,21.052631378173828,11.111111640930176,36.842105865478516,0,0,25,0,0,0,0,12.5,22.22222328186035,100,0,0,0,0,66481098752,12884893696,1624723456,0
99,1780596593854,57254.60371398926,4700,1,0.30000000000000004,6933.9720458984375,4700,1,0.30000000000000004,6796.702194213867,4700,1,0.30000000000000004,12041.187469482422,4700,1,0.30000000000000004,45561.20657348633,4700,1,0.30000000000000004,37720.84294128418,4700,1,0.30000000000000004,46937.45910644531,4700,1,0.30000000000000004,29401.49087524414,4700,1,0.30000000000000004,7270.950637817383,4700,1,0.30000000000000004,7160.111923217773,4700,1,0.30000000000000004,6751.157089233398,4700,1,0.30000000000000004,6969.016143798828,4700,1,0.30000000000000004,9901.83041381836,3007,3007,3007,3007,3007,3007,3007,3007,3007,3007,3007,3007,4690,4691,3007,3007,3007,4690,3007,3007,3007,3007,3007,4690,94.73684692382813,11.111111640930176,0,0,5.555555820465088,15.000000953674316,30.000001907348633,21.052631378173828,11.111111640930176,36.842105865478516,0,0,25,0,0,0,0,12.5,22.22222328186035,100,0,0,0,0,66481098752,12884893696,1624014848,0
99,1780596593954,57255.243591308594,4700,1,0.3062499999999999,6933.975128173828,4700,1,0.3062499999999999,6796.705276489258,4700,1,0.3062499999999999,12041.49787902832,4700,1,0.3062499999999999,45561.54643249512,4700,1,0.3062499999999999,37721.238998413086,4700,1,0.3062499999999999,46937.830322265625,4700,1,0.3062499999999999,29402.185974121094,4700,1,0.3062499999999999,7270.953872680664,4700,1,0.3062499999999999,7160.115005493164,4700,1,0.3062499999999999,6751.160171508789,4700,1,0.3062499999999999,6969.019226074219,4700,1,0.3062499999999999,9907.575134277344,3007,3007,3007,3007,3007,3007,3007,3007,3007,3007,3007,3007,4690,4691,3007,3007,3007,4690,3007,3007,3007,3007,3007,4690,90,20,0,0,25,5.555555820465088,21.052631378173828,21.052631378173828,5.263157844543457,47.05882263183594,0,0,5.882352828979492,0,0,0,0,21.052631378173828,15.789472579956055,100,0,0,0,0,66481098752,12884893696,1625030656,0
99,1780596594055,57255.892166137695,4700,1,0.3062499999999999,6933.978668212891,4700,1,0.3062499999999999,6796.722671508789,4700,1,0.3062499999999999,12041.971481323242,4700,1,0.3062499999999999,45561.983139038086,4700,1,0.3062499999999999,37721.74481201172,4700,1,0.3062499999999999,46938.30564880371,4700,1,0.3062499999999999,29402.89079284668,4700,1,0.3062499999999999,7270.95735168457,4700,1,0.3062499999999999,7160.118087768555,4700,1,0.3062499999999999,6751.16325378418,4700,1,0.3062499999999999,6969.0223388671875,4700,1,0.3062499999999999,9913.777725219727,3007,3007,3007,3007,3007,3007,3007,3007,3007,3007,3007,3007,4690,4691,3007,3007,3007,4690,3007,3007,3007,3007,3007,4690,90,20,0,0,25,5.555555820465088,21.052631378173828,21.052631378173828,5.263157844543457,47.05882263183594,0,0,5.882352828979492,0,0,0,0,21.052631378173828,15.789472579956055,100,0,0,0,0,66481098752,12884893696,1627168768,0
99,1780596594155,57256.52787780762,4700,1,0.3062499999999999,6933.981750488281,4700,1,0.3062499999999999,6796.72575378418,4700,1,0.3062499999999999,12042.067947387695,4700,1,0.3062499999999999,45562.38967895508,4700,1,0.3062499999999999,37722.15898132324,4700,1,0.3062499999999999,46938.71551513672,4700,1,0.3062499999999999,29403.584899902344,4700,1,0.3062499999999999,7270.960556030273,4700,1,0.3062499999999999,7160.121170043945,4700,1,0.3062499999999999,6751.166412353516,4700,1,0.3062499999999999,6969.0255126953125,4700,1,0.3062499999999999,9919.418838500977,3007,3007,3007,3007,3007,3007,3007,3007,3007,3007,3007,3007,4690,4691,3007,3007,3007,4690,3007,3007,3007,3007,3007,4690,88.8888931274414,16.666667938232422,0,0,23.52941131591797,20,33.333335876464844,26.3157901763916,22.22222328186035,55,0,0,21.052631378173828,0,0,0,0,26.3157901763916,26.3157901763916,100,0,0,0,0,66481098752,12884893696,1630810112,0
99,1780596594255,57257.15090942383,4700,1,0.3062499999999999,6933.98486328125,4700,1,0.3062499999999999,6796.728897094727,4700,1,0.3062499999999999,12042.289001464844,4700,1,0.3062499999999999,45562.73547363281,4700,1,0.3062499999999999,37722.60786437988,4700,1,0.3062499999999999,46939.141830444336,4700,1,0.3062499999999999,29404.276306152344,4700,1,0.3062499999999999,7270.963760375977,4700,1,0.3062499999999999,7160.124252319336,4700,1,0.3062499999999999,6751.169586181641,4700,1,0.3062499999999999,6969.028854370117,4700,1,0.3062499999999999,9925.113327026367,3007,3007,3007,3007,3007,3007,3007,3007,3007,3007,3007,3007,4690,4691,3007,3007,3007,4690,3007,3007,3007,3007,3007,4690,88.8888931274414,16.666667938232422,0,0,23.52941131591797,20,33.333335876464844,26.3157901763916,22.22222328186035,55,0,0,21.052631378173828,0,0,0,0,26.3157901763916,26.3157901763916,100,0,0,0,0,66481098752,12884893696,1626591232,0
99,1780596594355,57257.73213195801,4700,1,0.30000000000000004,6933.987945556641,4700,1,0.30000000000000004,6796.731979370117,4700,1,0.3062499999999999,12042.580108642578,4700,1,0.30000000000000004,45563.13096618652,4700,1,0.30000000000000004,37723.05024719238,4700,1,0.30000000000000004,46939.522857666016,4700,1,0.30000000000000004,29404.974487304688,4700,1,0.30000000000000004,7270.967086791992,4700,1,0.30000000000000004,7160.127334594727,4700,1,0.30000000000000004,6751.172668457031,4700,1,0.30000000000000004,6969.031936645508,4700,1,0.30000000000000004,9930.813995361328,3007,3007,3007,3007,3007,3007,3007,3007,3007,3007,3007,3007,4690,4691,3007,3007,3007,4690,3007,3007,3007,3007,3007,4690,88.8888931274414,10,0,0,25,10,11.111111640930176,25,22.22222328186035,44.4444465637207,0,0,11.111111640930176,0,0,0,0,30.000001907348633,20,100,0,0,0,0,66481098752,12884893696,1631408128,0
99,1780596594455,57258.29704284668,4700,1,0.3062499999999999,6933.991027832031,4700,1,0.3062499999999999,6796.735061645508,4700,1,0.3062499999999999,12042.913177490234,4700,1,0.3062499999999999,45563.46189880371,4700,1,0.3062499999999999,37723.50393676758,4700,1,0.3062499999999999,46939.995864868164,4700,1,0.3062499999999999,29405.6583404541,4700,1,0.3062499999999999,7270.970169067383,4700,1,0.3062499999999999,7160.130386352539,4700,1,0.3062499999999999,6751.177764892578,4700,1,0.3062499999999999,6969.035018920898,4700,1,0.3062499999999999,9936.528717041016,3007,3007,3007,3007,3007,3007,3007,3007,3007,3007,3007,3007,4690,4691,3007,3007,3007,4690,3007,3007,3007,3007,3007,4690,88.8888931274414,10,0,0,25,10,11.111111640930176,25,22.22222328186035,44.4444465637207,0,0,11.111111640930176,0,0,0,0,30.000001907348633,20,100,0,0,0,0,66481098752,12884893696,1628905472,0
99,1780596594555,57258.82710266113,4700,1,0.3062499999999999,6933.994201660156,4700,1,0.3062499999999999,6796.738265991211,4700,1,0.3062499999999999,12043.150085449219,4700,1,0.3062499999999999,45563.923263549805,4700,1,0.3062499999999999,37723.92543029785,4700,1,0.3062499999999999,46940.428298950195,4700,1,0.3062499999999999,29406.353302001953,4700,1,0.3062499999999999,7270.973342895508,4700,1,0.3062499999999999,7160.133590698242,4700,1,0.3062499999999999,6751.1861572265625,4700,1,0.3062499999999999,6969.038269042969,4700,1,0.3062499999999999,9942.224090576172,3007,3007,3007,3007,3007,3007,3007,3007,3007,3007,3007,3007,4690,4691,3007,3007,3007,4690,3007,3007,3007,3007,3007,4690,85,4.761904716491699,0,0,5,21.052631378173828,21.052631378173828,27.77777862548828,26.3157901763916,50,0,0,20,0,0,0,0,11.764705657958984,26.3157901763916,100,0,0,0,0,66481098752,12884893696,1628545024,0
99,1780596594655,57259.36085510254,4700,1,0.3062499999999999,6933.997283935547,4700,1,0.3062499999999999,6796.741348266602,4700,1,0.3062499999999999,12043.4833984375,4700,1,0.3062499999999999,45564.37512207031,4700,1,0.3062499999999999,37724.31185913086,4700,1,0.3062499999999999,46940.803314208984,4700,1,0.3062499999999999,29407.038009643555,4700,1,0.3062499999999999,7270.976425170898,4700,1,0.3062499999999999,7160.136703491211,4700,1,0.3062499999999999,6751.1927490234375,4700,1,0.3062499999999999,6969.041351318359,4700,1,0.3062499999999999,9947.987426757813,3007,3007,3007,3007,3007,3007,3007,3007,3007,3007,3007,3007,4690,4691,3007,3007,3007,4690,3007,3007,3007,3007,3007,4690,85,4.761904716491699,0,0,5,21.052631378173828,21.052631378173828,27.77777862548828,26.3157901763916,50,0,0,20,0,0,0,0,11.764705657958984,26.3157901763916,100,0,0,0,0,66481098752,12884893696,1624035328,0
99,1780596594755,57259.973052978516,4700,1,0.3062499999999999,6934.0003662109375,4700,1,0.3062499999999999,6796.7445068359375,4700,1,0.3062499999999999,12043.88720703125,4700,1,0.3062499999999999,45564.6946105957,4700,1,0.3062499999999999,37724.68338012695,4700,1,0.3062499999999999,46941.22492980957,4700,1,0.3062499999999999,29407.72445678711,4700,1,0.3062499999999999,7270.97981262207,4700,1,0.3062499999999999,7160.139785766602,4700,1,0.3062499999999999,6751.2041015625,4700,1,0.3062499999999999,6969.044616699219,4700,1,0.3062499999999999,9953.758178710938,3007,3007,3007,3007,3007,3007,3007,3007,3007,3007,3007,3007,4690,4691,3007,3007,3007,4690,3007,3007,3007,3007,3007,4690,89.47368621826172,11.111111640930176,0,0,5.555555820465088,0,15.000000953674316,27.272727966308594,35,50,0,0,25,0,0,0,0,23.809524536132813,5.263157844543457,100,0,0,4.761904716491699,0,66481098752,12884893696,1631350784,0
99,1780596594855,57260.606048583984,4700,1,0.3062499999999999,6934.003448486328,4700,1,0.3062499999999999,6796.747589111328,4700,1,0.3062499999999999,12044.212188720703,4700,1,0.3062499999999999,45565.0831451416,4700,1,0.3062499999999999,37725.10925292969,4700,1,0.3062499999999999,46941.581939697266,4700,1,0.3062499999999999,29408.410095214844,4700,1,0.3062499999999999,7270.984771728516,4700,1,0.3062499999999999,7160.142868041992,4700,1,0.3062499999999999,6751.215408325195,4700,1,0.3062499999999999,6969.047698974609,4700,1,0.3062499999999999,9959.50129699707,3007,3007,3007,3007,3007,3007,3007,3007,3007,3007,3007,3007,4690,4691,3007,3007,3007,4690,3007,3007,3007,3007,3007,4690,89.47368621826172,11.111111640930176,0,0,5.555555820465088,0,15.000000953674316,27.272727966308594,35,50,0,0,25,0,0,0,0,23.809524536132813,5.263157844543457,100,0,0,4.761904716491699,0,66481098752,12884893696,1628168192,0
99,1780596594955,57261.187728881836,4700,1,0.3062499999999999,6934.006561279297,4700,1,0.3062499999999999,6796.750671386719,4700,1,0.3062499999999999,12044.553344726563,4700,1,0.3062499999999999,45565.510833740234,4700,1,0.3062499999999999,37725.45762634277,4700,1,0.3062499999999999,46941.96482849121,4700,1,0.3062499999999999,29409.10679626465,4700,1,0.3062499999999999,7270.987854003906,4700,1,0.3062499999999999,7160.145950317383,4700,1,0.3062499999999999,6751.230972290039,4700,1,0.3062499999999999,6969.050842285156,4700,1,0.3062499999999999,9965.261642456055,3007,3007,3007,3007,3007,3007,3007,3007,3007,3007,3007,3007,4690,4691,3007,3007,3007,4690,3007,3007,3007,3007,3007,4690,87.5,23.809524536132813,0,0,21.052631378173828,10,15.789472579956055,17.647058486938477,12.5,50,0,0,27.77777862548828,0,0,0,0,10,10,100,0,0,4.761904716491699,0,66481098752,12884893696,1628332032,0
99,1780596595055,57261.769760131836,4700,1,0.3062499999999999,6934.0096435546875,4700,1,0.3062499999999999,6796.7537841796875,4700,1,0.3062499999999999,12044.815368652344,4700,1,0.3062499999999999,45565.97944641113,4700,1,0.3062499999999999,37725.823181152344,4700,1,0.3062499999999999,46942.42402648926,4700,1,0.3062499999999999,29409.795211791992,4700,1,0.3062499999999999,7270.990936279297,4700,1,0.3062499999999999,7160.149032592773,4700,1,0.3062499999999999,6751.245498657227,4700,1,0.3062499999999999,6969.054000854492,4700,1,0.3062499999999999,9971.004257202148,3007,3007,3007,3007,3007,3007,3007,3007,3007,3007,3007,3007,4690,4691,3007,3007,3007,4690,3007,3007,3007,3007,3007,4690,87.5,23.809524536132813,0,0,21.052631378173828,10,15.789472579956055,17.647058486938477,12.5,50,0,0,27.77777862548828,0,0,0,0,10,10,100,0,0,4.761904716491699,0,66481098752,12884893696,1628741632,0
99,1780596595155,57262.339584350586,4700,1,0.3062499999999999,6934.012725830078,4700,1,0.3062499999999999,6796.756866455078,4700,1,0.3062499999999999,12045.101196289063,4700,1,0.3062499999999999,45566.43452453613,4700,1,0.3062499999999999,37726.25631713867,4700,1,0.3062499999999999,46942.810638427734,4700,1,0.3062499999999999,29410.490753173828,4700,1,0.3062499999999999,7270.994430541992,4700,1,0.3062499999999999,7160.152114868164,4700,1,0.3062499999999999,6751.252685546875,4700,1,0.3062499999999999,6969.057281494141,4700,1,0.3062499999999999,9976.774841308594,3007,3007,3007,3007,3007,3007,3007,3007,3007,3007,3007,3007,4690,4691,3007,3007,3007,4690,3007,3007,3007,3007,3007,4690,80.95238494873047,5.555555820465088,0,0,15.789472579956055,0,33.333335876464844,31.57894515991211,33.333335876464844,43.75,0,0,26.3157901763916,0,0,0,0,10.526315689086914,20,100,0,0,4.761904716491699,0,66481098752,12884893696,1636257792,0
99,1780596595255,57262.92469787598,4700,1,0.30000000000000004,6934.015838623047,4700,1,0.30000000000000004,6796.759918212891,4700,1,0.30000000000000004,12045.433685302734,4700,1,0.30000000000000004,45566.85055541992,4700,1,0.30000000000000004,37726.66873168945,4700,1,0.30000000000000004,46943.20292663574,4700,1,0.30000000000000004,29411.171142578125,4700,1,0.30000000000000004,7270.997573852539,4700,1,0.30000000000000004,7160.155166625977,4700,1,0.30000000000000004,6751.255966186523,4700,1,0.30000000000000004,6969.06901550293,4700,1,0.30000000000000004,9982.487060546875,3007,3007,3007,3007,3007,3007,3007,3007,3007,3007,3007,3007,4690,4691,3007,3007,3007,4690,3007,3007,3007,3007,3007,4690,80.95238494873047,5.555555820465088,0,0,15.789472579956055,0,33.333335876464844,31.57894515991211,33.333335876464844,43.75,0,0,26.3157901763916,0,0,0,0,10.526315689086914,20,100,0,0,4.761904716491699,0,66481098752,12884893696,1628958720,0
99,1780596595355,57263.55993652344,4700,1,0.30000000000000004,6934.0189208984375,4700,1,0.30000000000000004,6796.763031005859,4700,1,0.30000000000000004,12045.732711791992,4700,1,0.30000000000000004,45567.22106933594,4700,1,0.30000000000000004,37727.027267456055,4700,1,0.30000000000000004,46943.64686584473,4700,1,0.30000000000000004,29411.857681274414,4700,1,0.30000000000000004,7271.000701904297,4700,1,0.30000000000000004,7160.158248901367,4700,1,0.30000000000000004,6751.259063720703,4700,1,0.30000000000000004,6969.074813842773,4700,1,0.30000000000000004,9988.201309204102,3007,3007,3007,3007,3007,3007,3007,3007,3007,3007,3007,3007,4690,4691,3007,3007,3007,4690,3007,3007,3007,3007,3007,4690,89.47368621826172,15.000000953674316,0,0,26.3157901763916,11.111111640930176,15.789472579956055,26.3157901763916,35,47.36842346191406,0,0,26.3157901763916,0,0,0,0,0,15.789472579956055,100,0,0,0,0,66481098752,12884893696,1623863296,0
99,1780596595455,57264.11380004883,4700,1,0.3062499999999999,6934.022003173828,4700,1,0.3062499999999999,6796.766082763672,4700,1,0.3062499999999999,12045.849319458008,4700,1,0.3062499999999999,45567.62846374512,4700,1,0.3062499999999999,37727.463928222656,4700,1,0.3062499999999999,46944.11912536621,4700,1,0.3062499999999999,29412.546600341797,4700,1,0.3062499999999999,7271.0037841796875,4700,1,0.3062499999999999,7160.161315917969,4700,1,0.3062499999999999,6751.262145996094,4700,1,0.3062499999999999,6969.078094482422,4700,1,0.3062499999999999,9993.844421386719,3007,3007,3007,3007,3007,3007,3007,3007,3007,3007,3007,3007,4690,4691,3007,3007,3007,4690,3007,3007,3007,3007,3007,4690,89.47368621826172,15.000000953674316,0,0,26.3157901763916,11.111111640930176,15.789472579956055,26.3157901763916,35,47.36842346191406,0,0,26.3157901763916,0,0,0,0,0,15.789472579956055,100,0,0,0,0,66481098752,12884893696,1622851584,0
99,1780596595555,57264.718032836914,4700,1,0.3062499999999999,6934.025100708008,4700,1,0.3062499999999999,6796.7691650390625,4700,1,0.3062499999999999,12046.133850097656,4700,1,0.3062499999999999,45568.127685546875,4700,1,0.3062499999999999,37727.96664428711,4700,1,0.3062499999999999,46944.58416748047,4700,1,0.3062499999999999,29413.146896362305,4700,1,0.3062499999999999,7271.006896972656,4700,1,0.3062499999999999,7160.164398193359,4700,1,0.3062499999999999,6751.265228271484,4700,1,0.3062499999999999,6969.081237792969,4700,1,0.3062499999999999,9999.769470214844,3007,3007,3007,3007,3007,3007,3007,3007,3007,3007,3007,3007,4690,4691,3007,3007,3007,4690,3007,3007,3007,3007,3007,4690,85.71428680419922,0,0,0,5.882352828979492,19.047618865966797,11.764705657958984,35,27.77777862548828,26.3157901763916,0,0,27.77777862548828,0,0,0,0,30.000001907348633,36.3636360168457,100,0,0,0,0,66481098752,12884893696,1627435008,0
99,1780596595656,57265.340270996094,4700,1,0.3062499999999999,6934.028182983398,4700,1,0.3062499999999999,6796.772247314453,4700,1,0.3062499999999999,12046.464553833008,4700,1,0.3062499999999999,45568.624435424805,4700,1,0.3062499999999999,37728.32287597656,4700,1,0.3062499999999999,46945.01364135742,4700,1,0.3062499999999999,29413.798614501953,4700,1,0.3062499999999999,7271.01025390625,4700,1,0.3062499999999999,7160.16748046875,4700,1,0.3062499999999999,6751.268371582031,4700,1,0.3062499999999999,6969.085968017578,4700,1,0.3062499999999999,10005.634201049805,3007,3007,3007,3007,3007,3007,3007,3007,3007,3007,3007,3007,4690,4691,3007,3007,3007,4690,3007,3007,3007,3007,3007,4690,85.71428680419922,0,0,0,5.882352828979492,19.047618865966797,11.764705657958984,35,27.77777862548828,26.3157901763916,0,0,27.77777862548828,0,0,0,0,30.000001907348633,36.3636360168457,100,0,0,0,0,66481098752,12884893696,1625436160,0
99,1780596595755,57265.91743469238,4700,1,0.30000000000000004,6934.031265258789,4700,1,0.3062499999999999,6796.775329589844,4700,1,0.3062499999999999,12046.761047363281,4700,1,0.30000000000000004,45569.07955932617,4700,1,0.30000000000000004,37728.72276306152,4700,1,0.30000000000000004,46945.4333190918,4700,1,0.30000000000000004,29414.478912353516,4700,1,0.30000000000000004,7271.013427734375,4700,1,0.30000000000000004,7160.170562744141,4700,1,0.30000000000000004,6751.271484375,4700,1,0.3062499999999999,6969.089126586914,4700,1,0.3062499999999999,10011.36833190918,3007,3007,3007,3007,3007,3007,3007,3007,3007,3007,3007,3007,4690,4691,3007,3007,3007,4690,3007,3007,3007,3007,3007,4690,88.23529815673828,15.789472579956055,0,0,25,5,36.842105865478516,16.666667938232422,25,33.333335876464844,0,0,28.571430206298828,0,0,0,0,23.809524536132813,11.764705657958984,100,0,0,0,0,66481098752,12884893696,1625112576,0
99,1780596595856,57266.535583496094,4700,1,0.3062499999999999,6934.03434753418,4700,1,0.3062499999999999,6796.778411865234,4700,1,0.3062499999999999,12047.120361328125,4700,1,0.3062499999999999,45569.46238708496,4700,1,0.3062499999999999,37729.21188354492,4700,1,0.3062499999999999,46945.70668029785,4700,1,0.3062499999999999,29415.122314453125,4700,1,0.3062499999999999,7271.0167236328125,4700,1,0.3062499999999999,7160.173675537109,4700,1,0.3062499999999999,6751.274566650391,4700,1,0.3062499999999999,6969.092208862305,4700,1,0.3062499999999999,10017.182189941406,3007,3007,3007,3007,3007,3007,3007,3007,3007,3007,3007,3007,4690,4691,3007,3007,3007,4690,3007,3007,3007,3007,3007,4690,88.23529815673828,15.789472579956055,0,0,25,5,36.842105865478516,16.666667938232422,25,33.333335876464844,0,0,28.571430206298828,0,0,0,0,23.809524536132813,11.764705657958984,100,0,0,0,0,66481098752,12884893696,1620733952,0
99,1780596595956,57267.10861206055,4700,1,0.3062499999999999,6934.03742980957,4700,1,0.3062499999999999,6796.781555175781,4700,1,0.3062499999999999,12047.417877197266,4700,1,0.3062499999999999,45569.91230773926,4700,1,0.3062499999999999,37729.625,4700,1,0.3062499999999999,46946.13285827637,4700,1,0.3062499999999999,29415.759872436523,4700,1,0.3062499999999999,7271.019989013672,4700,1,0.3062499999999999,7160.1767578125,4700,1,0.3062499999999999,6751.277648925781,4700,1,0.3062499999999999,6969.095291137695,4700,1,0.3062499999999999,10022.963638305664,3007,3007,3007,3007,3007,3007,3007,3007,3007,3007,3007,3007,4690,4691,3007,3007,3007,4690,3007,3007,3007,3007,3007,4690,85,11.111111640930176,0,0,25,5.882352828979492,22.22222328186035,26.3157901763916,5.263157844543457,27.77777862548828,0,0,11.764705657958984,0,0,0,0,30.000001907348633,26.3157901763916,100,0,0,0,0,66481098752,12884893696,1627623424,0
99,1780596596056,57267.67544555664,4700,1,0.30000000000000004,6934.040481567383,4700,1,0.30000000000000004,6796.784606933594,4700,1,0.30000000000000004,12047.734634399414,4700,1,0.30000000000000004,45570.369216918945,4700,1,0.30000000000000004,37730.00360107422,4700,1,0.30000000000000004,46946.504959106445,4700,1,0.30000000000000004,29416.44598388672,4700,1,0.30000000000000004,7271.023040771484,4700,1,0.30000000000000004,7160.1798095703125,4700,1,0.30000000000000004,6751.28076171875,4700,1,0.30000000000000004,6969.098495483398,4700,1,0.30000000000000004,10028.659484863281,3007,3007,3007,3007,3007,3007,3007,3007,3007,3007,3007,3007,4690,4691,3007,3007,3007,4690,3007,3007,3007,3007,3007,4690,85,11.111111640930176,0,0,25,5.882352828979492,22.22222328186035,26.3157901763916,5.263157844543457,27.77777862548828,0,0,11.764705657958984,0,0,0,0,30.000001907348633,26.3157901763916,100,0,0,0,0,66481098752,12884893696,1626955776,0
99,1780596596156,57268.27299499512,4700,1,0.3062499999999999,6934.043563842773,4700,1,0.3062499999999999,6796.787689208984,4700,1,0.3062499999999999,12047.874877929688,4700,1,0.3062499999999999,45570.8268737793,4700,1,0.3062499999999999,37730.48985290527,4700,1,0.3062499999999999,46946.83233642578,4700,1,0.3062499999999999,29417.14079284668,4700,1,0.3062499999999999,7271.026123046875,4700,1,0.3062499999999999,7160.182891845703,4700,1,0.3062499999999999,6751.283843994141,4700,1,0.3062499999999999,6969.101577758789,4700,1,0.3062499999999999,10034.377319335938,3007,3007,3007,3007,3007,3007,3007,3007,3007,3007,3007,3007,4690,4691,3007,3007,3007,4690,3007,3007,3007,3007,3007,4690,80,5,0,0,23.809524536132813,14.285715103149414,35,31.57894515991211,0,50,0,0,17.647058486938477,0,0,0,0,11.111111640930176,31.57894515991211,100,0,0,0,0,66481098752,12884893696,1625354240,0
99,1780596596256,57268.91346740723,4700,1,0.3062499999999999,6934.046768188477,4700,1,0.3062499999999999,6796.790771484375,4700,1,0.3062499999999999,12047.89485168457,4700,1,0.3062499999999999,45571.3005065918,4700,1,0.3062499999999999,37730.941955566406,4700,1,0.3062499999999999,46947.13723754883,4700,1,0.3062499999999999,29417.835662841797,4700,1,0.3062499999999999,7271.029205322266,4700,1,0.3062499999999999,7160.186004638672,4700,1,0.3062499999999999,6751.287078857422,4700,1,0.3062499999999999,6969.104904174805,4700,1,0.3062499999999999,10039.989166259766,3007,3007,3007,3007,3007,3007,3007,3007,3007,3007,3007,3007,4690,4691,3007,3007,3007,4690,3007,3007,3007,3007,3007,4690,80,5,0,0,23.809524536132813,14.285715103149414,35,31.57894515991211,0,50,0,0,17.647058486938477,0,0,0,0,11.111111640930176,31.57894515991211,100,0,0,0,0,66481098752,12884893696,1632309248,0
99,1780596596356,57269.51448059082,4700,1,0.3062499999999999,6934.049850463867,4700,1,0.3062499999999999,6796.793853759766,4700,1,0.3062499999999999,12048.236587524414,4700,1,0.3062499999999999,45571.77668762207,4700,1,0.3062499999999999,37731.34721374512,4700,1,0.3062499999999999,46947.48985290527,4700,1,0.3062499999999999,29418.505584716797,4700,1,0.3062499999999999,7271.032363891602,4700,1,0.3062499999999999,7160.18913269043,4700,1,0.3062499999999999,6751.290191650391,4700,1,0.3062499999999999,6969.107986450195,4700,1,0.3062499999999999,10045.733657836914,3007,3007,3007,3007,3007,3007,3007,3007,3007,3007,3007,3007,4690,4691,3007,3007,3007,4690,3007,3007,3007,3007,3007,4690,88.8888931274414,0,0,0,23.52941131591797,5.555555820465088,35,22.22222328186035,0,44.4444465637207,0,0,26.3157901763916,0,0,0,0,11.111111640930176,21.052631378173828,100,0,0,0,0,66481098752,12884893696,1630830592,0
99,1780596596456,57270.108810424805,4700,1,0.30000000000000004,6934.052963256836,4700,1,0.3062499999999999,6796.796936035156,4700,1,0.3062499999999999,12048.520553588867,4700,1,0.30000000000000004,45572.19953918457,4700,1,0.30000000000000004,37731.601806640625,4700,1,0.30000000000000004,46947.92907714844,4700,1,0.30000000000000004,29419.201080322266,4700,1,0.30000000000000004,7271.03547668457,4700,1,0.3062499999999999,7160.19221496582,4700,1,0.3062499999999999,6751.2933349609375,4700,1,0.3062499999999999,6969.111129760742,4700,1,0.3062499999999999,10051.483261108398,3007,3007,3007,3007,3007,3007,3007,3007,3007,3007,3007,3007,4690,4691,3007,3007,3007,4690,3007,3007,3007,3007,3007,4690,88.8888931274414,0,0,0,23.52941131591797,5.555555820465088,35,22.22222328186035,0,44.4444465637207,0,0,26.3157901763916,0,0,0,0,11.111111640930176,21.052631378173828,100,0,0,0,0,66481098752,12884893696,1628512256,0
99,1780596596556,57270.73971557617,4700,1,0.3062499999999999,6934.056045532227,4700,1,0.3062499999999999,6796.800018310547,4700,1,0.3062499999999999,12048.773483276367,4700,1,0.3062499999999999,45572.61096191406,4700,1,0.3062499999999999,37731.9768371582,4700,1,0.3062499999999999,46948.405197143555,4700,1,0.3062499999999999,29419.850296020508,4700,1,0.3062499999999999,7271.038650512695,4700,1,0.3062499999999999,7160.195297241211,4700,1,0.3062499999999999,6751.296417236328,4700,1,0.3062499999999999,6969.114288330078,4700,1,0.3062499999999999,10057.2783203125,3007,3007,3007,3007,3007,3007,3007,3007,3007,3007,3007,3007,4690,4691,3007,3007,3007,4690,3007,3007,3007,3007,3007,4690,83.33332824707031,10,0,0,30.000001907348633,5.555555820465088,27.77777862548828,0,30.000001907348633,45,0,0,15.789472579956055,0,0,0,0,33.333335876464844,35,100,0,0,0,0,66481098752,12884893696,1626882048,0
99,1780596596656,57271.33641052246,4700,1,0.3062499999999999,6934.059127807617,4700,1,0.3062499999999999,6796.8031005859375,4700,1,0.3062499999999999,12049.1220703125,4700,1,0.3062499999999999,45573.066970825195,4700,1,0.3062499999999999,37732.409088134766,4700,1,0.3062499999999999,46948.869140625,4700,1,0.3062499999999999,29420.438385009766,4700,1,0.3062499999999999,7271.041915893555,4700,1,0.3062499999999999,7160.198379516602,4700,1,0.3062499999999999,6751.299560546875,4700,1,0.3062499999999999,6969.117370605469,4700,1,0.3062499999999999,10063.18325805664,3007,3007,3007,3007,3007,3007,3007,3007,3007,3007,3007,3007,4690,4691,3007,3007,3007,4690,3007,3007,3007,3007,3007,4690,83.33332824707031,10,0,0,30.000001907348633,5.555555820465088,27.77777862548828,0,30.000001907348633,45,0,0,15.789472579956055,0,0,0,0,33.333335876464844,35,100,0,0,0,0,66481098752,12884893696,1628340224,0
99,1780596596756,57271.946548461914,4700,1,0.3062499999999999,6934.06217956543,4700,1,0.3062499999999999,6796.80615234375,4700,1,0.3062499999999999,12049.484130859375,4700,1,0.3062499999999999,45573.580993652344,4700,1,0.3062499999999999,37732.90591430664,4700,1,0.3062499999999999,46949.330490112305,4700,1,0.3062499999999999,29420.973190307617,4700,1,0.3062499999999999,7271.045135498047,4700,1,0.3062499999999999,7160.201431274414,4700,1,0.3062499999999999,6751.3026123046875,4700,1,0.3062499999999999,6969.120590209961,4700,1,0.3062499999999999,10069.092727661133,3007,3007,3007,3007,3007,3007,3007,3007,3007,3007,3007,3007,4690,4691,3007,3007,3007,4690,3007,3007,3007,3007,3007,4690,95,15.000000953674316,0,0,15.789472579956055,15.789472579956055,35,33.333335876464844,31.57894515991211,0,0,0,27.77777862548828,0,0,0,0,27.77777862548828,22.22222328186035,100,0,0,0,0,66481098752,12884893696,1627058176,0
99,1780596596856,57272.52572631836,4700,1,0.3062499999999999,6934.065292358398,4700,1,0.3062499999999999,6796.809234619141,4700,1,0.3062499999999999,12049.744720458984,4700,1,0.3062499999999999,45574.058166503906,4700,1,0.3062499999999999,37733.34567260742,4700,1,0.3062499999999999,46949.81913757324,4700,1,0.3062499999999999,29421.585205078125,4700,1,0.3062499999999999,7271.048370361328,4700,1,0.3062499999999999,7160.204513549805,4700,1,0.3062499999999999,6751.3057861328125,4700,1,0.3062499999999999,6969.123764038086,4700,1,0.3062499999999999,10074.935180664063,3007,3007,3007,3007,3007,3007,3007,3007,3007,3007,3007,3007,4690,4691,3007,3007,3007,4690,3007,3007,3007,3007,3007,4690,95,15.000000953674316,0,0,15.789472579956055,15.789472579956055,35,33.333335876464844,31.57894515991211,0,0,0,27.77777862548828,0,0,0,0,27.77777862548828,22.22222328186035,100,0,0,0,0,66481098752,12884893696,1624801280,0
99,1780596596956,57273.12225341797,4700,1,0.3062499999999999,6934.068374633789,4700,1,0.3062499999999999,6796.812316894531,4700,1,0.3062499999999999,12050.020156860352,4700,1,0.3062499999999999,45574.54284667969,4700,1,0.3062499999999999,37733.687408447266,4700,1,0.3062499999999999,46950.30155944824,4700,1,0.3062499999999999,29422.26336669922,4700,1,0.3062499999999999,7271.051849365234,4700,1,0.3062499999999999,7160.207595825195,4700,1,0.3062499999999999,6751.308868408203,4700,1,0.3062499999999999,6969.126846313477,4700,1,0.3062499999999999,10080.684982299805,3007,3007,3007,3007,3007,3007,3007,3007,3007,3007,3007,3007,4690,4691,3007,3007,3007,4690,3007,3007,3007,3007,3007,4690,83.33332824707031,10,0,0,15.000000953674316,15.000000953674316,31.57894515991211,15.789472579956055,31.57894515991211,31.57894515991211,0,0,27.77777862548828,0,0,0,0,12.5,30.000001907348633,100,0,4.761904716491699,0,0,66481098752,12884893696,1622061056,0
99,1780596597056,57273.70657348633,4700,1,0.3062499999999999,6934.07145690918,4700,1,0.3062499999999999,6796.815399169922,4700,1,0.3062499999999999,12050.319915771484,4700,1,0.3062499999999999,45575.008392333984,4700,1,0.3062499999999999,37734.06332397461,4700,1,0.3062499999999999,46950.677337646484,4700,1,0.3062499999999999,29422.956604003906,4700,1,0.3062499999999999,7271.054931640625,4700,1,0.3062499999999999,7160.210678100586,4700,1,0.3062499999999999,6751.311950683594,4700,1,0.3062499999999999,6969.130187988281,4700,1,0.3062499999999999,10086.488174438477,3007,3007,3007,3007,3007,3007,3007,3007,3007,3007,3007,3007,4690,4691,3007,3007,3007,4690,3007,3007,3007,3007,3007,4690,83.33332824707031,10,0,0,15.000000953674316,15.000000953674316,31.57894515991211,15.789472579956055,31.57894515991211,31.57894515991211,0,0,27.77777862548828,0,0,0,0,12.5,30.000001907348633,100,0,4.761904716491699,0,0,66481098752,12884893696,1629810688,0
99,1780596597156,57274.34538269043,4700,1,0.3062499999999999,6934.07453918457,4700,1,0.30000000000000004,6796.8184814453125,4700,1,0.30000000000000004,12050.599822998047,4700,1,0.3062499999999999,45575.44689941406,4700,1,0.3062499999999999,37734.48663330078,4700,1,0.3062499999999999,46951.02478027344,4700,1,0.3062499999999999,29423.642654418945,4700,1,0.3062499999999999,7271.058013916016,4700,1,0.3062499999999999,7160.213760375977,4700,1,0.30000000000000004,6751.315032958984,4700,1,0.30000000000000004,6969.134582519531,4700,1,0.30000000000000004,10092.232345581055,3007,3007,3007,3007,3007,3007,3007,3007,3007,3007,3007,3007,4690,4691,3007,3007,3007,4690,3007,3007,3007,3007,3007,4690,83.33332824707031,5.263157844543457,0,0,30.000001907348633,5.263157844543457,22.22222328186035,11.111111640930176,27.77777862548828,50,0,0,26.3157901763916,0,0,0,0,21.052631378173828,0,100,0,0,0,0,66481098752,12884893696,1625321472,0
99,1780596597256,57274.92984008789,4700,1,0.3062499999999999,6934.077713012695,4700,1,0.3062499999999999,6796.821563720703,4700,1,0.3062499999999999,12050.93815612793,4700,1,0.3062499999999999,45575.88510131836,4700,1,0.3062499999999999,37734.8415222168,4700,1,0.3062499999999999,46951.44105529785,4700,1,0.3062499999999999,29424.331634521484,4700,1,0.3062499999999999,7271.061096191406,4700,1,0.3062499999999999,7160.2249755859375,4700,1,0.3062499999999999,6751.318344116211,4700,1,0.3062499999999999,6969.13801574707,4700,1,0.3062499999999999,10098.027069091797,3007,3007,3007,3007,3007,3007,3007,3007,3007,3007,3007,3007,4690,4691,3007,3007,3007,4690,3007,3007,3007,3007,3007,4690,83.33332824707031,5.263157844543457,0,0,30.000001907348633,5.263157844543457,22.22222328186035,11.111111640930176,27.77777862548828,50,0,0,26.3157901763916,0,0,0,0,21.052631378173828,0,100,0,0,0,0,66481098752,12884893696,1625042944,0
99,1780596597356,57275.50567626953,4700,1,0.3062499999999999,6934.080810546875,4700,1,0.3062499999999999,6796.824645996094,4700,1,0.3062499999999999,12051.26628112793,4700,1,0.3062499999999999,45576.303649902344,4700,1,0.3062499999999999,37735.2141418457,4700,1,0.3062499999999999,46951.79945373535,4700,1,0.3062499999999999,29425.017990112305,4700,1,0.3062499999999999,7271.064147949219,4700,1,0.3062499999999999,7160.2322998046875,4700,1,0.3062499999999999,6751.321426391602,4700,1,0.3062499999999999,6969.141159057617,4700,1,0.3062499999999999,10103.748962402344,3007,3007,3007,3007,3007,3007,3007,3007,3007,3007,3007,3007,4690,4691,3007,3007,3007,4690,3007,3007,3007,3007,3007,4690,82.35294342041016,5.263157844543457,0,0,15.789472579956055,25,30.000001907348633,0,29.411766052246094,50,0,0,20,0,0,0,0,35,10,100,0,0,0,0,66481098752,12884893696,1625825280,0
99,1780596597456,57276.08491516113,4700,1,0.3062499999999999,6934.0838623046875,4700,1,0.3062499999999999,6796.827697753906,4700,1,0.3062499999999999,12051.590957641602,4700,1,0.3062499999999999,45576.77793884277,4700,1,0.3062499999999999,37735.562911987305,4700,1,0.3062499999999999,46952.17709350586,4700,1,0.3062499999999999,29425.701583862305,4700,1,0.3062499999999999,7271.067230224609,4700,1,0.3062499999999999,7160.238906860352,4700,1,0.3062499999999999,6751.324478149414,4700,1,0.3062499999999999,6969.14421081543,4700,1,0.3062499999999999,10109.422424316406,3007,3007,3007,3007,3007,3007,3007,3007,3007,3007,3007,3007,4690,4691,3007,3007,3007,4690,3007,3007,3007,3007,3007,4690,82.35294342041016,5.263157844543457,0,0,15.789472579956055,25,30.000001907348633,0,29.411766052246094,50,0,0,20,0,0,0,0,35,10,100,0,0,0,0,66481098752,12884893696,1627914240,0
99,1780596597556,57276.66816711426,4700,1,0.30000000000000004,6934.086959838867,4700,1,0.30000000000000004,6796.830764770508,4700,1,0.30000000000000004,12051.832885742188,4700,1,0.30000000000000004,45577.217712402344,4700,1,0.30000000000000004,37735.93728637695,4700,1,0.30000000000000004,46952.57385253906,4700,1,0.30000000000000004,29426.391708374023,4700,1,0.30000000000000004,7271.070343017578,4700,1,0.30000000000000004,7160.245376586914,4700,1,0.30000000000000004,6751.327560424805,4700,1,0.30000000000000004,6969.147369384766,4700,1,0.30000000000000004,10115.18637084961,3007,3007,3007,3007,3007,3007,3007,3007,3007,3007,3007,3007,4690,4691,3007,3007,3007,4690,3007,3007,3007,3007,3007,4690,84.21052551269531,5,0,0,20,5.882352828979492,22.22222328186035,15.000000953674316,30.000001907348633,47.36842346191406,0,0,23.52941131591797,0,0,0,0,27.272727966308594,5.263157844543457,100,0,0,0,0,66481098752,12884893696,1625305088,0
99,1780596597657,57277.26126098633,4700,1,0.3062499999999999,6934.090042114258,4700,1,0.3062499999999999,6796.833847045898,4700,1,0.3062499999999999,12052.058563232422,4700,1,0.3062499999999999,45577.64503479004,4700,1,0.3062499999999999,37736.36030578613,4700,1,0.3062499999999999,46952.96743774414,4700,1,0.3062499999999999,29427.085403442383,4700,1,0.3062499999999999,7271.073516845703,4700,1,0.3062499999999999,7160.25439453125,4700,1,0.3062499999999999,6751.33073425293,4700,1,0.3062499999999999,6969.1572265625,4700,1,0.3062499999999999,10120.903137207031,3007,3007,3007,3007,3007,3007,3007,3007,3007,3007,3007,3007,4690,4691,3007,3007,3007,4690,3007,3007,3007,3007,3007,4690,84.21052551269531,5,0,0,20,5.882352828979492,22.22222328186035,15.000000953674316,30.000001907348633,47.36842346191406,0,0,23.52941131591797,0,0,0,0,27.272727966308594,5.263157844543457,100,0,0,0,0,66481098752,12884893696,1625698304,0
99,1780596597757,57277.8475189209,4700,1,0.3062499999999999,6934.093124389648,4700,1,0.3062499999999999,6796.836929321289,4700,1,0.3062499999999999,12052.065231323242,4700,1,0.3062499999999999,45578.108963012695,4700,1,0.3062499999999999,37736.75993347168,4700,1,0.3062499999999999,46953.40507507324,4700,1,0.3062499999999999,29427.77571105957,4700,1,0.3062499999999999,7271.076904296875,4700,1,0.3062499999999999,7160.263259887695,4700,1,0.3062499999999999,6751.33381652832,4700,1,0.3062499999999999,6969.160369873047,4700,1,0.3062499999999999,10126.619918823242,3007,3007,3007,3007,3007,3007,3007,3007,3007,3007,3007,3007,4690,4691,3007,3007,3007,4690,3007,3007,3007,3007,3007,4690,82.35294342041016,0,0,0,21.052631378173828,13.636363983154297,20,27.77777862548828,27.77777862548828,40,0,0,18.75,0,0,0,0,15.789472579956055,19.047618865966797,100,0,0,0,0,66481098752,12884893696,1625591808,0
99,1780596597857,57278.44790649414,4700,1,0.3062499999999999,6934.096252441406,4700,1,0.3062499999999999,6796.840042114258,4700,1,0.3062499999999999,12052.29704284668,4700,1,0.3062499999999999,45578.52456665039,4700,1,0.3062499999999999,37737.096435546875,4700,1,0.3062499999999999,46953.86489868164,4700,1,0.3062499999999999,29428.45361328125,4700,1,0.3062499999999999,7271.079986572266,4700,1,0.3062499999999999,7160.271575927734,4700,1,0.3062499999999999,6751.336898803711,4700,1,0.3062499999999999,6969.1634521484375,4700,1,0.3062499999999999,10132.320663452148,3007,3007,3007,3007,3007,3007,3007,3007,3007,3007,3007,3007,4690,4691,3007,3007,3007,4690,3007,3007,3007,3007,3007,4690,82.35294342041016,0,0,0,21.052631378173828,13.636363983154297,20,27.77777862548828,27.77777862548828,40,0,0,18.75,0,0,0,0,15.789472579956055,19.047618865966797,100,0,0,0,0,66481098752,12884893696,1628622848,0
99,1780596597957,57279.025634765625,4700,1,0.3062499999999999,6934.099334716797,4700,1,0.3062499999999999,6796.843124389648,4700,1,0.3062499999999999,12052.599227905273,4700,1,0.3062499999999999,45578.93374633789,4700,1,0.3062499999999999,37737.49739074707,4700,1,0.3062499999999999,46954.29705810547,4700,1,0.3062499999999999,29429.135833740234,4700,1,0.3062499999999999,7271.083099365234,4700,1,0.3062499999999999,7160.279251098633,4700,1,0.3062499999999999,6751.339981079102,4700,1,0.3062499999999999,6969.166534423828,4700,1,0.3062499999999999,10138.112258911133,3007,3007,3007,3007,3007,3007,3007,3007,3007,3007,3007,3007,4690,4691,3007,3007,3007,4690,3007,3007,3007,3007,3007,4690,84.21052551269531,19.047618865966797,0,0,21.052631378173828,15.000000953674316,17.647058486938477,25,23.52941131591797,41.17647171020508,0,0,20,0,0,0,0,19.047618865966797,11.764705657958984,100,0,0,0,0,66481098752,12884893696,1627602944,0
99,1780596598057,57279.66654968262,4700,1,0.3062499999999999,6934.113433837891,4700,1,0.3062499999999999,6796.858047485352,4700,1,0.3062499999999999,12052.907333374023,4700,1,0.3062499999999999,45579.140365600586,4700,1,0.3062499999999999,37737.95294189453,4700,1,0.3062499999999999,46954.71473693848,4700,1,0.3062499999999999,29429.819061279297,4700,1,0.3062499999999999,7271.090087890625,4700,1,0.3062499999999999,7160.286148071289,4700,1,0.3062499999999999,6751.343124389648,4700,1,0.3062499999999999,6969.1749267578125,4700,1,0.3062499999999999,10143.794845581055,3007,3007,3007,3007,3007,3007,3007,3007,3007,3007,3007,3007,4690,4691,3007,3007,3007,4690,3007,3007,3007,3007,3007,4690,84.21052551269531,19.047618865966797,0,0,21.052631378173828,15.000000953674316,17.647058486938477,25,23.52941131591797,41.17647171020508,0,0,20,0,0,0,0,19.047618865966797,11.764705657958984,100,0,0,0,0,66481098752,12884893696,1627570176,0
99,1780596598157,57280.25700378418,4700,1,0.3062499999999999,6934.116485595703,4700,1,0.3062499999999999,6796.861099243164,4700,1,0.3062499999999999,12053.308898925781,4700,1,0.3062499999999999,45579.50645446777,4700,1,0.3062499999999999,37738.28039550781,4700,1,0.3062499999999999,46955.15467834473,4700,1,0.3062499999999999,29430.496826171875,4700,1,0.3062499999999999,7271.093170166016,4700,1,0.3062499999999999,7160.2928466796875,4700,1,0.3062499999999999,6751.346176147461,4700,1,0.3062499999999999,6969.177978515625,4700,1,0.3062499999999999,10149.508438110352,3007,3007,3007,3007,3007,3007,3007,3007,3007,3007,3007,3007,4690,4691,3007,3007,3007,4690,3007,3007,3007,3007,3007,4690,88.8888931274414,11.111111640930176,0,0,30.000001907348633,11.111111640930176,25,15.789472579956055,33.333335876464844,38.88888931274414,0,0,0,0,0,0,0,21.052631378173828,14.285715103149414,100,0,0,0,0,66481098752,12884893696,1625886720,0
99,1780596598257,57280.798416137695,4700,1,0.3062499999999999,6934.131652832031,4700,1,0.3062499999999999,6796.885162353516,4700,1,0.3062499999999999,12053.690826416016,4700,1,0.3062499999999999,45579.84571838379,4700,1,0.3062499999999999,37738.73712158203,4700,1,0.3062499999999999,46955.5637512207,4700,1,0.3062499999999999,29431.180145263672,4700,1,0.3062499999999999,7271.1085205078125,4700,1,0.3062499999999999,7160.313323974609,4700,1,0.3062499999999999,6751.360137939453,4700,1,0.3062499999999999,6969.206512451172,4700,1,0.3062499999999999,10155.36361694336,3007,3007,3007,3007,3007,3007,3007,3007,3007,3007,3007,3007,4690,4691,3007,3007,3007,4690,3007,3007,3007,3007,3007,4690,88.8888931274414,11.111111640930176,0,0,30.000001907348633,11.111111640930176,25,15.789472579956055,33.333335876464844,38.88888931274414,0,0,0,0,0,0,0,21.052631378173828,14.285715103149414,100,0,0,0,0,66481098752,12884893696,1635700736,0
99,1780596598357,57281.36038208008,4700,1,0.3062499999999999,6934.154525756836,4700,1,0.3062499999999999,6796.919372558594,4700,1,0.3062499999999999,12053.935134887695,4700,1,0.3062499999999999,45580.26515197754,4700,1,0.3062499999999999,37739.09330749512,4700,1,0.3062499999999999,46955.9122467041,4700,1,0.3062499999999999,29431.79965209961,4700,1,0.3062499999999999,7271.135757446289,4700,1,0.3062499999999999,7160.337295532227,4700,1,0.3062499999999999,6751.382705688477,4700,1,0.3062499999999999,6969.235916137695,4700,1,0.3062499999999999,10160.994094848633,3007,3007,3007,3007,3007,3007,3007,3007,3007,3007,3007,3007,4690,4691,3007,3007,3007,4690,3007,3007,3007,3007,3007,4690,83.33332824707031,15.000000953674316,0,0,5.263157844543457,20,15.789472579956055,27.77777862548828,25,47.36842346191406,0,0,15.789472579956055,0,0,0,0,20,11.111111640930176,90.47618865966797,0,0,0,0,66481098752,12884893696,1634684928,0
99,1780596598457,57281.95820617676,4700,1,0.3062499999999999,6934.165496826172,4700,1,0.3062499999999999,6796.930145263672,4700,1,0.3062499999999999,12054.228576660156,4700,1,0.3062499999999999,45580.720474243164,4700,1,0.3062499999999999,37739.59060668945,4700,1,0.3062499999999999,46956.29377746582,4700,1,0.3062499999999999,29432.403259277344,4700,1,0.3062499999999999,7271.138931274414,4700,1,0.3062499999999999,7160.3526611328125,4700,1,0.3062499999999999,6751.386795043945,4700,1,0.3062499999999999,6969.240173339844,4700,1,0.3062499999999999,10166.809860229492,3007,3007,3007,3007,3007,3007,3007,3007,3007,3007,3007,3007,4690,4691,3007,3007,3007,4690,3007,3007,3007,3007,3007,4690,83.33332824707031,15.000000953674316,0,0,5.263157844543457,20,15.789472579956055,27.77777862548828,25,47.36842346191406,0,0,15.789472579956055,0,0,0,0,20,11.111111640930176,90.47618865966797,0,0,0,0,66481098752,12884893696,1630015488,0
99,1780596598557,57282.57107543945,4700,1,0.3062499999999999,6934.168640136719,4700,1,0.3062499999999999,6796.933349609375,4700,1,0.3062499999999999,12054.605773925781,4700,1,0.3062499999999999,45581.15377807617,4700,1,0.3062499999999999,37739.876953125,4700,1,0.3062499999999999,46956.74514770508,4700,1,0.3062499999999999,29433.057510375977,4700,1,0.3062499999999999,7271.14241027832,4700,1,0.3062499999999999,7160.365188598633,4700,1,0.3062499999999999,6751.390289306641,4700,1,0.3062499999999999,6969.243347167969,4700,1,0.3062499999999999,10172.613372802734,3007,3007,3007,3007,3007,3007,3007,3007,3007,3007,3007,3007,4690,4691,3007,3007,3007,4690,3007,3007,3007,3007,3007,4690,88.8888931274414,10,0,0,21.052631378173828,26.3157901763916,26.3157901763916,20,33.333335876464844,26.3157901763916,0,0,30.000001907348633,0,0,0,0,21.052631378173828,14.285715103149414,100,0,0,0,0,66481098752,12884893696,1629601792,0
99,1780596598657,57283.138427734375,4700,1,0.3062499999999999,6934.171722412109,4700,1,0.3062499999999999,6796.936431884766,4700,1,0.3062499999999999,12054.971893310547,4700,1,0.3062499999999999,45581.565841674805,4700,1,0.3062499999999999,37740.1442565918,4700,1,0.3062499999999999,46957.21815490723,4700,1,0.3062499999999999,29433.74853515625,4700,1,0.3062499999999999,7271.146224975586,4700,1,0.3062499999999999,7160.375228881836,4700,1,0.3062499999999999,6751.393371582031,4700,1,0.3062499999999999,6969.246429443359,4700,1,0.3062499999999999,10178.344696044922,3007,3007,3007,3007,3007,3007,3007,3007,3007,3007,3007,3007,4690,4691,3007,3007,3007,4690,3007,3007,3007,3007,3007,4690,88.8888931274414,10,0,0,21.052631378173828,26.3157901763916,26.3157901763916,20,33.333335876464844,26.3157901763916,0,0,30.000001907348633,0,0,0,0,21.052631378173828,14.285715103149414,100,0,0,0,0,66481098752,12884893696,1634697216,0
99,1780596598757,57283.756607055664,4700,1,0.3062499999999999,6934.175155639648,4700,1,0.3062499999999999,6796.939743041992,4700,1,0.3062499999999999,12055.1162109375,4700,1,0.3062499999999999,45582.02185058594,4700,1,0.3062499999999999,37740.47595214844,4700,1,0.3062499999999999,46957.64308166504,4700,1,0.3062499999999999,29434.43928527832,4700,1,0.3062499999999999,7271.149429321289,4700,1,0.3062499999999999,7160.3828125,4700,1,0.3062499999999999,6751.396484375,4700,1,0.3062499999999999,6969.24967956543,4700,1,0.3062499999999999,10184.041397094727,3007,3007,3007,3007,3007,3007,3007,3007,3007,3007,3007,3007,4690,4691,3007,3007,3007,4690,3007,3007,3007,3007,3007,4690,84.21052551269531,5.263157844543457,0,0,21.052631378173828,19.047618865966797,5.882352828979492,0,22.22222328186035,50,0,0,27.77777862548828,0,0,0,0,20,30.000001907348633,100,0,0,0,0,66481098752,12884893696,1634250752,0
99,1780596598857,57284.33056640625,4700,1,0.30000000000000004,6934.182189941406,4700,1,0.30000000000000004,6796.942825317383,4700,1,0.30000000000000004,12055.27766418457,4700,1,0.30000000000000004,45582.5104675293,4700,1,0.30000000000000004,37740.85887145996,4700,1,0.30000000000000004,46958.079513549805,4700,1,0.30000000000000004,29435.12306213379,4700,1,0.30000000000000004,7271.152542114258,4700,1,0.30000000000000004,7160.388488769531,4700,1,0.30000000000000004,6751.3995361328125,4700,1,0.30000000000000004,6969.252731323242,4700,1,0.30000000000000004,10189.77473449707,3007,3007,3007,3007,3007,3007,3007,3007,3007,3007,3007,3007,4690,4691,3007,3007,3007,4690,3007,3007,3007,3007,3007,4690,84.21052551269531,5.263157844543457,0,0,21.052631378173828,19.047618865966797,5.882352828979492,0,22.22222328186035,50,0,0,27.77777862548828,0,0,0,0,20,30.000001907348633,100,0,0,0,0,66481098752,12884893696,1633923072,0
99,1780596598957,57284.90428161621,4700,1,0.3062499999999999,6934.185272216797,4700,1,0.3062499999999999,6796.945877075195,4700,1,0.3062499999999999,12055.572647094727,4700,1,0.3062499999999999,45582.985427856445,4700,1,0.3062499999999999,37741.285415649414,4700,1,0.3062499999999999,46958.44462585449,4700,1,0.3062499999999999,29435.810272216797,4700,1,0.3062499999999999,7271.155670166016,4700,1,0.3062499999999999,7160.395690917969,4700,1,0.3062499999999999,6751.402603149414,4700,1,0.3062499999999999,6969.255813598633,4700,1,0.3062499999999999,10195.494583129883,3007,3007,3007,3007,3007,3007,3007,3007,3007,3007,3007,3007,4690,4691,3007,3007,3007,4690,3007,3007,3007,3007,3007,4690,84.21052551269531,5.555555820465088,0,0,15.789472579956055,0,38.095237731933594,35,21.052631378173828,44.4444465637207,0,0,38.095237731933594,0,0,0,0,0,11.111111640930176,100,0,0,0,0,66481098752,12884893696,1631440896,0
99,1780596599057,57285.51580810547,4700,1,0.3062499999999999,6934.1883544921875,4700,1,0.3062499999999999,6796.949020385742,4700,1,0.3062499999999999,12055.913772583008,4700,1,0.3062499999999999,45583.3210144043,4700,1,0.3062499999999999,37741.63757324219,4700,1,0.3062499999999999,46958.87812805176,4700,1,0.3062499999999999,29436.499114990234,4700,1,0.3062499999999999,7271.1588134765625,4700,1,0.3062499999999999,7160.40251159668,4700,1,0.3062499999999999,6751.405685424805,4700,1,0.3062499999999999,6969.258926391602,4700,1,0.3062499999999999,10201.254760742188,3007,3007,3007,3007,3007,3007,3007,3007,3007,3007,3007,3007,4690,4691,3007,3007,3007,4690,3007,3007,3007,3007,3007,4690,84.21052551269531,5.555555820465088,0,0,15.789472579956055,0,38.095237731933594,35,21.052631378173828,44.4444465637207,0,0,38.095237731933594,0,0,0,0,0,11.111111640930176,100,0,0,0,0,66481098752,12884893696,1634344960,0
99,1780596599157,57286.08576965332,4700,1,0.3062499999999999,6934.1942138671875,4700,1,0.3062499999999999,6796.952102661133,4700,1,0.3062499999999999,12056.249923706055,4700,1,0.3062499999999999,45583.76528930664,4700,1,0.3062499999999999,37741.99157714844,4700,1,0.3062499999999999,46959.2481842041,4700,1,0.3062499999999999,29437.192123413086,4700,1,0.3062499999999999,7271.161926269531,4700,1,0.3062499999999999,7160.4117431640625,4700,1,0.3062499999999999,6751.408767700195,4700,1,0.3062499999999999,6969.2620849609375,4700,1,0.3062499999999999,10206.986907958984,3007,3007,3007,3007,3007,3007,3007,3007,3007,3007,3007,3007,4690,4691,3007,3007,3007,4690,3007,3007,3007,3007,3007,4690,84.21052551269531,19.047618865966797,0,0,25,11.111111640930176,23.52941131591797,0,26.3157901763916,47.05882263183594,0,0,10,0,0,0,0,31.57894515991211,10.526315689086914,100,0,0,0,0,66481098752,12884893696,1633529856,0
99,1780596599257,57286.66651916504,4700,1,0.3062499999999999,6934.211608886719,4700,1,0.3062499999999999,6796.95524597168,4700,1,0.3062499999999999,12056.523162841797,4700,1,0.3062499999999999,45584.2391204834,4700,1,0.3062499999999999,37742.35821533203,4700,1,0.3062499999999999,46959.6729888916,4700,1,0.3062499999999999,29437.867706298828,4700,1,0.3062499999999999,7271.165252685547,4700,1,0.3062499999999999,7160.420608520508,4700,1,0.3062499999999999,6751.411880493164,4700,1,0.3062499999999999,6969.265335083008,4700,1,0.3062499999999999,10212.760223388672,3007,3007,3007,3007,3007,3007,3007,3007,3007,3007,3007,3007,4690,4691,3007,3007,3007,4690,3007,3007,3007,3007,3007,4690,84.21052551269531,19.047618865966797,0,0,25,11.111111640930176,23.52941131591797,0,26.3157901763916,47.05882263183594,0,0,10,0,0,0,0,31.57894515991211,10.526315689086914,100,0,0,0,0,66481098752,12884893696,1633513472,0
99,1780596599357,57287.261138916016,4700,1,0.30000000000000004,6934.214691162109,4700,1,0.3062499999999999,6796.95832824707,4700,1,0.3062499999999999,12056.932479858398,4700,1,0.30000000000000004,45584.61993408203,4700,1,0.30000000000000004,37742.674224853516,4700,1,0.30000000000000004,46960.18019104004,4700,1,0.30000000000000004,29438.50567626953,4700,1,0.30000000000000004,7271.1683349609375,4700,1,0.30000000000000004,7160.434066772461,4700,1,0.3062499999999999,6751.414962768555,4700,1,0.3062499999999999,6969.268417358398,4700,1,0.3062499999999999,10218.511825561523,3007,3007,3007,3007,3007,3007,3007,3007,3007,3007,3007,3007,4690,4691,3007,3007,3007,4690,3007,3007,3007,3007,3007,4690,83.33332824707031,10.526315689086914,0,0,11.111111640930176,28.571430206298828,31.57894515991211,9.523809432983398,27.77777862548828,29.411766052246094,0,0,11.111111640930176,0,0,0,0,22.22222328186035,27.77777862548828,100,0,0,0,0,66481098752,12884893696,1628160000,0
99,1780596599458,57287.8582611084,4700,1,0.3062499999999999,6934.2177734375,4700,1,0.3062499999999999,6796.961410522461,4700,1,0.3062499999999999,12057.172561645508,4700,1,0.3062499999999999,45585.12855529785,4700,1,0.3062499999999999,37743.11869812012,4700,1,0.3062499999999999,46960.675216674805,4700,1,0.3062499999999999,29439.075408935547,4700,1,0.3062499999999999,7271.1715087890625,4700,1,0.3062499999999999,7160.442291259766,4700,1,0.3062499999999999,6751.418045043945,4700,1,0.3062499999999999,6969.271499633789,4700,1,0.3062499999999999,10224.362045288086,3007,3007,3007,3007,3007,3007,3007,3007,3007,3007,3007,3007,4690,4691,3007,3007,3007,4690,3007,3007,3007,3007,3007,4690,83.33332824707031,10.526315689086914,0,0,11.111111640930176,28.571430206298828,31.57894515991211,9.523809432983398,27.77777862548828,29.411766052246094,0,0,11.111111640930176,0,0,0,0,22.22222328186035,27.77777862548828,100,0,0,0,0,66481098752,12884893696,1634598912,0
99,1780596599558,57288.4679107666,4700,1,0.3062499999999999,6934.220993041992,4700,1,0.3062499999999999,6796.964553833008,4700,1,0.3062499999999999,12057.394226074219,4700,1,0.3062499999999999,45585.610122680664,4700,1,0.3062499999999999,37743.46072387695,4700,1,0.3062499999999999,46961.08377075195,4700,1,0.3062499999999999,29439.74853515625,4700,1,0.3062499999999999,7271.174560546875,4700,1,0.3062499999999999,7160.452102661133,4700,1,0.3062499999999999,6751.421127319336,4700,1,0.3062499999999999,6969.274673461914,4700,1,0.3062499999999999,10230.006134033203,3007,3007,3007,3007,3007,3007,3007,3007,3007,3007,3007,3007,4690,4691,3007,3007,3007,4690,3007,3007,3007,3007,3007,4690,89.47368621826172,10.526315689086914,0,0,26.3157901763916,5,35,17.647058486938477,23.52941131591797,22.22222328186035,0,0,36.842105865478516,0,0,0,0,15.000000953674316,11.111111640930176,100,0,0,0,0,66481098752,12884893696,1633050624,0
99,1780596599658,57289.09176635742,4700,1,0.3062499999999999,6934.224105834961,4700,1,0.3062499999999999,6796.969512939453,4700,1,0.3062499999999999,12057.664947509766,4700,1,0.3062499999999999,45586.071517944336,4700,1,0.3062499999999999,37743.666091918945,4700,1,0.3062499999999999,46961.536071777344,4700,1,0.3062499999999999,29440.427856445313,4700,1,0.3062499999999999,7271.177703857422,4700,1,0.3062499999999999,7160.458160400391,4700,1,0.3062499999999999,6751.424270629883,4700,1,0.3062499999999999,6969.277755737305,4700,1,0.3062499999999999,10235.599838256836,3007,3007,3007,3007,3007,3007,3007,3007,3007,3007,3007,3007,4690,4691,3007,3007,3007,4690,3007,3007,3007,3007,3007,4690,89.47368621826172,10.526315689086914,0,0,26.3157901763916,5,35,17.647058486938477,23.52941131591797,22.22222328186035,0,0,36.842105865478516,0,0,0,0,15.000000953674316,11.111111640930176,100,0,0,0,0,66481098752,12884893696,1632821248,0
99,1780596599758,57289.66162109375,4700,1,0.3062499999999999,6934.227203369141,4700,1,0.3062499999999999,6796.972732543945,4700,1,0.3062499999999999,12057.887573242188,4700,1,0.3062499999999999,45586.50361633301,4700,1,0.3062499999999999,37744.033950805664,4700,1,0.3062499999999999,46962.01112365723,4700,1,0.3062499999999999,29441.114379882813,4700,1,0.3062499999999999,7271.181121826172,4700,1,0.3062499999999999,7160.463668823242,4700,1,0.3062499999999999,6751.427352905273,4700,1,0.3062499999999999,6969.280868530273,4700,1,0.3062499999999999,10241.335968017578,3007,3007,3007,3007,3007,3007,3007,3007,3007,3007,3007,3007,4690,4691,3007,3007,3007,4690,3007,3007,3007,3007,3007,4690,81.25,10.526315689086914,0,0,25,5,33.333335876464844,5,31.57894515991211,44.4444465637207,0,0,28.571430206298828,0,0,0,0,26.3157901763916,30.000001907348633,100,0,0,0,0,66481098752,12884893696,1632952320,0
99,1780596599858,57290.206619262695,4700,1,0.3062499999999999,6934.230285644531,4700,1,0.3062499999999999,6796.975814819336,4700,1,0.3062499999999999,12058.212799072266,4700,1,0.3062499999999999,45586.95544433594,4700,1,0.3062499999999999,37744.41177368164,4700,1,0.3062499999999999,46962.48432922363,4700,1,0.3062499999999999,29441.796798706055,4700,1,0.3062499999999999,7271.184631347656,4700,1,0.3062499999999999,7160.473297119141,4700,1,0.3062499999999999,6751.430435180664,4700,1,0.3062499999999999,6969.283950805664,4700,1,0.3062499999999999,10247.131622314453,3007,3007,3007,3007,3007,3007,3007,3007,3007,3007,3007,3007,4690,4691,3007,3007,3007,4690,3007,3007,3007,3007,3007,4690,81.25,10.526315689086914,0,0,25,5,33.333335876464844,5,31.57894515991211,44.4444465637207,0,0,28.571430206298828,0,0,0,0,26.3157901763916,30.000001907348633,100,0,0,0,0,66481098752,12884893696,1635172352,0
99,1780596599958,57290.794509887695,4700,1,0.3062499999999999,6934.233444213867,4700,1,0.3062499999999999,6796.978897094727,4700,1,0.3062499999999999,12058.501098632813,4700,1,0.3062499999999999,45587.40252685547,4700,1,0.3062499999999999,37744.81684875488,4700,1,0.3062499999999999,46962.8858795166,4700,1,0.3062499999999999,29442.48907470703,4700,1,0.3062499999999999,7271.187896728516,4700,1,0.3062499999999999,7160.486267089844,4700,1,0.3062499999999999,6751.433624267578,4700,1,0.3062499999999999,6969.287124633789,4700,1,0.3062499999999999,10252.893615722656,3007,3007,3007,3007,3007,3007,3007,3007,3007,3007,3007,3007,4690,4691,3007,3007,3007,4690,3007,3007,3007,3007,3007,4690,84.21052551269531,10,0,0,15.000000953674316,10,31.57894515991211,15.000000953674316,21.052631378173828,41.17647171020508,0,0,11.764705657958984,0,0,0,0,22.22222328186035,27.77777862548828,100,0,0,0,0,66481098752,12884893696,1633345536,0
99,1780596600058,57291.407943725586,4700,1,0.3062499999999999,6934.236557006836,4700,1,0.3062499999999999,6796.982040405273,4700,1,0.3062499999999999,12058.720581054688,4700,1,0.3062499999999999,45587.8585357666,4700,1,0.3062499999999999,37745.16062927246,4700,1,0.3062499999999999,46963.36178588867,4700,1,0.3062499999999999,29443.16876220703,4700,1,0.3062499999999999,7271.191223144531,4700,1,0.3062499999999999,7160.495208740234,4700,1,0.3062499999999999,6751.436706542969,4700,1,0.3062499999999999,6969.290237426758,4700,1,0.3062499999999999,10258.60433959961,3007,3007,3007,3007,3007,3007,3007,3007,3007,3007,3007,3007,4690,4691,3007,3007,3007,4690,3007,3007,3007,3007,3007,4690,84.21052551269531,10,0,0,15.000000953674316,10,31.57894515991211,15.000000953674316,21.052631378173828,41.17647171020508,0,0,11.764705657958984,0,0,0,0,22.22222328186035,27.77777862548828,100,0,0,0,0,66481098752,12884893696,1633050624,0
99,1780596600158,57292.040100097656,4700,1,0.3062499999999999,6934.239639282227,4700,1,0.3062499999999999,6796.985122680664,4700,1,0.3062499999999999,12058.944290161133,4700,1,0.3062499999999999,45588.30648803711,4700,1,0.3062499999999999,37745.50900268555,4700,1,0.3062499999999999,46963.785064697266,4700,1,0.3062499999999999,29443.8553314209,4700,1,0.3062499999999999,7271.1943359375,4700,1,0.3062499999999999,7160.508239746094,4700,1,0.3062499999999999,6751.439788818359,4700,1,0.3062499999999999,6969.293319702148,4700,1,0.3062499999999999,10264.278457641602,3007,3007,3007,3007,3007,3007,3007,3007,3007,3007,3007,3007,4690,4691,3007,3007,3007,4690,3007,3007,3007,3007,3007,4690,89.47368621826172,4.761904716491699,0,0,35,10,30.000001907348633,14.285715103149414,26.3157901763916,44.4444465637207,0,0,21.052631378173828,0,0,0,0,25,26.3157901763916,100,0,0,0,0,66481098752,12884893696,1628741632,0
99,1780596600258,57292.606506347656,4700,1,0.3062499999999999,6934.242889404297,4700,1,0.3062499999999999,6796.988265991211,4700,1,0.3062499999999999,12059.249298095703,4700,1,0.3062499999999999,45588.73513793945,4700,1,0.3062499999999999,37745.92607116699,4700,1,0.3062499999999999,46964.26469421387,4700,1,0.3062499999999999,29444.483795166016,4700,1,0.3062499999999999,7271.197525024414,4700,1,0.3062499999999999,7160.511367797852,4700,1,0.3062499999999999,6751.442901611328,4700,1,0.3062499999999999,6969.2965087890625,4700,1,0.3062499999999999,10270.084884643555,3007,3007,3007,3007,3007,3007,3007,3007,3007,3007,3007,3007,4690,4691,3007,3007,3007,4690,3007,3007,3007,3007,3007,4690,89.47368621826172,4.761904716491699,0,0,35,10,30.000001907348633,14.285715103149414,26.3157901763916,44.4444465637207,0,0,21.052631378173828,0,0,0,0,25,26.3157901763916,100,0,0,0,0,66481098752,12884893696,1629487104,0
99,1780596600358,57293.23876953125,4700,1,0.3062499999999999,6934.246002197266,4700,1,0.3062499999999999,6796.991348266602,4700,1,0.3062499999999999,12059.546356201172,4700,1,0.3062499999999999,45589.042709350586,4700,1,0.3062499999999999,37746.31443786621,4700,1,0.3062499999999999,46964.714752197266,4700,1,0.3062499999999999,29445.170867919922,4700,1,0.3062499999999999,7271.200653076172,4700,1,0.3062499999999999,7160.514450073242,4700,1,0.3062499999999999,6751.445983886719,4700,1,0.3062499999999999,6969.299697875977,4700,1,0.3062499999999999,10275.759796142578,3007,3007,3007,3007,3007,3007,3007,3007,3007,3007,3007,3007,4690,4691,3007,3007,3007,4690,3007,3007,3007,3007,3007,4690,83.33332824707031,10.526315689086914,0,0,6.25,15.789472579956055,21.052631378173828,20,35,35.29411697387695,0,0,10.526315689086914,0,0,0,0,25,25,100,0,0,0,0,66481098752,12884893696,1631080448,0
99,1780596600458,57293.811782836914,4700,1,0.30000000000000004,6934.249053955078,4700,1,0.30000000000000004,6796.994400024414,4700,1,0.30000000000000004,12059.812118530273,4700,1,0.30000000000000004,45589.428955078125,4700,1,0.30000000000000004,37746.7126159668,4700,1,0.30000000000000004,46965.12707519531,4700,1,0.30000000000000004,29445.86312866211,4700,1,0.30000000000000004,7271.203750610352,4700,1,0.30000000000000004,7160.517532348633,4700,1,0.30000000000000004,6751.449066162109,4700,1,0.30000000000000004,6969.302749633789,4700,1,0.30000000000000004,10281.362991333008,3007,3007,3007,3007,3007,3007,3007,3007,3007,3007,3007,3007,4690,4691,3007,3007,3007,4690,3007,3007,3007,3007,3007,4690,83.33332824707031,10.526315689086914,0,0,6.25,15.789472579956055,21.052631378173828,20,35,35.29411697387695,0,0,10.526315689086914,0,0,0,0,25,25,100,0,0,0,0,66481098752,12884893696,1630662656,0
99,1780596600558,57294.350646972656,4700,1,0.3062499999999999,6934.252136230469,4700,1,0.3062499999999999,6796.997543334961,4700,1,0.3062499999999999,12059.998992919922,4700,1,0.3062499999999999,45589.91470336914,4700,1,0.3062499999999999,37747.093811035156,4700,1,0.3062499999999999,46965.55715942383,4700,1,0.3062499999999999,29446.54490661621,4700,1,0.3062499999999999,7271.206832885742,4700,1,0.3062499999999999,7160.520614624023,4700,1,0.3062499999999999,6751.4521484375,4700,1,0.3062499999999999,6969.305877685547,4700,1,0.3062499999999999,10287.074813842773,3007,3007,3007,3007,3007,3007,3007,3007,3007,3007,3007,3007,4690,4691,3007,3007,3007,4690,3007,3007,3007,3007,3007,4690,84.21052551269531,0,0,0,14.285715103149414,15.789472579956055,31.57894515991211,18.75,17.647058486938477,52.38095474243164,0,0,16.666667938232422,0,0,0,0,11.111111640930176,21.052631378173828,100,0,0,0,0,66481098752,12884893696,1635872768,0
99,1780596600658,57294.90539550781,4700,1,0.3062499999999999,6934.255218505859,4700,1,0.3062499999999999,6797.000640869141,4700,1,0.3062499999999999,12060.310409545898,4700,1,0.3062499999999999,45590.42539978027,4700,1,0.3062499999999999,37747.55517578125,4700,1,0.3062499999999999,46966.04949951172,4700,1,0.3062499999999999,29447.121353149414,4700,1,0.3062499999999999,7271.209915161133,4700,1,0.3062499999999999,7160.523696899414,4700,1,0.3062499999999999,6751.455230712891,4700,1,0.3062499999999999,6969.3089599609375,4700,1,0.3062499999999999,10293.028076171875,3007,3007,3007,3007,3007,3007,3007,3007,3007,3007,3007,3007,4690,4691,3007,3007,3007,4690,3007,3007,3007,3007,3007,4690,84.21052551269531,0,0,0,14.285715103149414,15.789472579956055,31.57894515991211,18.75,17.647058486938477,52.38095474243164,0,0,16.666667938232422,0,0,0,0,11.111111640930176,21.052631378173828,100,0,0,0,0,66481098752,12884893696,1634054144,0
99,1780596600758,57295.512924194336,4700,1,0.30000000000000004,6934.25830078125,4700,1,0.3062499999999999,6797.005340576172,4700,1,0.3062499999999999,12060.592178344727,4700,1,0.30000000000000004,45590.88780212402,4700,1,0.30000000000000004,37747.71580505371,4700,1,0.30000000000000004,46966.498291015625,4700,1,0.30000000000000004,29447.81117248535,4700,1,0.30000000000000004,7271.213302612305,4700,1,0.30000000000000004,7160.526779174805,4700,1,0.3062499999999999,6751.458312988281,4700,1,0.3062499999999999,6969.31217956543,4700,1,0.3062499999999999,10298.698120117188,3007,3007,3007,3007,3007,3007,3007,3007,3007,3007,3007,3007,4690,4691,3007,3007,3007,4690,3007,3007,3007,3007,3007,4690,84.21052551269531,13.636363983154297,0,0,15.789472579956055,20,31.57894515991211,20,31.57894515991211,26.3157901763916,0,0,31.57894515991211,0,0,0,0,19.047618865966797,31.57894515991211,100,0,0,0,0,66481098752,12884893696,1630187520,0
99,1780596600858,57296.13153076172,4700,1,0.3062499999999999,6934.261383056641,4700,1,0.3062499999999999,6797.0084228515625,4700,1,0.3062499999999999,12060.896667480469,4700,1,0.3062499999999999,45591.20976257324,4700,1,0.3062499999999999,37748.05187988281,4700,1,0.3062499999999999,46966.95341491699,4700,1,0.3062499999999999,29448.5029296875,4700,1,0.3062499999999999,7271.216415405273,4700,1,0.3062499999999999,7160.529861450195,4700,1,0.3062499999999999,6751.461395263672,4700,1,0.3062499999999999,6969.31526184082,4700,1,0.3062499999999999,10304.405456542969,3007,3007,3007,3007,3007,3007,3007,3007,3007,3007,3007,3007,4690,4691,3007,3007,3007,4690,3007,3007,3007,3007,3007,4690,84.21052551269531,13.636363983154297,0,0,15.789472579956055,20,31.57894515991211,20,31.57894515991211,26.3157901763916,0,0,31.57894515991211,0,0,0,0,19.047618865966797,31.57894515991211,100,0,0,0,0,66481098752,12884893696,1629753344,0
99,1780596600958,57296.708251953125,4700,1,0.3062499999999999,6934.264465332031,4700,1,0.3062499999999999,6797.011505126953,4700,1,0.3062499999999999,12061.231307983398,4700,1,0.3062499999999999,45591.66278076172,4700,1,0.3062499999999999,37748.50964355469,4700,1,0.3062499999999999,46967.256607055664,4700,1,0.3062499999999999,29449.16014099121,4700,1,0.3062499999999999,7271.219467163086,4700,1,0.3062499999999999,7160.532913208008,4700,1,0.3062499999999999,6751.4644775390625,4700,1,0.3062499999999999,6969.318344116211,4700,1,0.3062499999999999,10310.158966064453,3007,3007,3007,3007,3007,3007,3007,3007,3007,3007,3007,3007,4690,4691,3007,3007,3007,4690,3007,3007,3007,3007,3007,4690,85,5,0,0,16.666667938232422,30.000001907348633,16.666667938232422,11.111111640930176,30.000001907348633,44.4444465637207,0,0,23.809524536132813,0,0,0,0,21.052631378173828,10,100,0,0,0,0,66481098752,12884893696,1636687872,0
99,1780596601058,57297.301330566406,4700,1,0.3062499999999999,6934.267547607422,4700,1,0.3062499999999999,6797.0146484375,4700,1,0.3062499999999999,12061.56381225586,4700,1,0.3062499999999999,45592.07260131836,4700,1,0.3062499999999999,37748.90545654297,4700,1,0.3062499999999999,46967.54864501953,4700,1,0.3062499999999999,29449.854232788086,4700,1,0.3062499999999999,7271.222732543945,4700,1,0.3062499999999999,7160.535995483398,4700,1,0.3062499999999999,6751.467529296875,4700,1,0.3062499999999999,6969.321426391602,4700,1,0.3062499999999999,10315.86898803711,3007,3007,3007,3007,3007,3007,3007,3007,3007,3007,3007,3007,4690,4691,3007,3007,3007,4690,3007,3007,3007,3007,3007,4690,85,5,0,0,16.666667938232422,30.000001907348633,16.666667938232422,11.111111640930176,30.000001907348633,44.4444465637207,0,0,23.809524536132813,0,0,0,0,21.052631378173828,10,100,0,0,0,0,66481098752,12884893696,1636507648,0
99,1780596601159,57297.933013916016,4700,1,0.30000000000000004,6934.270599365234,4700,1,0.30000000000000004,6797.0177001953125,4700,1,0.30000000000000004,12061.856796264648,4700,1,0.30000000000000004,45592.50932312012,4700,1,0.30000000000000004,37749.25466918945,4700,1,0.30000000000000004,46967.9560546875,4700,1,0.30000000000000004,29450.542938232422,4700,1,0.30000000000000004,7271.22639465332,4700,1,0.30000000000000004,7160.5390625,4700,1,0.30000000000000004,6751.470611572266,4700,1,0.30000000000000004,6969.3245849609375,4700,1,0.30000000000000004,10321.55453491211,3007,3007,3007,3007,3007,3007,3007,3007,3007,3007,3007,3007,4690,4691,3007,3007,3007,4690,3007,3007,3007,3007,3007,4690,88.23529815673828,11.111111640930176,0,0,26.3157901763916,9.523809432983398,25,15.000000953674316,28.571430206298828,47.05882263183594,0,0,30.000001907348633,0,0,0,0,22.22222328186035,5.555555820465088,100,0,0,0,0,66481098752,12884893696,1631268864,0
99,1780596601259,57298.49806213379,4700,1,0.3062499999999999,6934.273681640625,4700,1,0.3062499999999999,6797.020843505859,4700,1,0.3062499999999999,12062.168411254883,4700,1,0.3062499999999999,45592.970703125,4700,1,0.3062499999999999,37749.635345458984,4700,1,0.3062499999999999,46968.36080932617,4700,1,0.3062499999999999,29451.2294921875,4700,1,0.3062499999999999,7271.229965209961,4700,1,0.3062499999999999,7160.542205810547,4700,1,0.3062499999999999,6751.473983764648,4700,1,0.3062499999999999,6969.327987670898,4700,1,0.3062499999999999,10327.308532714844,3007,3007,3007,3007,3007,3007,3007,3007,3007,3007,3007,3007,4690,4691,3007,3007,3007,4690,3007,3007,3007,3007,3007,4690,88.23529815673828,11.111111640930176,0,0,26.3157901763916,9.523809432983398,25,15.000000953674316,28.571430206298828,47.05882263183594,0,0,30.000001907348633,0,0,0,0,22.22222328186035,5.555555820465088,100,0,0,0,0,66481098752,12884893696,1628585984,0
99,1780596601359,57299.08474731445,4700,1,0.3062499999999999,6934.276824951172,4700,1,0.3062499999999999,6797.02392578125,4700,1,0.3062499999999999,12062.42268371582,4700,1,0.3062499999999999,45593.45002746582,4700,1,0.3062499999999999,37750.02917480469,4700,1,0.3062499999999999,46968.80545043945,4700,1,0.3062499999999999,29451.906173706055,4700,1,0.3062499999999999,7271.233261108398,4700,1,0.3062499999999999,7160.5452880859375,4700,1,0.3062499999999999,6751.477066040039,4700,1,0.3062499999999999,6969.331069946289,4700,1,0.3062499999999999,10333.081359863281,3007,3007,3007,3007,3007,3007,3007,3007,3007,3007,3007,3007,4690,4691,3007,3007,3007,4690,3007,3007,3007,3007,3007,4690,83.33332824707031,5,0,0,20,11.111111640930176,31.57894515991211,15.000000953674316,16.666667938232422,44.4444465637207,0,0,27.77777862548828,0,0,0,0,21.052631378173828,20,100,0,0,0,0,66481098752,12884893696,1636225024,0
99,1780596601459,57299.69581604004,4700,1,0.3062499999999999,6934.2799072265625,4700,1,0.3062499999999999,6797.027008056641,4700,1,0.3062499999999999,12062.777435302734,4700,1,0.3062499999999999,45593.867095947266,4700,1,0.3062499999999999,37750.361251831055,4700,1,0.3062499999999999,46969.24717712402,4700,1,0.3062499999999999,29452.58999633789,4700,1,0.3062499999999999,7271.236740112305,4700,1,0.3062499999999999,7160.548370361328,4700,1,0.3062499999999999,6751.48014831543,4700,1,0.3062499999999999,6969.33415222168,4700,1,0.3062499999999999,10338.868301391602,3007,3007,3007,3007,3007,3007,3007,3007,3007,3007,3007,3007,4690,4691,3007,3007,3007,4690,3007,3007,3007,3007,3007,4690,83.33332824707031,5,0,0,20,11.111111640930176,31.57894515991211,15.000000953674316,16.666667938232422,44.4444465637207,0,0,27.77777862548828,0,0,0,0,21.052631378173828,20,100,0,0,0,0,66481098752,12884893696,1633153024,0
99,1780596601559,57300.27687072754,4700,1,0.3062499999999999,6934.282989501953,4700,1,0.3062499999999999,6797.0301513671875,4700,1,0.3062499999999999,12063.121673583984,4700,1,0.3062499999999999,45594.249420166016,4700,1,0.3062499999999999,37750.78569030762,4700,1,0.3062499999999999,46969.64846801758,4700,1,0.3062499999999999,29453.279891967773,4700,1,0.3062499999999999,7271.240005493164,4700,1,0.3062499999999999,7160.551452636719,4700,1,0.3062499999999999,6751.483261108398,4700,1,0.3062499999999999,6969.337326049805,4700,1,0.3062499999999999,10344.69026184082,3007,3007,3007,3007,3007,3007,3007,3007,3007,3007,3007,3007,4690,4691,3007,3007,3007,4690,3007,3007,3007,3007,3007,4690,85.71428680419922,5.882352828979492,0,0,16.666667938232422,23.809524536132813,22.22222328186035,11.111111640930176,22.22222328186035,41.17647171020508,0,0,19.047618865966797,0,0,0,0,20,20,100,0,0,0,0,66481098752,12884893696,1631215616,0
99,1780596601659,57300.89176940918,4700,1,0.3062499999999999,6934.286071777344,4700,1,0.3062499999999999,6797.033294677734,4700,1,0.3062499999999999,12063.453918457031,4700,1,0.3062499999999999,45594.608474731445,4700,1,0.3062499999999999,37751.19204711914,4700,1,0.3062499999999999,46970.06057739258,4700,1,0.3062499999999999,29453.966995239258,4700,1,0.3062499999999999,7271.243148803711,4700,1,0.3062499999999999,7160.554504394531,4700,1,0.3062499999999999,6751.486343383789,4700,1,0.3062499999999999,6969.340438842773,4700,1,0.3062499999999999,10350.473342895508,3007,3007,3007,3007,3007,3007,3007,3007,3007,3007,3007,3007,4690,4691,3007,3007,3007,4690,3007,3007,3007,3007,3007,4690,85.71428680419922,5.882352828979492,0,0,16.666667938232422,23.809524536132813,22.22222328186035,11.111111640930176,22.22222328186035,41.17647171020508,0,0,19.047618865966797,0,0,0,0,20,20,100,0,0,0,0,66481098752,12884893696,1631129600,0
99,1780596601759,57301.505599975586,4700,1,0.30000000000000004,6934.289123535156,4700,1,0.30000000000000004,6797.036437988281,4700,1,0.30000000000000004,12063.550674438477,4700,1,0.30000000000000004,45594.941314697266,4700,1,0.30000000000000004,37751.6354675293,4700,1,0.30000000000000004,46970.54537963867,4700,1,0.30000000000000004,29454.654708862305,4700,1,0.30000000000000004,7271.246231079102,4700,1,0.30000000000000004,7160.557586669922,4700,1,0.30000000000000004,6751.489395141602,4700,1,0.30000000000000004,6969.343521118164,4700,1,0.30000000000000004,10356.13412475586,3007,3007,3007,3007,3007,3007,3007,3007,3007,3007,3007,3007,4690,4691,3007,3007,3007,4690,3007,3007,3007,3007,3007,4690,82.35294342041016,19.047618865966797,0,0,33.333335876464844,0,22.22222328186035,25,15.789472579956055,44.4444465637207,0,0,0,0,0,0,0,16.666667938232422,23.52941131591797,100,0,0,0,0,66481098752,12884893696,1638076416,0
99,1780596601859,57302.07423400879,4700,1,0.30000000000000004,6934.292205810547,4700,1,0.30000000000000004,6797.039489746094,4700,1,0.30000000000000004,12063.892578125,4700,1,0.30000000000000004,45595.3717956543,4700,1,0.30000000000000004,37752.09146118164,4700,1,0.30000000000000004,46970.91459655762,4700,1,0.30000000000000004,29455.336456298828,4700,1,0.30000000000000004,7271.249404907227,4700,1,0.30000000000000004,7160.560699462891,4700,1,0.30000000000000004,6751.492477416992,4700,1,0.30000000000000004,6969.346603393555,4700,1,0.30000000000000004,10361.898193359375,3007,3007,3007,3007,3007,3007,3007,3007,3007,3007,3007,3007,4690,4691,3007,3007,3007,4690,3007,3007,3007,3007,3007,4690,82.35294342041016,19.047618865966797,0,0,33.333335876464844,0,22.22222328186035,25,15.789472579956055,44.4444465637207,0,0,0,0,0,0,0,16.666667938232422,23.52941131591797,100,0,0,0,0,66481098752,12884893696,1637027840,0
99,1780596601959,57302.58615112305,4700,1,0.3062499999999999,6934.2952880859375,4700,1,0.3062499999999999,6797.042556762695,4700,1,0.3062499999999999,12064.291915893555,4700,1,0.3062499999999999,45595.73287963867,4700,1,0.3062499999999999,37752.56977844238,4700,1,0.3062499999999999,46971.222396850586,4700,1,0.3062499999999999,29456.032012939453,4700,1,0.3062499999999999,7271.252517700195,4700,1,0.3062499999999999,7160.563781738281,4700,1,0.3062499999999999,6751.495590209961,4700,1,0.3062499999999999,6969.34977722168,4700,1,0.3062499999999999,10367.593978881836,3007,3007,3007,3007,3007,3007,3007,3007,3007,3007,3007,3007,4690,4691,3007,3007,3007,4690,3007,3007,3007,3007,3007,4690,83.33332824707031,5.555555820465088,0,0,10,25,31.57894515991211,27.77777862548828,23.809524536132813,50,0,0,0,0,0,0,0,22.22222328186035,15.000000953674316,100,0,0,0,0,66481098752,12884893696,1633927168,0
99,1780596602059,57303.15808105469,4700,1,0.3062499999999999,6934.298370361328,4700,1,0.3062499999999999,6797.047317504883,4700,1,0.3062499999999999,12064.627059936523,4700,1,0.3062499999999999,45596.02294921875,4700,1,0.3062499999999999,37753.007080078125,4700,1,0.3062499999999999,46971.606033325195,4700,1,0.3062499999999999,29456.726928710938,4700,1,0.3062499999999999,7271.25569152832,4700,1,0.3062499999999999,7160.566864013672,4700,1,0.3062499999999999,6751.498672485352,4700,1,0.3062499999999999,6969.352935791016,4700,1,0.3062499999999999,10373.351928710938,3007,3007,3007,3007,3007,3007,3007,3007,3007,3007,3007,3007,4690,4691,3007,3007,3007,4690,3007,3007,3007,3007,3007,4690,83.33332824707031,5.555555820465088,0,0,10,25,31.57894515991211,27.77777862548828,23.809524536132813,50,0,0,0,0,0,0,0,22.22222328186035,15.000000953674316,100,0,0,0,0,66481098752,12884893696,1633267712,0
99,1780596602159,57303.725662231445,4700,1,0.30000000000000004,6934.301498413086,4700,1,0.3062499999999999,6797.053604125977,4700,1,0.3062499999999999,12064.813461303711,4700,1,0.30000000000000004,45596.4231262207,4700,1,0.3062499999999999,37753.44940185547,4700,1,0.3062499999999999,46972.04472351074,4700,1,0.3062499999999999,29457.41566467285,4700,1,0.3062499999999999,7271.258834838867,4700,1,0.3062499999999999,7160.569976806641,4700,1,0.3062499999999999,6751.50178527832,4700,1,0.3062499999999999,6969.356063842773,4700,1,0.3062499999999999,10379.06411743164,3007,3007,3007,3007,3007,3007,3007,3007,3007,3007,3007,3007,4690,4691,3007,3007,3007,4690,3007,3007,3007,3007,3007,4690,83.33332824707031,19.047618865966797,0,0,10.526315689086914,10,31.57894515991211,31.57894515991211,31.57894515991211,50,0,0,0,0,0,0,0,25,27.272727966308594,100,0,0,0,0,66481098752,12884893696,1628971008,0
99,1780596602259,57304.33950805664,4700,1,0.3062499999999999,6934.304580688477,4700,1,0.3062499999999999,6797.056747436523,4700,1,0.3062499999999999,12065.156219482422,4700,1,0.3062499999999999,45596.75679016113,4700,1,0.3062499999999999,37753.84182739258,4700,1,0.3062499999999999,46972.47312927246,4700,1,0.3062499999999999,29458.10415649414,4700,1,0.3062499999999999,7271.261978149414,4700,1,0.3062499999999999,7160.573089599609,4700,1,0.3062499999999999,6751.504928588867,4700,1,0.3062499999999999,6969.359298706055,4700,1,0.3062499999999999,10384.764556884766,3007,3007,3007,3007,3007,3007,3007,3007,3007,3007,3007,3007,4690,4691,3007,3007,3007,4690,3007,3007,3007,3007,3007,4690,83.33332824707031,19.047618865966797,0,0,10.526315689086914,10,31.57894515991211,31.57894515991211,31.57894515991211,50,0,0,0,0,0,0,0,25,27.272727966308594,100,0,0,0,0,66481098752,12884893696,1627459584,0
99,1780596602359,57304.92724609375,4700,1,0.3062499999999999,6934.307662963867,4700,1,0.3062499999999999,6797.059829711914,4700,1,0.3062499999999999,12065.505752563477,4700,1,0.3062499999999999,45597.108810424805,4700,1,0.3062499999999999,37754.200134277344,4700,1,0.3062499999999999,46972.88845825195,4700,1,0.3062499999999999,29458.78564453125,4700,1,0.3062499999999999,7271.265075683594,4700,1,0.3062499999999999,7160.576217651367,4700,1,0.3062499999999999,6751.508041381836,4700,1,0.3062499999999999,6969.362457275391,4700,1,0.3062499999999999,10390.57144165039,3007,3007,3007,3007,3007,3007,3007,3007,3007,3007,3007,3007,4690,4691,3007,3007,3007,4690,3007,3007,3007,3007,3007,4690,81.25,5,0,0,33.333335876464844,30.000001907348633,17.647058486938477,27.77777862548828,30.000001907348633,52.38095474243164,0,0,0,0,0,0,0,5,11.764705657958984,100,0,0,0,0,66481098752,12884893696,1626624000,0
99,1780596602459,57305.53520202637,4700,1,0.3062499999999999,6934.310745239258,4700,1,0.3062499999999999,6797.062911987305,4700,1,0.3062499999999999,12065.821640014648,4700,1,0.3062499999999999,45597.53776550293,4700,1,0.3062499999999999,37754.52017211914,4700,1,0.3062499999999999,46973.329513549805,4700,1,0.3062499999999999,29459.478317260742,4700,1,0.3062499999999999,7271.268157958984,4700,1,0.3062499999999999,7160.57926940918,4700,1,0.3062499999999999,6751.511093139648,4700,1,0.3062499999999999,6969.365539550781,4700,1,0.3062499999999999,10396.224426269531,3007,3007,3007,3007,3007,3007,3007,3007,3007,3007,3007,3007,4690,4691,3007,3007,3007,4690,3007,3007,3007,3007,3007,4690,81.25,5,0,0,33.333335876464844,30.000001907348633,17.647058486938477,27.77777862548828,30.000001907348633,52.38095474243164,0,0,0,0,0,0,0,5,11.764705657958984,100,0,0,0,0,66481098752,12884893696,1632903168,0
99,1780596602559,57306.10975646973,4700,1,0.30000000000000004,6934.313903808594,4700,1,0.30000000000000004,6797.066116333008,4700,1,0.30000000000000004,12066.148788452148,4700,1,0.30000000000000004,45597.85484313965,4700,1,0.30000000000000004,37754.954193115234,4700,1,0.30000000000000004,46973.767517089844,4700,1,0.30000000000000004,29460.171157836914,4700,1,0.30000000000000004,7271.271347045898,4700,1,0.30000000000000004,7160.582427978516,4700,1,0.30000000000000004,6751.514236450195,4700,1,0.30000000000000004,6969.368682861328,4700,1,0.30000000000000004,10401.922714233398,3007,3007,3007,3007,3007,3007,3007,3007,3007,3007,3007,3007,4690,4691,3007,3007,3007,4690,3007,3007,3007,3007,3007,4690,85,0,0,0,15.789472579956055,22.22222328186035,20,26.3157901763916,27.77777862548828,52.6315803527832,0,0,20,0,0,0,0,10,10,100,0,0,0,0,66481098752,12884893696,1630502912,0
99,1780596602659,57306.73699951172,4700,1,0.3062499999999999,6934.316986083984,4700,1,0.3062499999999999,6797.069198608398,4700,1,0.3062499999999999,12066.479629516602,4700,1,0.3062499999999999,45598.17784118652,4700,1,0.3062499999999999,37755.355407714844,4700,1,0.3062499999999999,46974.24137878418,4700,1,0.3062499999999999,29460.83171081543,4700,1,0.3062499999999999,7271.2747802734375,4700,1,0.3062499999999999,7160.585510253906,4700,1,0.3062499999999999,6751.517379760742,4700,1,0.3062499999999999,6969.371932983398,4700,1,0.3062499999999999,10407.691543579102,3007,3007,3007,3007,3007,3007,3007,3007,3007,3007,3007,3007,4690,4691,3007,3007,3007,4690,3007,3007,3007,3007,3007,4690,85,0,0,0,15.789472579956055,22.22222328186035,20,26.3157901763916,27.77777862548828,52.6315803527832,0,0,20,0,0,0,0,10,10,100,0,0,0,0,66481098752,12884893696,1625780224,0
99,1780596602759,57307.326400756836,4700,1,0.3062499999999999,6934.320068359375,4700,1,0.3062499999999999,6797.079803466797,4700,1,0.3062499999999999,12066.726547241211,4700,1,0.3062499999999999,45598.61102294922,4700,1,0.3062499999999999,37755.782165527344,4700,1,0.3062499999999999,46974.60678100586,4700,1,0.3062499999999999,29461.517532348633,4700,1,0.3062499999999999,7271.277984619141,4700,1,0.3062499999999999,7160.588592529297,4700,1,0.3062499999999999,6751.520462036133,4700,1,0.3062499999999999,6969.375015258789,4700,1,0.3062499999999999,10413.3994140625,3007,3007,3007,3007,3007,3007,3007,3007,3007,3007,3007,3007,4690,4691,3007,3007,3007,4690,3007,3007,3007,3007,3007,4690,84.21052551269531,0,0,0,22.22222328186035,11.111111640930176,10.526315689086914,33.333335876464844,21.052631378173828,42.105262756347656,0,0,22.22222328186035,0,0,0,0,15.000000953674316,22.22222328186035,100,0,0,0,0,66481098752,12884893696,1623330816,0
99,1780596602859,57307.894607543945,4700,1,0.3062499999999999,6934.323150634766,4700,1,0.3062499999999999,6797.0828857421875,4700,1,0.3062499999999999,12067.045471191406,4700,1,0.3062499999999999,45599.004318237305,4700,1,0.3062499999999999,37756.17581176758,4700,1,0.3062499999999999,46974.997161865234,4700,1,0.3062499999999999,29462.207290649414,4700,1,0.3062499999999999,7271.281097412109,4700,1,0.3062499999999999,7160.5916748046875,4700,1,0.3062499999999999,6751.523590087891,4700,1,0.3062499999999999,6969.378128051758,4700,1,0.3062499999999999,10419.161529541016,3007,3007,3007,3007,3007,3007,3007,3007,3007,3007,3007,3007,4690,4691,3007,3007,3007,4690,3007,3007,3007,3007,3007,4690,84.21052551269531,0,0,0,22.22222328186035,11.111111640930176,10.526315689086914,33.333335876464844,21.052631378173828,42.105262756347656,0,0,22.22222328186035,0,0,0,0,15.000000953674316,22.22222328186035,100,0,0,0,0,66481098752,12884893696,1630150656,0
99,1780596602959,57308.481857299805,4700,1,0.3062499999999999,6934.326232910156,4700,1,0.3062499999999999,6797.085968017578,4700,1,0.3062499999999999,12067.135391235352,4700,1,0.3062499999999999,45599.4612121582,4700,1,0.3062499999999999,37756.51303100586,4700,1,0.3062499999999999,46975.49620056152,4700,1,0.3062499999999999,29462.890090942383,4700,1,0.3062499999999999,7271.284240722656,4700,1,0.3062499999999999,7160.594757080078,4700,1,0.3062499999999999,6751.526672363281,4700,1,0.3062499999999999,6969.381210327148,4700,1,0.3062499999999999,10424.814544677734,3007,3007,3007,3007,3007,3007,3007,3007,3007,3007,3007,3007,4690,4691,3007,3007,3007,4690,3007,3007,3007,3007,3007,4690,83.33332824707031,9.523809432983398,0,0,15.789472579956055,19.047618865966797,33.333335876464844,26.3157901763916,16.666667938232422,50,0,0,23.809524536132813,0,0,0,0,0,35,100,0,0,0,0,66481098752,12884893696,1629769728,0
99,1780596603060,57309.11820983887,4700,1,0.30000000000000004,6934.329360961914,4700,1,0.30000000000000004,6797.089111328125,4700,1,0.3062499999999999,12067.141693115234,4700,1,0.30000000000000004,45599.91407775879,4700,1,0.30000000000000004,37756.87434387207,4700,1,0.30000000000000004,46975.95584106445,4700,1,0.30000000000000004,29463.57356262207,4700,1,0.30000000000000004,7271.287353515625,4700,1,0.30000000000000004,7160.597839355469,4700,1,0.30000000000000004,6751.529815673828,4700,1,0.30000000000000004,6969.384475708008,4700,1,0.30000000000000004,10430.465835571289,3007,3007,3007,3007,3007,3007,3007,3007,3007,3007,3007,3007,4690,4691,3007,3007,3007,4690,3007,3007,3007,3007,3007,4690,83.33332824707031,9.523809432983398,0,0,15.789472579956055,19.047618865966797,33.333335876464844,26.3157901763916,16.666667938232422,50,0,0,23.809524536132813,0,0,0,0,0,35,100,0,0,0,0,66481098752,12884893696,1629470720,0
99,1780596603160,57309.741958618164,4700,1,0.3062499999999999,6934.332473754883,4700,1,0.3062499999999999,6797.092193603516,4700,1,0.3062499999999999,12067.221054077148,4700,1,0.3062499999999999,45600.36430358887,4700,1,0.3062499999999999,37757.24281311035,4700,1,0.3062499999999999,46976.38996887207,4700,1,0.3062499999999999,29464.252334594727,4700,1,0.3062499999999999,7271.290435791016,4700,1,0.3062499999999999,7160.600967407227,4700,1,0.3062499999999999,6751.532928466797,4700,1,0.3062499999999999,6969.387557983398,4700,1,0.3062499999999999,10436.131805419922,3007,3007,3007,3007,3007,3007,3007,3007,3007,3007,3007,3007,4690,4691,3007,3007,3007,4690,3007,3007,3007,3007,3007,4690,88.8888931274414,0,0,0,13.333333969116211,0,18.75,35,16.666667938232422,37.5,0,0,22.22222328186035,0,0,0,0,0,38.095237731933594,100,0,0,0,0,66481098752,12884893696,1628942336,0
99,1780596603260,57310.36390686035,4700,1,0.30000000000000004,6934.335525512695,4700,1,0.30000000000000004,6797.095306396484,4700,1,0.30000000000000004,12067.498672485352,4700,1,0.30000000000000004,45600.74337768555,4700,1,0.30000000000000004,37757.6063079834,4700,1,0.30000000000000004,46976.834716796875,4700,1,0.30000000000000004,29464.947875976563,4700,1,0.30000000000000004,7271.293548583984,4700,1,0.30000000000000004,7160.604049682617,4700,1,0.30000000000000004,6751.536041259766,4700,1,0.30000000000000004,6969.39079284668,4700,1,0.30000000000000004,10441.724807739258,3007,3007,3007,3007,3007,3007,3007,3007,3007,3007,3007,3007,4690,4691,3007,3007,3007,4690,3007,3007,3007,3007,3007,4690,88.8888931274414,0,0,0,13.333333969116211,0,18.75,35,16.666667938232422,37.5,0,0,22.22222328186035,0,0,0,0,0,38.095237731933594,100,0,0,0,0,66481098752,12884893696,1632473088,0
99,1780596603360,57310.96629333496,4700,1,0.3062499999999999,6934.338638305664,4700,1,0.3062499999999999,6797.098388671875,4700,1,0.3062499999999999,12067.767181396484,4700,1,0.3062499999999999,45601.16909790039,4700,1,0.3062499999999999,37758.010330200195,4700,1,0.3062499999999999,46977.154693603516,4700,1,0.3062499999999999,29465.626373291016,4700,1,0.3062499999999999,7271.296630859375,4700,1,0.3062499999999999,7160.607131958008,4700,1,0.3062499999999999,6751.539123535156,4700,1,0.3062499999999999,6969.393905639648,4700,1,0.3062499999999999,10447.449569702148,3007,3007,3007,3007,3007,3007,3007,3007,3007,3007,3007,3007,4690,4691,3007,3007,3007,4690,3007,3007,3007,3007,3007,4690,82.35294342041016,5,0,0,22.22222328186035,5.882352828979492,33.333335876464844,38.095237731933594,20,50,0,0,10.526315689086914,0,0,0,0,9.523809432983398,11.111111640930176,100,0,0,0,0,66481098752,12884893696,1626320896,0
99,1780596603460,57311.57321166992,4700,1,0.3062499999999999,6934.341720581055,4700,1,0.3062499999999999,6797.101470947266,4700,1,0.3062499999999999,12068.055847167969,4700,1,0.3062499999999999,45601.626037597656,4700,1,0.3062499999999999,37758.44909667969,4700,1,0.3062499999999999,46977.48516845703,4700,1,0.3062499999999999,29466.314743041992,4700,1,0.3062499999999999,7271.299743652344,4700,1,0.3062499999999999,7160.610214233398,4700,1,0.3062499999999999,6751.542205810547,4700,1,0.3062499999999999,6969.3970947265625,4700,1,0.3062499999999999,10453.185165405273,3007,3007,3007,3007,3007,3007,3007,3007,3007,3007,3007,3007,4690,4691,3007,3007,3007,4690,3007,3007,3007,3007,3007,4690,82.35294342041016,5,0,0,22.22222328186035,5.882352828979492,33.333335876464844,38.095237731933594,20,50,0,0,10.526315689086914,0,0,0,0,9.523809432983398,11.111111640930176,100,0,0,0,0,66481098752,12884893696,1626288128,0
99,1780596603560,57312.213119506836,4700,1,0.3062499999999999,6934.373474121094,4700,1,0.3062499999999999,6797.142303466797,4700,1,0.3062499999999999,12068.527969360352,4700,1,0.3062499999999999,45602.059478759766,4700,1,0.3062499999999999,37758.8669128418,4700,1,0.3062499999999999,46977.95391845703,4700,1,0.3062499999999999,29466.98260498047,4700,1,0.3062499999999999,7271.309020996094,4700,1,0.3062499999999999,7160.6446533203125,4700,1,0.3062499999999999,6751.576263427734,4700,1,0.3062499999999999,6969.413497924805,4700,1,0.3062499999999999,10459.426193237305,3007,3007,3007,3007,3007,3007,3007,3007,3007,3007,3007,3007,4690,4691,3007,3007,3007,4690,3007,3007,3007,3007,3007,4690,89.47368621826172,30.000001907348633,4.761904716491699,0,16.666667938232422,11.111111640930176,17.647058486938477,26.3157901763916,30.000001907348633,45,0,0,30.000001907348633,0,0,0,0,17.647058486938477,11.764705657958984,100,0,0,0,0,66481098752,12884893696,1623531520,0
99,1780596603660,57312.80928039551,4700,1,0.30000000000000004,6934.376556396484,4700,1,0.30000000000000004,6797.151962280273,4700,1,0.30000000000000004,12068.91616821289,4700,1,0.30000000000000004,45602.426025390625,4700,1,0.30000000000000004,37759.30406188965,4700,1,0.30000000000000004,46978.34182739258,4700,1,0.30000000000000004,29467.674072265625,4700,1,0.30000000000000004,7271.312438964844,4700,1,0.30000000000000004,7160.647735595703,4700,1,0.30000000000000004,6751.579345703125,4700,1,0.30000000000000004,6969.416580200195,4700,1,0.30000000000000004,10465.223876953125,3007,3007,3007,3007,3007,3007,3007,3007,3007,3007,3007,3007,4690,4691,3007,3007,3007,4690,3007,3007,3007,3007,3007,4690,89.47368621826172,30.000001907348633,4.761904716491699,0,16.666667938232422,11.111111640930176,17.647058486938477,26.3157901763916,30.000001907348633,45,0,0,30.000001907348633,0,0,0,0,17.647058486938477,11.764705657958984,100,0,0,0,0,66481098752,12884893696,1623437312,0
99,1780596603760,57313.41711425781,4700,1,0.3062499999999999,6934.379638671875,4700,1,0.3062499999999999,6797.155120849609,4700,1,0.3062499999999999,12069.289810180664,4700,1,0.3062499999999999,45602.829528808594,4700,1,0.3062499999999999,37759.70915222168,4700,1,0.3062499999999999,46978.72773742676,4700,1,0.3062499999999999,29468.364669799805,4700,1,0.3062499999999999,7271.315734863281,4700,1,0.3062499999999999,7160.650817871094,4700,1,0.3062499999999999,6751.582427978516,4700,1,0.3062499999999999,6969.419692993164,4700,1,0.3062499999999999,10470.995040893555,3007,3007,3007,3007,3007,3007,3007,3007,3007,3007,3007,3007,4690,4691,3007,3007,3007,4690,3007,3007,3007,3007,3007,4690,90,17.647058486938477,0,0,10.526315689086914,10,15.000000953674316,30.000001907348633,5,43.75,0,0,26.3157901763916,0,0,0,0,11.111111640930176,27.77777862548828,100,0,0,0,0,66481098752,12884893696,1623855104,0
99,1780596603860,57314.04440307617,4700,1,0.3062499999999999,6934.382766723633,4700,1,0.3062499999999999,6797.158218383789,4700,1,0.3062499999999999,12069.68913269043,4700,1,0.3062499999999999,45603.24157714844,4700,1,0.3062499999999999,37760.15768432617,4700,1,0.3062499999999999,46979.0612487793,4700,1,0.3062499999999999,29469.026794433594,4700,1,0.3062499999999999,7271.3189697265625,4700,1,0.3062499999999999,7160.653869628906,4700,1,0.3062499999999999,6751.585479736328,4700,1,0.3062499999999999,6969.4228515625,4700,1,0.3062499999999999,10476.848327636719,3007,3007,3007,3007,3007,3007,3007,3007,3007,3007,3007,3007,4690,4691,3007,3007,3007,4690,3007,3007,3007,3007,3007,4690,90,17.647058486938477,0,0,10.526315689086914,10,15.000000953674316,30.000001907348633,5,43.75,0,0,26.3157901763916,0,0,0,0,11.111111640930176,27.77777862548828,100,0,0,0,0,66481098752,12884893696,1628930048,0
99,1780596603960,57314.609786987305,4700,1,0.3062499999999999,6934.385818481445,4700,1,0.3062499999999999,6797.16130065918,4700,1,0.3062499999999999,12069.912902832031,4700,1,0.3062499999999999,45603.66148376465,4700,1,0.3062499999999999,37760.635833740234,4700,1,0.3062499999999999,46979.51991271973,4700,1,0.3062499999999999,29469.71141052246,4700,1,0.3062499999999999,7271.322082519531,4700,1,0.3062499999999999,7160.656951904297,4700,1,0.3062499999999999,6751.588562011719,4700,1,0.3062499999999999,6969.4259033203125,4700,1,0.3062499999999999,10482.625503540039,3007,3007,3007,3007,3007,3007,3007,3007,3007,3007,3007,3007,4690,4691,3007,3007,3007,4690,3007,3007,3007,3007,3007,4690,94.11764526367188,20,0,0,10,19.047618865966797,23.52941131591797,11.764705657958984,10.526315689086914,47.619049072265625,0,0,15.789472579956055,0,0,0,0,27.77777862548828,26.3157901763916,100,0,0,0,0,66481098752,12884893696,1624862720,0
99,1780596604060,57315.21961975098,4700,1,0.3062499999999999,6934.388900756836,4700,1,0.3062499999999999,6797.164459228516,4700,1,0.3062499999999999,12070.247329711914,4700,1,0.3062499999999999,45604.11778259277,4700,1,0.3062499999999999,37761.03205871582,4700,1,0.3062499999999999,46979.92988586426,4700,1,0.3062499999999999,29470.378372192383,4700,1,0.3062499999999999,7271.325408935547,4700,1,0.3062499999999999,7160.6600341796875,4700,1,0.3062499999999999,6751.591644287109,4700,1,0.3062499999999999,6969.429016113281,4700,1,0.3062499999999999,10488.403564453125,3007,3007,3007,3007,3007,3007,3007,3007,3007,3007,3007,3007,4690,4691,3007,3007,3007,4690,3007,3007,3007,3007,3007,4690,94.11764526367188,20,0,0,10,19.047618865966797,23.52941131591797,11.764705657958984,10.526315689086914,47.619049072265625,0,0,15.789472579956055,0,0,0,0,27.77777862548828,26.3157901763916,100,0,0,0,0,66481098752,12884893696,1632817152,0
99,1780596604160,57315.84118652344,4700,1,0.3062499999999999,6934.391983032227,4700,1,0.3062499999999999,6797.167541503906,4700,1,0.3062499999999999,12070.630386352539,4700,1,0.3062499999999999,45604.48133850098,4700,1,0.3062499999999999,37761.423431396484,4700,1,0.3062499999999999,46980.37763977051,4700,1,0.3062499999999999,29471.06558227539,4700,1,0.3062499999999999,7271.328582763672,4700,1,0.3062499999999999,7160.663116455078,4700,1,0.3062499999999999,6751.5947265625,4700,1,0.3062499999999999,6969.432098388672,4700,1,0.3062499999999999,10494.199752807617,3007,3007,3007,3007,3007,3007,3007,3007,3007,3007,3007,3007,4690,4691,3007,3007,3007,4690,3007,3007,3007,3007,3007,4690,88.8888931274414,15.789472579956055,0,0,15.000000953674316,15.789472579956055,22.22222328186035,21.052631378173828,10.526315689086914,47.36842346191406,0,0,20,0,0,0,0,15.789472579956055,23.52941131591797,100,0,0,0,0,66481098752,12884893696,1629986816,0
99,1780596604260,57316.45555114746,4700,1,0.3062499999999999,6934.395065307617,4700,1,0.3062499999999999,6797.170684814453,4700,1,0.3062499999999999,12070.938888549805,4700,1,0.3062499999999999,45604.90132141113,4700,1,0.3062499999999999,37761.73384094238,4700,1,0.3062499999999999,46980.81921386719,4700,1,0.3062499999999999,29471.759521484375,4700,1,0.3062499999999999,7271.331787109375,4700,1,0.3062499999999999,7160.666229248047,4700,1,0.3062499999999999,6751.598037719727,4700,1,0.3062499999999999,6969.43537902832,4700,1,0.3062499999999999,10500.00796508789,3007,3007,3007,3007,3007,3007,3007,3007,3007,3007,3007,3007,4690,4691,3007,3007,3007,4690,3007,3007,3007,3007,3007,4690,88.8888931274414,15.789472579956055,0,0,15.000000953674316,15.789472579956055,22.22222328186035,21.052631378173828,10.526315689086914,47.36842346191406,0,0,20,0,0,0,0,15.789472579956055,23.52941131591797,100,0,0,0,0,66481098752,12884893696,1627996160,0
99,1780596604360,57317.07083129883,4700,1,0.3062499999999999,6934.398147583008,4700,1,0.3062499999999999,6797.173812866211,4700,1,0.3062499999999999,12071.332748413086,4700,1,0.3062499999999999,45605.3292388916,4700,1,0.3062499999999999,37762.06799316406,4700,1,0.3062499999999999,46981.15982055664,4700,1,0.3062499999999999,29472.452362060547,4700,1,0.3062499999999999,7271.334869384766,4700,1,0.3062499999999999,7160.6693115234375,4700,1,0.3062499999999999,6751.601119995117,4700,1,0.3062499999999999,6969.438461303711,4700,1,0.3062499999999999,10505.778854370117,3007,3007,3007,3007,3007,3007,3007,3007,3007,3007,3007,3007,4690,4691,3007,3007,3007,4690,3007,3007,3007,3007,3007,4690,90.47618865966797,15.789472579956055,0,0,15.000000953674316,15.789472579956055,21.052631378173828,10.526315689086914,27.77777862548828,52.6315803527832,0,0,22.22222328186035,0,0,0,0,10.526315689086914,14.285715103149414,100,0,0,0,0,66481098752,12884893696,1627660288,0
99,1780596604460,57317.69401550293,4700,1,0.30000000000000004,6934.401306152344,4700,1,0.30000000000000004,6797.176895141602,4700,1,0.30000000000000004,12071.686477661133,4700,1,0.30000000000000004,45605.76290893555,4700,1,0.30000000000000004,37762.45372009277,4700,1,0.30000000000000004,46981.55644226074,4700,1,0.30000000000000004,29473.12823486328,4700,1,0.30000000000000004,7271.337921142578,4700,1,0.30000000000000004,7160.67236328125,4700,1,0.30000000000000004,6751.604278564453,4700,1,0.30000000000000004,6969.441543579102,4700,1,0.30000000000000004,10511.620574951172,3007,3007,3007,3007,3007,3007,3007,3007,3007,3007,3007,3007,4690,4691,3007,3007,3007,4690,3007,3007,3007,3007,3007,4690,90.47618865966797,15.789472579956055,0,0,15.000000953674316,15.789472579956055,21.052631378173828,10.526315689086914,27.77777862548828,52.6315803527832,0,0,22.22222328186035,0,0,0,0,10.526315689086914,14.285715103149414,100,0,0,0,0,66481098752,12884893696,1630253056,0
99,1780596604560,57318.27005004883,4700,1,0.3062499999999999,6934.404388427734,4700,1,0.3062499999999999,6797.180038452148,4700,1,0.3062499999999999,12071.89306640625,4700,1,0.3062499999999999,45606.16360473633,4700,1,0.3062499999999999,37762.88618469238,4700,1,0.3062499999999999,46982.02322387695,4700,1,0.3062499999999999,29473.826919555664,4700,1,0.3062499999999999,7271.341094970703,4700,1,0.3062499999999999,7160.675445556641,4700,1,0.3062499999999999,6751.607330322266,4700,1,0.3062499999999999,6969.444625854492,4700,1,0.3062499999999999,10517.359436035156,3007,3007,3007,3007,3007,3007,3007,3007,3007,3007,3007,3007,4690,4691,3007,3007,3007,4690,3007,3007,3007,3007,3007,4690,94.44444274902344,5,0,0,14.285715103149414,10.526315689086914,21.052631378173828,33.333335876464844,27.77777862548828,47.36842346191406,0,0,25,0,0,0,0,5.882352828979492,16.666667938232422,100,0,0,0,0,66481098752,12884893696,1629233152,0
99,1780596604660,57318.86697387695,4700,1,0.3062499999999999,6934.407440185547,4700,1,0.3062499999999999,6797.183090209961,4700,1,0.3062499999999999,12072.109603881836,4700,1,0.3062499999999999,45606.594146728516,4700,1,0.3062499999999999,37763.3565826416,4700,1,0.3062499999999999,46982.38182067871,4700,1,0.3062499999999999,29474.514739990234,4700,1,0.3062499999999999,7271.344375610352,4700,1,0.3062499999999999,7160.678527832031,4700,1,0.3062499999999999,6751.610412597656,4700,1,0.3062499999999999,6969.447784423828,4700,1,0.3062499999999999,10523.078598022461,3007,3007,3007,3007,3007,3007,3007,3007,3007,3007,3007,3007,4690,4691,3007,3007,3007,4690,3007,3007,3007,3007,3007,4690,94.44444274902344,5,0,0,14.285715103149414,10.526315689086914,21.052631378173828,33.333335876464844,27.77777862548828,47.36842346191406,0,0,25,0,0,0,0,5.882352828979492,16.666667938232422,100,0,0,0,0,66481098752,12884893696,1625018368,0
99,1780596604760,57319.47946166992,4700,1,0.3062499999999999,6934.4105224609375,4700,1,0.3062499999999999,6797.192321777344,4700,1,0.3062499999999999,12072.444854736328,4700,1,0.3062499999999999,45607.00010681152,4700,1,0.3062499999999999,37763.74678039551,4700,1,0.3062499999999999,46982.76200866699,4700,1,0.3062499999999999,29475.201065063477,4700,1,0.3062499999999999,7271.347671508789,4700,1,0.3062499999999999,7160.681610107422,4700,1,0.3062499999999999,6751.613494873047,4700,1,0.3062499999999999,6969.450927734375,4700,1,0.3062499999999999,10528.853012084961,3007,3007,3007,3007,3007,3007,3007,3007,3007,3007,3007,3007,4690,4691,3007,3007,3007,4690,3007,3007,3007,3007,3007,4690,89.47368621826172,10.526315689086914,0,0,5.555555820465088,5.555555820465088,26.3157901763916,21.052631378173828,10.526315689086914,44.4444465637207,0,0,16.666667938232422,0,0,0,0,22.22222328186035,21.052631378173828,100,0,0,0,0,66481098752,12884893696,1623396352,0
99,1780596604860,57320.05386352539,4700,1,0.3062499999999999,6934.413604736328,4700,1,0.3062499999999999,6797.195419311523,4700,1,0.3062499999999999,12072.781860351563,4700,1,0.3062499999999999,45607.36233520508,4700,1,0.3062499999999999,37764.18370056152,4700,1,0.3062499999999999,46983.15556335449,4700,1,0.3062499999999999,29475.897720336914,4700,1,0.3062499999999999,7271.351348876953,4700,1,0.3062499999999999,7160.6846923828125,4700,1,0.3062499999999999,6751.6165771484375,4700,1,0.3062499999999999,6969.454010009766,4700,1,0.3062499999999999,10534.55892944336,3007,3007,3007,3007,3007,3007,3007,3007,3007,3007,3007,3007,4690,4691,3007,3007,3007,4690,3007,3007,3007,3007,3007,4690,89.47368621826172,10.526315689086914,0,0,5.555555820465088,5.555555820465088,26.3157901763916,21.052631378173828,10.526315689086914,44.4444465637207,0,0,16.666667938232422,0,0,0,0,22.22222328186035,21.052631378173828,100,0,0,0,0,66481098752,12884893696,1631199232,0
99,1780596604961,57320.621673583984,4700,1,0.3062499999999999,6934.416687011719,4700,1,0.3062499999999999,6797.198547363281,4700,1,0.3062499999999999,12072.99185180664,4700,1,0.3062499999999999,45607.784912109375,4700,1,0.3062499999999999,37764.67611694336,4700,1,0.3062499999999999,46983.56620788574,4700,1,0.3062499999999999,29476.592086791992,4700,1,0.3062499999999999,7271.354522705078,4700,1,0.3062499999999999,7160.687774658203,4700,1,0.3062499999999999,6751.619659423828,4700,1,0.3062499999999999,6969.457092285156,4700,1,0.3062499999999999,10540.26252746582,3007,3007,3007,3007,3007,3007,3007,3007,3007,3007,3007,3007,4690,4691,3007,3007,3007,4690,3007,3007,3007,3007,3007,4690,88.23529815673828,16.666667938232422,0,0,4.761904716491699,5,5.555555820465088,26.3157901763916,38.095237731933594,50,0,0,6.6666669845581055,0,0,0,0,27.77777862548828,5.263157844543457,100,0,0,0,0,66481098752,12884893696,1630412800,0
99,1780596605061,57321.2205657959,4700,1,0.3062499999999999,6934.419769287109,4700,1,0.3062499999999999,6797.201690673828,4700,1,0.3062499999999999,12073.25993347168,4700,1,0.3062499999999999,45608.25651550293,4700,1,0.3062499999999999,37765.0897064209,4700,1,0.3062499999999999,46983.9938659668,4700,1,0.3062499999999999,29477.244171142578,4700,1,0.3062499999999999,7271.357696533203,4700,1,0.3062499999999999,7160.690856933594,4700,1,0.3062499999999999,6751.622741699219,4700,1,0.3062499999999999,6969.46028137207,4700,1,0.3062499999999999,10546.11685180664,3007,3007,3007,3007,3007,3007,3007,3007,3007,3007,3007,3007,4690,4691,3007,3007,3007,4690,3007,3007,3007,3007,3007,4690,88.23529815673828,16.666667938232422,0,0,4.761904716491699,5,5.555555820465088,26.3157901763916,38.095237731933594,50,0,0,6.6666669845581055,0,0,0,0,27.77777862548828,5.263157844543457,100,0,0,0,0,66481098752,12884893696,1625374720,0
99,1780596605161,57321.78617858887,4700,1,0.3062499999999999,6934.4228515625,4700,1,0.3062499999999999,6797.204772949219,4700,1,0.3062499999999999,12073.609634399414,4700,1,0.3062499999999999,45608.681579589844,4700,1,0.3062499999999999,37765.56332397461,4700,1,0.3062499999999999,46984.268127441406,4700,1,0.3062499999999999,29477.937423706055,4700,1,0.3062499999999999,7271.361129760742,4700,1,0.3062499999999999,7160.693939208984,4700,1,0.3062499999999999,6751.625839233398,4700,1,0.3062499999999999,6969.463363647461,4700,1,0.3062499999999999,10551.850814819336,3007,3007,3007,3007,3007,3007,3007,3007,3007,3007,3007,3007,4690,4691,3007,3007,3007,4690,3007,3007,3007,3007,3007,4690,90,20,0,0,5.263157844543457,10,30.000001907348633,30.000001907348633,11.111111640930176,42.105262756347656,0,0,28.571430206298828,0,0,0,0,25,11.111111640930176,100,0,0,0,0,66481098752,12884893696,1624117248,0
99,1780596605261,57322.34339904785,4700,1,0.30000000000000004,6934.425933837891,4700,1,0.30000000000000004,6797.207916259766,4700,1,0.30000000000000004,12073.96029663086,4700,1,0.30000000000000004,45609.081466674805,4700,1,0.30000000000000004,37766.00596618652,4700,1,0.30000000000000004,46984.68374633789,4700,1,0.30000000000000004,29478.62384033203,4700,1,0.30000000000000004,7271.364242553711,4700,1,0.30000000000000004,7160.697082519531,4700,1,0.30000000000000004,6751.6290283203125,4700,1,0.30000000000000004,6969.466583251953,4700,1,0.30000000000000004,10557.640106201172,3007,3007,3007,3007,3007,3007,3007,3007,3007,3007,3007,3007,4690,4691,3007,3007,3007,4690,3007,3007,3007,3007,3007,4690,90,20,0,0,5.263157844543457,10,30.000001907348633,30.000001907348633,11.111111640930176,42.105262756347656,0,0,28.571430206298828,0,0,0,0,25,11.111111640930176,100,0,0,0,0,66481098752,12884893696,1628901376,0
99,1780596605361,57323.01626586914,4700,1,0.3062499999999999,6934.428985595703,4700,1,0.3062499999999999,6797.210968017578,4700,1,0.3062499999999999,12074.324615478516,4700,1,0.3062499999999999,45609.49110412598,4700,1,0.3062499999999999,37766.44990539551,4700,1,0.3062499999999999,46985.064056396484,4700,1,0.3062499999999999,29479.27880859375,4700,1,0.3062499999999999,7271.367599487305,4700,1,0.3062499999999999,7160.700134277344,4700,1,0.3062499999999999,6751.632080078125,4700,1,0.3062499999999999,6969.469635009766,4700,1,0.3062499999999999,10563.493682861328,3007,3007,3007,3007,3007,3007,3007,3007,3007,3007,3007,3007,4690,4691,3007,3007,3007,4690,3007,3007,3007,3007,3007,4690,94.44444274902344,16.666667938232422,0,0,5.555555820465088,19.047618865966797,17.647058486938477,26.3157901763916,20,33.333335876464844,0,0,15.000000953674316,0,0,0,0,26.3157901763916,25,100,0,0,0,0,66481098752,12884893696,1626718208,0
99,1780596605461,57323.60559082031,4700,1,0.3062499999999999,6934.432067871094,4700,1,0.3062499999999999,6797.214050292969,4700,1,0.3062499999999999,12074.657241821289,4700,1,0.3062499999999999,45609.943923950195,4700,1,0.3062499999999999,37766.821380615234,4700,1,0.3062499999999999,46985.45166015625,4700,1,0.3062499999999999,29479.96467590332,4700,1,0.3062499999999999,7271.370712280273,4700,1,0.3062499999999999,7160.703216552734,4700,1,0.3062499999999999,6751.635238647461,4700,1,0.3062499999999999,6969.4727783203125,4700,1,0.3062499999999999,10569.35710144043,3007,3007,3007,3007,3007,3007,3007,3007,3007,3007,3007,3007,4690,4691,3007,3007,3007,4690,3007,3007,3007,3007,3007,4690,94.44444274902344,16.666667938232422,0,0,5.555555820465088,19.047618865966797,17.647058486938477,26.3157901763916,20,33.333335876464844,0,0,15.000000953674316,0,0,0,0,26.3157901763916,25,100,0,0,0,0,66481098752,12884893696,1626525696,0
99,1780596605561,57324.205963134766,4700,1,0.3062499999999999,6934.435150146484,4700,1,0.3062499999999999,6797.217193603516,4700,1,0.3062499999999999,12074.94497680664,4700,1,0.3062499999999999,45610.40203857422,4700,1,0.3062499999999999,37767.24655151367,4700,1,0.3062499999999999,46985.78526306152,4700,1,0.3062499999999999,29480.651458740234,4700,1,0.3062499999999999,7271.373825073242,4700,1,0.3062499999999999,7160.706298828125,4700,1,0.3062499999999999,6751.638320922852,4700,1,0.3062499999999999,6969.475891113281,4700,1,0.3062499999999999,10575.079895019531,3007,3007,3007,3007,3007,3007,3007,3007,3007,3007,3007,3007,4690,4691,3007,3007,3007,4690,3007,3007,3007,3007,3007,4690,89.47368621826172,23.809524536132813,0,0,14.285715103149414,10,22.22222328186035,35,22.22222328186035,47.36842346191406,0,0,12.5,0,0,0,0,19.047618865966797,5.263157844543457,100,0,0,0,0,66481098752,12884893696,1622896640,0
99,1780596605661,57324.81083679199,4700,1,0.3062499999999999,6934.438232421875,4700,1,0.3062499999999999,6797.228210449219,4700,1,0.3062499999999999,12075.328155517578,4700,1,0.3062499999999999,45610.884338378906,4700,1,0.3062499999999999,37767.64472961426,4700,1,0.3062499999999999,46986.193588256836,4700,1,0.3062499999999999,29481.276794433594,4700,1,0.3062499999999999,7271.377029418945,4700,1,0.3062499999999999,7160.709381103516,4700,1,0.3062499999999999,6751.641403198242,4700,1,0.3062499999999999,6969.47900390625,4700,1,0.3062499999999999,10581.007247924805,3007,3007,3007,3007,3007,3007,3007,3007,3007,3007,3007,3007,4690,4691,3007,3007,3007,4690,3007,3007,3007,3007,3007,4690,89.47368621826172,23.809524536132813,0,0,14.285715103149414,10,22.22222328186035,35,22.22222328186035,47.36842346191406,0,0,12.5,0,0,0,0,19.047618865966797,5.263157844543457,100,0,0,0,0,66481098752,12884893696,1628172288,0
99,1780596605761,57325.39196777344,4700,1,0.3062499999999999,6934.441314697266,4700,1,0.3062499999999999,6797.231353759766,4700,1,0.3062499999999999,12075.77798461914,4700,1,0.3062499999999999,45611.27406311035,4700,1,0.3062499999999999,37768.06883239746,4700,1,0.3062499999999999,46986.571868896484,4700,1,0.3062499999999999,29481.939331054688,4700,1,0.3062499999999999,7271.380264282227,4700,1,0.3062499999999999,7160.712463378906,4700,1,0.3062499999999999,6751.644485473633,4700,1,0.3062499999999999,6969.482116699219,4700,1,0.3062499999999999,10586.902053833008,3007,3007,3007,3007,3007,3007,3007,3007,3007,3007,3007,3007,4690,4691,3007,3007,3007,4690,3007,3007,3007,3007,3007,4690,93.75,27.77777862548828,0,0,5,20,31.57894515991211,38.095237731933594,16.666667938232422,27.77777862548828,0,0,21.052631378173828,0,0,0,0,10.526315689086914,20,100,0,0,0,0,66481098752,12884893696,1626693632,0
99,1780596605861,57325.99003601074,4700,1,0.3062499999999999,6934.444396972656,4700,1,0.3062499999999999,6797.234436035156,4700,1,0.3062499999999999,12076.14811706543,4700,1,0.3062499999999999,45611.635314941406,4700,1,0.3062499999999999,37768.52342224121,4700,1,0.3062499999999999,46986.9581451416,4700,1,0.3062499999999999,29482.619140625,4700,1,0.3062499999999999,7271.383377075195,4700,1,0.3062499999999999,7160.715545654297,4700,1,0.3062499999999999,6751.647598266602,4700,1,0.3062499999999999,6969.485305786133,4700,1,0.3062499999999999,10592.775497436523,3007,3007,3007,3007,3007,3007,3007,3007,3007,3007,3007,3007,4690,4691,3007,3007,3007,4690,3007,3007,3007,3007,3007,4690,93.75,27.77777862548828,0,0,5,20,31.57894515991211,38.095237731933594,16.666667938232422,27.77777862548828,0,0,21.052631378173828,0,0,0,0,10.526315689086914,20,100,0,0,0,0,66481098752,12884893696,1625219072,0
99,1780596605961,57326.566162109375,4700,1,0.3062499999999999,6934.447479248047,4700,1,0.3062499999999999,6797.237518310547,4700,1,0.3062499999999999,12076.560852050781,4700,1,0.3062499999999999,45612.09909057617,4700,1,0.3062499999999999,37768.86817932129,4700,1,0.3062499999999999,46987.428955078125,4700,1,0.3062499999999999,29483.242614746094,4700,1,0.3062499999999999,7271.386642456055,4700,1,0.3062499999999999,7160.7186279296875,4700,1,0.3062499999999999,6751.650680541992,4700,1,0.3062499999999999,6969.488388061523,4700,1,0.3062499999999999,10598.645477294922,3007,3007,3007,3007,3007,3007,3007,3007,3007,3007,3007,3007,4690,4691,3007,3007,3007,4690,3007,3007,3007,3007,3007,4690,89.47368621826172,20,0,0,5.263157844543457,33.333335876464844,36.842105865478516,15.000000953674316,27.77777862548828,27.77777862548828,0,0,15.000000953674316,0,0,0,0,17.647058486938477,11.111111640930176,100,0,0,0,0,66481098752,12884893696,1630408704,0
99,1780596606061,57327.12841796875,4700,1,0.3062499999999999,6934.4505615234375,4700,1,0.3062499999999999,6797.240676879883,4700,1,0.3062499999999999,12076.8388671875,4700,1,0.3062499999999999,45612.47343444824,4700,1,0.3062499999999999,37769.29409790039,4700,1,0.3062499999999999,46987.87438964844,4700,1,0.3062499999999999,29483.92999267578,4700,1,0.3062499999999999,7271.389694213867,4700,1,0.3062499999999999,7160.7216796875,4700,1,0.3062499999999999,6751.653732299805,4700,1,0.3062499999999999,6969.491470336914,4700,1,0.3062499999999999,10604.433883666992,3007,3007,3007,3007,3007,3007,3007,3007,3007,3007,3007,3007,4690,4691,3007,3007,3007,4690,3007,3007,3007,3007,3007,4690,89.47368621826172,20,0,0,5.263157844543457,33.333335876464844,36.842105865478516,15.000000953674316,27.77777862548828,27.77777862548828,0,0,15.000000953674316,0,0,0,0,17.647058486938477,11.111111640930176,100,0,0,0,0,66481098752,12884893696,1628880896,0
99,1780596606161,57327.69297790527,4700,1,0.30000000000000004,6934.45361328125,4700,1,0.30000000000000004,6797.243728637695,4700,1,0.30000000000000004,12077.164291381836,4700,1,0.30000000000000004,45612.83267211914,4700,1,0.30000000000000004,37769.697509765625,4700,1,0.30000000000000004,46988.3603515625,4700,1,0.30000000000000004,29484.625457763672,4700,1,0.30000000000000004,7271.392868041992,4700,1,0.30000000000000004,7160.724761962891,4700,1,0.30000000000000004,6751.656845092773,4700,1,0.30000000000000004,6969.49462890625,4700,1,0.30000000000000004,10610.129669189453,3007,3007,3007,3007,3007,3007,3007,3007,3007,3007,3007,3007,4690,4691,3007,3007,3007,4690,3007,3007,3007,3007,3007,4690,89.47368621826172,22.22222328186035,0,0,0,5,30.000001907348633,15.000000953674316,31.57894515991211,52.6315803527832,0,0,0,0,0,0,0,35,26.3157901763916,100,0,0,0,0,66481098752,12884893696,1629327360,0
99,1780596606261,57328.270278930664,4700,1,0.3062499999999999,6934.456695556641,4700,1,0.3062499999999999,6797.247009277344,4700,1,0.3062499999999999,12077.512466430664,4700,1,0.3062499999999999,45613.22186279297,4700,1,0.3062499999999999,37770.15138244629,4700,1,0.3062499999999999,46988.782150268555,4700,1,0.3062499999999999,29485.32159423828,4700,1,0.3062499999999999,7271.396072387695,4700,1,0.3062499999999999,7160.727844238281,4700,1,0.3062499999999999,6751.65998840332,4700,1,0.3062499999999999,6969.497894287109,4700,1,0.3062499999999999,10615.916412353516,3007,3007,3007,3007,3007,3007,3007,3007,3007,3007,3007,3007,4690,4691,3007,3007,3007,4690,3007,3007,3007,3007,3007,4690,89.47368621826172,22.22222328186035,0,0,0,5,30.000001907348633,15.000000953674316,31.57894515991211,52.6315803527832,0,0,0,0,0,0,0,35,26.3157901763916,100,0,0,0,0,66481098752,12884893696,1624567808,0
99,1780596606361,57328.86753845215,4700,1,0.3062499999999999,6934.459777832031,4700,1,0.3062499999999999,6797.256988525391,4700,1,0.3062499999999999,12077.863037109375,4700,1,0.3062499999999999,45613.559494018555,4700,1,0.3062499999999999,37770.563552856445,4700,1,0.3062499999999999,46989.259017944336,4700,1,0.3062499999999999,29486.011108398438,4700,1,0.3062499999999999,7271.399154663086,4700,1,0.3062499999999999,7160.730926513672,4700,1,0.3062499999999999,6751.663070678711,4700,1,0.3062499999999999,6969.5009765625,4700,1,0.3062499999999999,10621.72624206543,3007,3007,3007,3007,3007,3007,3007,3007,3007,3007,3007,3007,4690,4691,3007,3007,3007,4690,3007,3007,3007,3007,3007,4690,88.23529815673828,20,0,0,5,5.555555820465088,18.75,22.22222328186035,31.57894515991211,47.05882263183594,0,0,5,0,0,0,0,15.789472579956055,20,100,0,0,0,0,66481098752,12884893696,1629663232,0
99,1780596606461,57329.48027038574,4700,1,0.30000000000000004,6934.462860107422,4700,1,0.3062499999999999,6797.270812988281,4700,1,0.3062499999999999,12078.093872070313,4700,1,0.30000000000000004,45613.977462768555,4700,1,0.30000000000000004,37770.87632751465,4700,1,0.30000000000000004,46989.74540710449,4700,1,0.30000000000000004,29486.700805664063,4700,1,0.30000000000000004,7271.402297973633,4700,1,0.3062499999999999,7160.734039306641,4700,1,0.3062499999999999,6751.666152954102,4700,1,0.3062499999999999,6969.504058837891,4700,1,0.3062499999999999,10627.443954467773,3007,3007,3007,3007,3007,3007,3007,3007,3007,3007,3007,3007,4690,4691,3007,3007,3007,4690,3007,3007,3007,3007,3007,4690,88.23529815673828,20,0,0,5,5.555555820465088,18.75,22.22222328186035,31.57894515991211,47.05882263183594,0,0,5,0,0,0,0,15.789472579956055,20,100,0,0,0,0,66481098752,12884893696,1627860992,0
99,1780596606561,57330.0973815918,4700,1,0.3062499999999999,6934.466064453125,4700,1,0.3062499999999999,6797.285858154297,4700,1,0.3062499999999999,12078.406753540039,4700,1,0.3062499999999999,45614.3948059082,4700,1,0.3062499999999999,37771.273864746094,4700,1,0.3062499999999999,46990.16050720215,4700,1,0.3062499999999999,29487.388290405273,4700,1,0.3062499999999999,7271.40576171875,4700,1,0.3062499999999999,7160.737213134766,4700,1,0.3062499999999999,6751.669342041016,4700,1,0.3062499999999999,6969.507308959961,4700,1,0.3062499999999999,10633.20671081543,3007,3007,3007,3007,3007,3007,3007,3007,3007,3007,3007,3007,4690,4691,3007,3007,3007,4690,3007,3007,3007,3007,3007,4690,90,10,0,0,10.526315689086914,15.000000953674316,21.052631378173828,28.571430206298828,37.5,50,0,0,30.000001907348633,0,0,0,0,19.047618865966797,27.77777862548828,100,0,0,0,0,66481098752,12884893696,1627168768,0
99,1780596606661,57330.6629486084,4700,1,0.3062499999999999,6934.469146728516,4700,1,0.3062499999999999,6797.294769287109,4700,1,0.3062499999999999,12078.634674072266,4700,1,0.3062499999999999,45614.8516998291,4700,1,0.3062499999999999,37771.73927307129,4700,1,0.3062499999999999,46990.635162353516,4700,1,0.3062499999999999,29488.079544067383,4700,1,0.3062499999999999,7271.4090576171875,4700,1,0.3062499999999999,7160.740295410156,4700,1,0.3062499999999999,6751.672424316406,4700,1,0.3062499999999999,6969.510391235352,4700,1,0.3062499999999999,10638.967758178711,3007,3007,3007,3007,3007,3007,3007,3007,3007,3007,3007,3007,4690,4691,3007,3007,3007,4690,3007,3007,3007,3007,3007,4690,90,10,0,0,10.526315689086914,15.000000953674316,21.052631378173828,28.571430206298828,37.5,50,0,0,30.000001907348633,0,0,0,0,19.047618865966797,27.77777862548828,100,0,0,0,0,66481098752,12884893696,1626247168,0
99,1780596606761,57331.23957824707,4700,1,0.30000000000000004,6934.472229003906,4700,1,0.30000000000000004,6797.306732177734,4700,1,0.30000000000000004,12078.929733276367,4700,1,0.30000000000000004,45615.32685852051,4700,1,0.30000000000000004,37772.14862060547,4700,1,0.30000000000000004,46991.066665649414,4700,1,0.30000000000000004,29488.759689331055,4700,1,0.30000000000000004,7271.412551879883,4700,1,0.30000000000000004,7160.743347167969,4700,1,0.30000000000000004,6751.675476074219,4700,1,0.30000000000000004,6969.5135498046875,4700,1,0.30000000000000004,10644.818313598633,3007,3007,3007,3007,3007,3007,3007,3007,3007,3007,3007,3007,4690,4691,3007,3007,3007,4690,3007,3007,3007,3007,3007,4690,86.66666412353516,0,0,0,5,5.263157844543457,25,25,27.77777862548828,47.05882263183594,0,0,18.75,0,0,0,0,22.22222328186035,15.789472579956055,100,0,0,0,0,66481098752,12884893696,1629650944,0
99,1780596606862,57331.86863708496,4700,1,0.3062499999999999,6934.475280761719,4700,1,0.3062499999999999,6797.309783935547,4700,1,0.3062499999999999,12079.241760253906,4700,1,0.3062499999999999,45615.74166870117,4700,1,0.3062499999999999,37772.5617980957,4700,1,0.3062499999999999,46991.49647521973,4700,1,0.3062499999999999,29489.444229125977,4700,1,0.3062499999999999,7271.415740966797,4700,1,0.3062499999999999,7160.746429443359,4700,1,0.3062499999999999,6751.678558349609,4700,1,0.3062499999999999,6969.5166015625,4700,1,0.3062499999999999,10650.570343017578,3007,3007,3007,3007,3007,3007,3007,3007,3007,3007,3007,3007,4690,4691,3007,3007,3007,4690,3007,3007,3007,3007,3007,4690,86.66666412353516,0,0,0,5,5.263157844543457,25,25,27.77777862548828,47.05882263183594,0,0,18.75,0,0,0,0,22.22222328186035,15.789472579956055,100,0,0,0,0,66481098752,12884893696,1628393472,0
99,1780596606962,57332.478103637695,4700,1,0.3062499999999999,6934.478363037109,4700,1,0.3062499999999999,6797.3128662109375,4700,1,0.3062499999999999,12079.553726196289,4700,1,0.3062499999999999,45616.185317993164,4700,1,0.3062499999999999,37772.97149658203,4700,1,0.3062499999999999,46991.93876647949,4700,1,0.3062499999999999,29490.13182067871,4700,1,0.3062499999999999,7271.419250488281,4700,1,0.3062499999999999,7160.74951171875,4700,1,0.3062499999999999,6751.681640625,4700,1,0.3062499999999999,6969.519760131836,4700,1,0.3062499999999999,10656.394760131836,3007,3007,3007,3007,3007,3007,3007,3007,3007,3007,3007,3007,4690,4691,3007,3007,3007,4690,3007,3007,3007,3007,3007,4690,94.73684692382813,10.526315689086914,0,0,15.789472579956055,10,15.789472579956055,11.764705657958984,31.57894515991211,47.36842346191406,0,0,35,0,0,0,0,16.666667938232422,19.047618865966797,100,0,0,0,0,66481098752,12884893696,1626136576,0
99,1780596607062,57333.05534362793,4700,1,0.3062499999999999,6934.4814453125,4700,1,0.3062499999999999,6797.318695068359,4700,1,0.3062499999999999,12079.959106445313,4700,1,0.3062499999999999,45616.61836242676,4700,1,0.3062499999999999,37773.33572387695,4700,1,0.3062499999999999,46992.37731933594,4700,1,0.3062499999999999,29490.816024780273,4700,1,0.3062499999999999,7271.4224853515625,4700,1,0.3062499999999999,7160.752593994141,4700,1,0.3062499999999999,6751.684722900391,4700,1,0.3062499999999999,6969.522918701172,4700,1,0.3062499999999999,10662.248275756836,3007,3007,3007,3007,3007,3007,3007,3007,3007,3007,3007,3007,4690,4691,3007,3007,3007,4690,3007,3007,3007,3007,3007,4690,94.73684692382813,10.526315689086914,0,0,15.789472579956055,10,15.789472579956055,11.764705657958984,31.57894515991211,47.36842346191406,0,0,35,0,0,0,0,16.666667938232422,19.047618865966797,100,0,0,0,0,66481098752,12884893696,1623986176,0
99,1780596607162,57333.668380737305,4700,1,0.3062499999999999,6934.484527587891,4700,1,0.3062499999999999,6797.327041625977,4700,1,0.3062499999999999,12080.265365600586,4700,1,0.3062499999999999,45617.041442871094,4700,1,0.3062499999999999,37773.71139526367,4700,1,0.3062499999999999,46992.78024291992,4700,1,0.3062499999999999,29491.502716064453,4700,1,0.3062499999999999,7271.425750732422,4700,1,0.3062499999999999,7160.755676269531,4700,1,0.3062499999999999,6751.687850952148,4700,1,0.3062499999999999,6969.5260009765625,4700,1,0.3062499999999999,10668.050018310547,3007,3007,3007,3007,3007,3007,3007,3007,3007,3007,3007,3007,4690,4691,3007,3007,3007,4690,3007,3007,3007,3007,3007,4690,88.8888931274414,26.3157901763916,0,0,10,0,28.571430206298828,33.333335876464844,6.6666669845581055,41.17647171020508,0,0,26.3157901763916,0,0,0,0,10,15.789472579956055,100,0,0,0,0,66481098752,12884893696,1623461888,0
99,1780596607262,57334.2336730957,4700,1,0.30000000000000004,6934.487609863281,4700,1,0.3062499999999999,6797.330184936523,4700,1,0.3062499999999999,12080.619552612305,4700,1,0.30000000000000004,45617.50895690918,4700,1,0.30000000000000004,37774.09786987305,4700,1,0.30000000000000004,46993.14596557617,4700,1,0.30000000000000004,29492.194778442383,4700,1,0.30000000000000004,7271.429122924805,4700,1,0.30000000000000004,7160.758758544922,4700,1,0.30000000000000004,6751.690994262695,4700,1,0.3062499999999999,6969.529205322266,4700,1,0.3062499999999999,10673.81948852539,3007,3007,3007,3007,3007,3007,3007,3007,3007,3007,3007,3007,4690,4691,3007,3007,3007,4690,3007,3007,3007,3007,3007,4690,88.8888931274414,26.3157901763916,0,0,10,0,28.571430206298828,33.333335876464844,6.6666669845581055,41.17647171020508,0,0,26.3157901763916,0,0,0,0,10,15.789472579956055,100,0,0,0,0,66481098752,12884893696,1624125440,0
99,1780596607362,57334.81278991699,4700,1,0.3062499999999999,6934.490692138672,4700,1,0.3062499999999999,6797.333267211914,4700,1,0.3062499999999999,12080.98861694336,4700,1,0.3062499999999999,45617.927154541016,4700,1,0.3062499999999999,37774.46781921387,4700,1,0.3062499999999999,46993.61924743652,4700,1,0.3062499999999999,29492.88687133789,4700,1,0.3062499999999999,7271.432815551758,4700,1,0.3062499999999999,7160.76188659668,4700,1,0.3062499999999999,6751.694107055664,4700,1,0.3062499999999999,6969.5323486328125,4700,1,0.3062499999999999,10679.601516723633,3007,3007,3007,3007,3007,3007,3007,3007,3007,3007,3007,3007,4690,4691,3007,3007,3007,4690,3007,3007,3007,3007,3007,4690,89.47368621826172,20,0,0,0,5.555555820465088,17.647058486938477,16.666667938232422,25,50,0,0,30.000001907348633,0,0,0,0,15.000000953674316,26.3157901763916,100,0,0,0,0,66481098752,12884893696,1624752128,0
99,1780596607462,57335.37715148926,4700,1,0.3062499999999999,6934.4937744140625,4700,1,0.3062499999999999,6797.336349487305,4700,1,0.3062499999999999,12081.383712768555,4700,1,0.3062499999999999,45618.32920837402,4700,1,0.3062499999999999,37774.81945800781,4700,1,0.3062499999999999,46994.08480834961,4700,1,0.3062499999999999,29493.567977905273,4700,1,0.3062499999999999,7271.435958862305,4700,1,0.3062499999999999,7160.76496887207,4700,1,0.3062499999999999,6751.697158813477,4700,1,0.3062499999999999,6969.535400390625,4700,1,0.3062499999999999,10685.345932006836,3007,3007,3007,3007,3007,3007,3007,3007,3007,3007,3007,3007,4690,4691,3007,3007,3007,4690,3007,3007,3007,3007,3007,4690,89.47368621826172,20,0,0,0,5.555555820465088,17.647058486938477,16.666667938232422,25,50,0,0,30.000001907348633,0,0,0,0,15.000000953674316,26.3157901763916,100,0,0,0,0,66481098752,12884893696,1624457216,0
99,1780596607562,57336.01356506348,4700,1,0.30000000000000004,6934.496856689453,4700,1,0.30000000000000004,6797.339462280273,4700,1,0.30000000000000004,12081.667678833008,4700,1,0.30000000000000004,45618.79211425781,4700,1,0.30000000000000004,37775.18832397461,4700,1,0.30000000000000004,46994.4990234375,4700,1,0.30000000000000004,29494.256774902344,4700,1,0.30000000000000004,7271.439102172852,4700,1,0.30000000000000004,7160.768051147461,4700,1,0.30000000000000004,6751.700241088867,4700,1,0.30000000000000004,6969.538482666016,4700,1,0.30000000000000004,10691.078262329102,3007,3007,3007,3007,3007,3007,3007,3007,3007,3007,3007,3007,4690,4691,3007,3007,3007,4690,3007,3007,3007,3007,3007,4690,90,5.555555820465088,0,0,5.555555820465088,11.111111640930176,21.052631378173828,10,31.57894515991211,44.4444465637207,0,0,26.3157901763916,0,0,0,0,21.052631378173828,16.666667938232422,100,0,0,0,0,66481098752,12884893696,1630031872,0
99,1780596607662,57336.62368774414,4700,1,0.3062499999999999,6934.499938964844,4700,1,0.3062499999999999,6797.342697143555,4700,1,0.3062499999999999,12081.883117675781,4700,1,0.3062499999999999,45619.25271606445,4700,1,0.3062499999999999,37775.66487121582,4700,1,0.3062499999999999,46994.85467529297,4700,1,0.3062499999999999,29494.94660949707,4700,1,0.3062499999999999,7271.442184448242,4700,1,0.3062499999999999,7160.771133422852,4700,1,0.3062499999999999,6751.703323364258,4700,1,0.3062499999999999,6969.541564941406,4700,1,0.3062499999999999,10696.864944458008,3007,3007,3007,3007,3007,3007,3007,3007,3007,3007,3007,3007,4690,4691,3007,3007,3007,4690,3007,3007,3007,3007,3007,4690,90,5.555555820465088,0,0,5.555555820465088,11.111111640930176,21.052631378173828,10,31.57894515991211,44.4444465637207,0,0,26.3157901763916,0,0,0,0,21.052631378173828,16.666667938232422,100,0,0,0,0,66481098752,12884893696,1626083328,0
99,1780596607762,57337.26467895508,4700,1,0.3062499999999999,6934.503021240234,4700,1,0.3062499999999999,6797.345840454102,4700,1,0.3062499999999999,12082.237503051758,4700,1,0.3062499999999999,45619.68397521973,4700,1,0.3062499999999999,37776.121505737305,4700,1,0.3062499999999999,46995.288803100586,4700,1,0.3062499999999999,29495.59228515625,4700,1,0.3062499999999999,7271.445449829102,4700,1,0.3062499999999999,7160.774215698242,4700,1,0.3062499999999999,6751.706436157227,4700,1,0.3062499999999999,6969.544708251953,4700,1,0.3062499999999999,10702.763854980469,3007,3007,3007,3007,3007,3007,3007,3007,3007,3007,3007,3007,4690,4691,3007,3007,3007,4690,3007,3007,3007,3007,3007,4690,94.73684692382813,10,0,0,19.047618865966797,10,26.3157901763916,26.3157901763916,25,36.842105865478516,0,0,17.647058486938477,0,0,0,0,31.57894515991211,15.789472579956055,100,0,0,0,0,66481098752,12884893696,1623527424,0
99,1780596607862,57337.88415527344,4700,1,0.3062499999999999,6934.506103515625,4700,1,0.3062499999999999,6797.348922729492,4700,1,0.3062499999999999,12082.52407836914,4700,1,0.3062499999999999,45620.16621398926,4700,1,0.3062499999999999,37776.56231689453,4700,1,0.3062499999999999,46995.56085205078,4700,1,0.3062499999999999,29496.288543701172,4700,1,0.3062499999999999,7271.448699951172,4700,1,0.3062499999999999,7160.777328491211,4700,1,0.3062499999999999,6751.709518432617,4700,1,0.3062499999999999,6969.547790527344,4700,1,0.3062499999999999,10708.465576171875,3007,3007,3007,3007,3007,3007,3007,3007,3007,3007,3007,3007,4690,4691,3007,3007,3007,4690,3007,3007,3007,3007,3007,4690,94.73684692382813,10,0,0,19.047618865966797,10,26.3157901763916,26.3157901763916,25,36.842105865478516,0,0,17.647058486938477,0,0,0,0,31.57894515991211,15.789472579956055,100,0,0,0,0,66481098752,12884893696,1632509952,0
99,1780596607962,57338.468811035156,4700,1,0.3062499999999999,6934.509185791016,4700,1,0.3062499999999999,6797.352005004883,4700,1,0.3062499999999999,12082.868240356445,4700,1,0.3062499999999999,45620.518127441406,4700,1,0.3062499999999999,37777.01150512695,4700,1,0.3062499999999999,46996.00898742676,4700,1,0.3062499999999999,29496.983154296875,4700,1,0.3062499999999999,7271.4520263671875,4700,1,0.3062499999999999,7160.780410766602,4700,1,0.3062499999999999,6751.712600708008,4700,1,0.3062499999999999,6969.550872802734,4700,1,0.3062499999999999,10714.180877685547,3007,3007,3007,3007,3007,3007,3007,3007,3007,3007,3007,3007,4690,4691,3007,3007,3007,4690,3007,3007,3007,3007,3007,4690,88.8888931274414,25,0,0,5.555555820465088,5,25,26.3157901763916,17.647058486938477,43.75,0,0,30.000001907348633,0,0,0,0,21.052631378173828,5,100,0,0,0,0,66481098752,12884893696,1628491776,0
99,1780596608062,57339.107986450195,4700,1,0.30000000000000004,6934.512268066406,4700,1,0.30000000000000004,6797.35514831543,4700,1,0.30000000000000004,12083.232452392578,4700,1,0.30000000000000004,45620.924072265625,4700,1,0.30000000000000004,37777.41195678711,4700,1,0.30000000000000004,46996.43159484863,4700,1,0.30000000000000004,29497.647827148438,4700,1,0.30000000000000004,7271.4552001953125,4700,1,0.30000000000000004,7160.783493041992,4700,1,0.30000000000000004,6751.715682983398,4700,1,0.30000000000000004,6969.554016113281,4700,1,0.30000000000000004,10720.074249267578,3007,3007,3007,3007,3007,3007,3007,3007,3007,3007,3007,3007,4690,4691,3007,3007,3007,4690,3007,3007,3007,3007,3007,4690,88.8888931274414,25,0,0,5.555555820465088,5,25,26.3157901763916,17.647058486938477,43.75,0,0,30.000001907348633,0,0,0,0,21.052631378173828,5,100,0,0,0,0,66481098752,12884893696,1627607040,0
99,1780596608162,57339.68428039551,4700,1,0.3062499999999999,6934.515350341797,4700,1,0.3062499999999999,6797.35823059082,4700,1,0.3062499999999999,12083.440383911133,4700,1,0.3062499999999999,45621.3017578125,4700,1,0.3062499999999999,37777.84553527832,4700,1,0.3062499999999999,46996.89512634277,4700,1,0.3062499999999999,29498.345626831055,4700,1,0.3062499999999999,7271.45849609375,4700,1,0.3062499999999999,7160.786544799805,4700,1,0.3062499999999999,6751.718765258789,4700,1,0.3062499999999999,6969.557205200195,4700,1,0.3062499999999999,10725.84587097168,3007,3007,3007,3007,3007,3007,3007,3007,3007,3007,3007,3007,4690,4691,3007,3007,3007,4690,3007,3007,3007,3007,3007,4690,95,15.789472579956055,0,0,0,10,16.666667938232422,26.3157901763916,31.57894515991211,45,0,0,28.571430206298828,0,0,0,0,6.25,21.052631378173828,100,0,0,0,0,66481098752,12884893696,1623416832,0
99,1780596608262,57340.29219055176,4700,1,0.3062499999999999,6934.518402099609,4700,1,0.3062499999999999,6797.361343383789,4700,1,0.3062499999999999,12083.765502929688,4700,1,0.3062499999999999,45621.737854003906,4700,1,0.3062499999999999,37778.16078186035,4700,1,0.3062499999999999,46997.35682678223,4700,1,0.3062499999999999,29499.026428222656,4700,1,0.3062499999999999,7271.461669921875,4700,1,0.3062499999999999,7160.789657592773,4700,1,0.3062499999999999,6751.721908569336,4700,1,0.3062499999999999,6969.5604248046875,4700,1,0.3062499999999999,10731.558288574219,3007,3007,3007,3007,3007,3007,3007,3007,3007,3007,3007,3007,4690,4691,3007,3007,3007,4690,3007,3007,3007,3007,3007,4690,95,15.789472579956055,0,0,0,10,16.666667938232422,26.3157901763916,31.57894515991211,45,0,0,28.571430206298828,0,0,0,0,6.25,21.052631378173828,100,0,0,0,0,66481098752,12884893696,1630593024,0
99,1780596608362,57340.89663696289,4700,1,0.3062499999999999,6934.5491943359375,4700,1,0.3062499999999999,6797.403411865234,4700,1,0.3062499999999999,12084.123596191406,4700,1,0.3062499999999999,45622.07792663574,4700,1,0.3062499999999999,37778.47814941406,4700,1,0.3062499999999999,46997.771255493164,4700,1,0.3062499999999999,29499.637939453125,4700,1,0.3062499999999999,7271.499465942383,4700,1,0.3062499999999999,7160.82438659668,4700,1,0.3062499999999999,6751.774353027344,4700,1,0.3062499999999999,6969.581130981445,4700,1,0.3062499999999999,10737.28581237793,3007,3007,3007,3007,3007,3007,3007,3007,3007,3007,3007,3007,4690,4691,3007,3007,3007,4690,3007,3007,3007,3007,3007,4690,89.47368621826172,15.000000953674316,4.761904716491699,0,14.285715103149414,20,10,15.789472579956055,22.22222328186035,47.36842346191406,0,0,33.333335876464844,0,0,0,4.761904716491699,0,26.3157901763916,94.73684692382813,0,0,0,0,66481098752,12884893696,1630408704,0
99,1780596608462,57341.53268432617,4700,1,0.30000000000000004,6934.553085327148,4700,1,0.30000000000000004,6797.410369873047,4700,1,0.30000000000000004,12084.442962646484,4700,1,0.30000000000000004,45622.47596740723,4700,1,0.30000000000000004,37778.87503051758,4700,1,0.30000000000000004,46998.20658874512,4700,1,0.30000000000000004,29500.32162475586,4700,1,0.30000000000000004,7271.503707885742,4700,1,0.30000000000000004,7160.828369140625,4700,1,0.30000000000000004,6751.778549194336,4700,1,0.30000000000000004,6969.585021972656,4700,1,0.30000000000000004,10742.92138671875,3007,3007,3007,3007,3007,3007,3007,3007,3007,3007,3007,3007,4690,4691,3007,3007,3007,4690,3007,3007,3007,3007,3007,4690,89.47368621826172,15.000000953674316,4.761904716491699,0,14.285715103149414,20,10,15.789472579956055,22.22222328186035,47.36842346191406,0,0,33.333335876464844,0,0,0,4.761904716491699,0,26.3157901763916,94.73684692382813,0,0,0,0,66481098752,12884893696,1628106752,0
99,1780596608563,57342.10511779785,4700,1,0.3062499999999999,6934.556198120117,4700,1,0.3062499999999999,6797.413681030273,4700,1,0.3062499999999999,12084.804565429688,4700,1,0.3062499999999999,45622.8655090332,4700,1,0.3062499999999999,37779.28698730469,4700,1,0.3062499999999999,46998.61264038086,4700,1,0.3062499999999999,29501.00144958496,4700,1,0.3062499999999999,7271.506973266602,4700,1,0.3062499999999999,7160.838729858398,4700,1,0.3062499999999999,6751.782211303711,4700,1,0.3062499999999999,6969.588195800781,4700,1,0.3062499999999999,10748.728881835938,3007,3007,3007,3007,3007,3007,3007,3007,3007,3007,3007,3007,4690,4691,3007,3007,3007,4690,3007,3007,3007,3007,3007,4690,94.73684692382813,5.555555820465088,0,0,10.526315689086914,25,15.000000953674316,21.052631378173828,5.882352828979492,47.36842346191406,0,0,26.3157901763916,0,0,0,0,21.052631378173828,30.000001907348633,100,0,0,0,0,66481098752,12884893696,1624555520,0
99,1780596608663,57342.733169555664,4700,1,0.3062499999999999,6934.559280395508,4700,1,0.3062499999999999,6797.416763305664,4700,1,0.3062499999999999,12085.138793945313,4700,1,0.3062499999999999,45623.288024902344,4700,1,0.3062499999999999,37779.64904785156,4700,1,0.3062499999999999,46999.00975036621,4700,1,0.3062499999999999,29501.687225341797,4700,1,0.3062499999999999,7271.51008605957,4700,1,0.3062499999999999,7160.841812133789,4700,1,0.3062499999999999,6751.785293579102,4700,1,0.3062499999999999,6969.591278076172,4700,1,0.3062499999999999,10754.569778442383,3007,3007,3007,3007,3007,3007,3007,3007,3007,3007,3007,3007,4690,4691,3007,3007,3007,4690,3007,3007,3007,3007,3007,4690,94.73684692382813,5.555555820465088,0,0,10.526315689086914,25,15.000000953674316,21.052631378173828,5.882352828979492,47.36842346191406,0,0,26.3157901763916,0,0,0,0,21.052631378173828,30.000001907348633,100,0,0,0,0,66481098752,12884893696,1631997952,0
99,1780596608763,57343.323669433594,4700,1,0.3062499999999999,6934.562393188477,4700,1,0.3062499999999999,6797.420028686523,4700,1,0.3062499999999999,12085.511642456055,4700,1,0.3062499999999999,45623.68455505371,4700,1,0.3062499999999999,37780.126556396484,4700,1,0.3062499999999999,46999.41123962402,4700,1,0.3062499999999999,29502.36555480957,4700,1,0.3062499999999999,7271.513412475586,4700,1,0.3062499999999999,7160.844985961914,4700,1,0.3062499999999999,6751.78840637207,4700,1,0.3062499999999999,6969.59440612793,4700,1,0.3062499999999999,10760.430526733398,3007,3007,3007,3007,3007,3007,3007,3007,3007,3007,3007,3007,4690,4691,3007,3007,3007,4690,3007,3007,3007,3007,3007,4690,90.47618865966797,15.000000953674316,0,0,10,15.789472579956055,27.77777862548828,11.111111640930176,25,38.88888931274414,0,0,11.111111640930176,0,0,0,0,33.333335876464844,11.111111640930176,100,0,0,0,0,66481098752,12884893696,1629077504,0
99,1780596608863,57343.8860168457,4700,1,0.3062499999999999,6934.565475463867,4700,1,0.3062499999999999,6797.423110961914,4700,1,0.3062499999999999,12085.833236694336,4700,1,0.3062499999999999,45624.08137512207,4700,1,0.3062499999999999,37780.589096069336,4700,1,0.3062499999999999,46999.89045715332,4700,1,0.3062499999999999,29503.05012512207,4700,1,0.3062499999999999,7271.516616821289,4700,1,0.3062499999999999,7160.848068237305,4700,1,0.3062499999999999,6751.791519165039,4700,1,0.3062499999999999,6969.597518920898,4700,1,0.3062499999999999,10766.163787841797,3007,3007,3007,3007,3007,3007,3007,3007,3007,3007,3007,3007,4690,4691,3007,3007,3007,4690,3007,3007,3007,3007,3007,4690,90.47618865966797,15.000000953674316,0,0,10,15.789472579956055,27.77777862548828,11.111111640930176,25,38.88888931274414,0,0,11.111111640930176,0,0,0,0,33.333335876464844,11.111111640930176,100,0,0,0,0,66481098752,12884893696,1629392896,0
99,1780596608963,57344.48159790039,4700,1,0.3062499999999999,6934.568588256836,4700,1,0.3062499999999999,6797.426193237305,4700,1,0.3062499999999999,12086.077178955078,4700,1,0.3062499999999999,45624.474533081055,4700,1,0.3062499999999999,37781.06867980957,4700,1,0.3062499999999999,47000.325439453125,4700,1,0.3062499999999999,29503.73486328125,4700,1,0.3062499999999999,7271.51969909668,4700,1,0.3062499999999999,7160.854568481445,4700,1,0.3062499999999999,6751.79460144043,4700,1,0.3062499999999999,6969.600723266602,4700,1,0.3062499999999999,10771.970962524414,3007,3007,3007,3007,3007,3007,3007,3007,3007,3007,3007,3007,4690,4691,3007,3007,3007,4690,3007,3007,3007,3007,3007,4690,88.8888931274414,4.761904716491699,0,0,5.263157844543457,15.789472579956055,5.263157844543457,26.3157901763916,30.000001907348633,47.05882263183594,0,0,35,0,0,0,0,27.77777862548828,26.3157901763916,100,0,0,0,0,66481098752,12884893696,1624449024,0
99,1780596609063,57345.0675201416,4700,1,0.3062499999999999,6934.571640014648,4700,1,0.3062499999999999,6797.429336547852,4700,1,0.3062499999999999,12086.237396240234,4700,1,0.3062499999999999,45624.92774963379,4700,1,0.3062499999999999,37781.509353637695,4700,1,0.3062499999999999,47000.7760925293,4700,1,0.3062499999999999,29504.42807006836,4700,1,0.3062499999999999,7271.522903442383,4700,1,0.3062499999999999,7160.857650756836,4700,1,0.3062499999999999,6751.79768371582,4700,1,0.3062499999999999,6969.603775024414,4700,1,0.3062499999999999,10777.757614135742,3007,3007,3007,3007,3007,3007,3007,3007,3007,3007,3007,3007,4690,4691,3007,3007,3007,4690,3007,3007,3007,3007,3007,4690,88.8888931274414,4.761904716491699,0,0,5.263157844543457,15.789472579956055,5.263157844543457,26.3157901763916,30.000001907348633,47.05882263183594,0,0,35,0,0,0,0,27.77777862548828,26.3157901763916,100,0,0,0,0,66481098752,12884893696,1629339648,0
99,1780596609163,57345.652099609375,4700,1,0.3062499999999999,6934.574737548828,4700,1,0.3062499999999999,6797.432388305664,4700,1,0.3062499999999999,12086.644760131836,4700,1,0.3062499999999999,45625.30171203613,4700,1,0.3062499999999999,37781.91618347168,4700,1,0.3062499999999999,47001.20553588867,4700,1,0.3062499999999999,29505.114532470703,4700,1,0.3062499999999999,7271.526062011719,4700,1,0.3062499999999999,7160.860748291016,4700,1,0.3062499999999999,6751.800765991211,4700,1,0.3062499999999999,6969.606857299805,4700,1,0.3062499999999999,10783.527725219727,3007,3007,3007,3007,3007,3007,3007,3007,3007,3007,3007,3007,4690,4691,3007,3007,3007,4690,3007,3007,3007,3007,3007,4690,90,0,0,0,5,15.000000953674316,15.000000953674316,28.571430206298828,21.052631378173828,50,0,0,23.52941131591797,0,0,0,0,30.000001907348633,31.57894515991211,100,0,0,0,0,66481098752,12884893696,1629773824,0
99,1780596609263,57346.2843170166,4700,1,0.3062499999999999,6934.57795715332,4700,1,0.3062499999999999,6797.435546875,4700,1,0.3062499999999999,12086.80436706543,4700,1,0.3062499999999999,45625.75274658203,4700,1,0.3062499999999999,37782.38264465332,4700,1,0.3062499999999999,47001.53517150879,4700,1,0.3062499999999999,29505.801712036133,4700,1,0.3062499999999999,7271.529144287109,4700,1,0.3062499999999999,7160.871871948242,4700,1,0.3062499999999999,6751.803848266602,4700,1,0.3062499999999999,6969.610168457031,4700,1,0.3062499999999999,10789.259704589844,3007,3007,3007,3007,3007,3007,3007,3007,3007,3007,3007,3007,4690,4691,3007,3007,3007,4690,3007,3007,3007,3007,3007,4690,90,0,0,0,5,15.000000953674316,15.000000953674316,28.571430206298828,21.052631378173828,50,0,0,23.52941131591797,0,0,0,0,30.000001907348633,31.57894515991211,100,0,0,0,0,66481098752,12884893696,1626669056,0
99,1780596609363,57346.8779296875,4700,1,0.3062499999999999,6934.581100463867,4700,1,0.3062499999999999,6797.438659667969,4700,1,0.3062499999999999,12087.148452758789,4700,1,0.3062499999999999,45626.15734863281,4700,1,0.3062499999999999,37782.70869445801,4700,1,0.3062499999999999,47001.99870300293,4700,1,0.3062499999999999,29506.49186706543,4700,1,0.3062499999999999,7271.532501220703,4700,1,0.3062499999999999,7160.880462646484,4700,1,0.3062499999999999,6751.806930541992,4700,1,0.3062499999999999,6969.613388061523,4700,1,0.3062499999999999,10795.060089111328,3007,3007,3007,3007,3007,3007,3007,3007,3007,3007,3007,3007,4690,4691,3007,3007,3007,4690,3007,3007,3007,3007,3007,4690,94.11764526367188,0,0,0,15.000000953674316,15.789472579956055,25,11.111111640930176,21.052631378173828,41.17647171020508,0,0,22.22222328186035,0,0,0,0,26.3157901763916,28.571430206298828,100,0,0,0,0,66481098752,12884893696,1624170496,0
99,1780596609463,57347.48622131348,4700,1,0.3062499999999999,6934.584182739258,4700,1,0.3062499999999999,6797.441741943359,4700,1,0.3062499999999999,12087.476501464844,4700,1,0.3062499999999999,45626.595153808594,4700,1,0.3062499999999999,37783.05094909668,4700,1,0.3062499999999999,47002.42625427246,4700,1,0.3062499999999999,29507.16877746582,4700,1,0.3062499999999999,7271.535827636719,4700,1,0.3062499999999999,7160.883544921875,4700,1,0.3062499999999999,6751.810012817383,4700,1,0.3062499999999999,6969.616470336914,4700,1,0.3062499999999999,10800.839324951172,3007,3007,3007,3007,3007,3007,3007,3007,3007,3007,3007,3007,4690,4691,3007,3007,3007,4690,3007,3007,3007,3007,3007,4690,94.11764526367188,0,0,0,15.000000953674316,15.789472579956055,25,11.111111640930176,21.052631378173828,41.17647171020508,0,0,22.22222328186035,0,0,0,0,26.3157901763916,28.571430206298828,100,0,0,0,0,66481098752,12884893696,1630232576,0
99,1780596609563,57348.09356689453,4700,1,0.30000000000000004,6934.587265014648,4700,1,0.3062499999999999,6797.444885253906,4700,1,0.3062499999999999,12087.827453613281,4700,1,0.30000000000000004,45626.991775512695,4700,1,0.30000000000000004,37783.351806640625,4700,1,0.30000000000000004,47002.86849975586,4700,1,0.30000000000000004,29507.859420776367,4700,1,0.30000000000000004,7271.539001464844,4700,1,0.30000000000000004,7160.886657714844,4700,1,0.3062499999999999,6751.813125610352,4700,1,0.3062499999999999,6969.619552612305,4700,1,0.3062499999999999,10806.59407043457,3007,3007,3007,3007,3007,3007,3007,3007,3007,3007,3007,3007,4690,4691,3007,3007,3007,4690,3007,3007,3007,3007,3007,4690,88.8888931274414,21.052631378173828,0,0,10.526315689086914,5.263157844543457,22.22222328186035,9.090909004211426,11.764705657958984,41.17647171020508,0,0,5.882352828979492,0,0,0,0,26.3157901763916,22.22222328186035,100,0,0,0,0,66481098752,12884893696,1629360128,0
99,1780596609663,57348.69593811035,4700,1,0.3062499999999999,6934.590316772461,4700,1,0.3062499999999999,6797.449752807617,4700,1,0.3062499999999999,12088.151580810547,4700,1,0.3062499999999999,45627.365798950195,4700,1,0.3062499999999999,37783.79724121094,4700,1,0.3062499999999999,47003.26338195801,4700,1,0.3062499999999999,29508.54656982422,4700,1,0.3062499999999999,7271.54216003418,4700,1,0.3062499999999999,7160.889739990234,4700,1,0.3062499999999999,6751.816299438477,4700,1,0.3062499999999999,6969.622604370117,4700,1,0.3062499999999999,10812.323684692383,3007,3007,3007,3007,3007,3007,3007,3007,3007,3007,3007,3007,4690,4691,3007,3007,3007,4690,3007,3007,3007,3007,3007,4690,88.8888931274414,21.052631378173828,0,0,10.526315689086914,5.263157844543457,22.22222328186035,9.090909004211426,11.764705657958984,41.17647171020508,0,0,5.882352828979492,0,0,0,0,26.3157901763916,22.22222328186035,100,0,0,0,0,66481098752,12884893696,1627742208,0
99,1780596609763,57349.32209777832,4700,1,0.30000000000000004,6934.593414306641,4700,1,0.30000000000000004,6797.45295715332,4700,1,0.30000000000000004,12088.532333374023,4700,1,0.30000000000000004,45627.74739074707,4700,1,0.30000000000000004,37784.153228759766,4700,1,0.30000000000000004,47003.72496032715,4700,1,0.30000000000000004,29509.234771728516,4700,1,0.30000000000000004,7271.545303344727,4700,1,0.30000000000000004,7160.894592285156,4700,1,0.30000000000000004,6751.819381713867,4700,1,0.30000000000000004,6969.625762939453,4700,1,0.30000000000000004,10818.088455200195,3007,3007,3007,3007,3007,3007,3007,3007,3007,3007,3007,3007,4690,4691,3007,3007,3007,4690,3007,3007,3007,3007,3007,4690,88.8888931274414,21.052631378173828,0,0,10.526315689086914,5.263157844543457,22.22222328186035,9.090909004211426,11.764705657958984,41.17647171020508,0,0,5.882352828979492,0,0,0,0,26.3157901763916,22.22222328186035,100,0,0,0,0,66481098752,12884893696,1625677824,0
99,1780596609863,57349.90077209473,4700,1,0.3062499999999999,6934.596542358398,4700,1,0.3062499999999999,6797.456069946289,4700,1,0.3062499999999999,12088.954040527344,4700,1,0.3062499999999999,45628.22315979004,4700,1,0.3062499999999999,37784.3858795166,4700,1,0.3062499999999999,47004.13807678223,4700,1,0.3062499999999999,29509.92042541504,4700,1,0.3062499999999999,7271.548385620117,4700,1,0.3062499999999999,7160.897674560547,4700,1,0.3062499999999999,6751.822463989258,4700,1,0.3062499999999999,6969.628845214844,4700,1,0.3062499999999999,10823.830947875977,3007,3007,3007,3007,3007,3007,3007,3007,3007,3007,3007,3007,4690,4691,3007,3007,3007,4690,3007,3007,3007,3007,3007,4690,89.28571319580078,17.85714340209961,0,0,13.333333969116211,17.241378784179688,27.586206436157227,14.814814567565918,26.666667938232422,50,0,0,17.241378784179688,0,0,0,0,10,17.85714340209961,100,0,0,0,0,66481098752,12884893696,1630789632,0
99,1780596609963,57350.51997375488,4700,1,0.3062499999999999,6934.599624633789,4700,1,0.3062499999999999,6797.45915222168,4700,1,0.3062499999999999,12089.21842956543,4700,1,0.3062499999999999,45628.63478088379,4700,1,0.3062499999999999,37784.75033569336,4700,1,0.3062499999999999,47004.585708618164,4700,1,0.3062499999999999,29510.59913635254,4700,1,0.3062499999999999,7271.551467895508,4700,1,0.3062499999999999,7160.9007568359375,4700,1,0.3062499999999999,6751.825546264648,4700,1,0.3062499999999999,6969.631927490234,4700,1,0.3062499999999999,10829.600952148438,3007,3007,3007,3007,3007,3007,3007,3007,3007,3007,3007,3007,4690,4691,3007,3007,3007,4690,3007,3007,3007,3007,3007,4690,89.28571319580078,17.85714340209961,0,0,13.333333969116211,17.241378784179688,27.586206436157227,14.814814567565918,26.666667938232422,50,0,0,17.241378784179688,0,0,0,0,10,17.85714340209961,100,0,0,0,0,66481098752,12884893696,1630482432,0
99,1780596610063,57351.08564758301,4700,1,0.3062499999999999,6934.60270690918,4700,1,0.3062499999999999,6797.462326049805,4700,1,0.3062499999999999,12089.428298950195,4700,1,0.3062499999999999,45629.02209472656,4700,1,0.3062499999999999,37785.191955566406,4700,1,0.3062499999999999,47005.05906677246,4700,1,0.3062499999999999,29511.294036865234,4700,1,0.3062499999999999,7271.554611206055,4700,1,0.3062499999999999,7160.903961181641,4700,1,0.3062499999999999,6751.828659057617,4700,1,0.3062499999999999,6969.63508605957,4700,1,0.3062499999999999,10835.346603393555,3007,3007,3007,3007,3007,3007,3007,3007,3007,3007,3007,3007,4690,4691,3007,3007,3007,4690,3007,3007,3007,3007,3007,4690,88.23529815673828,5.263157844543457,0,0,14.285715103149414,10.526315689086914,29.411766052246094,25,17.647058486938477,50,0,0,15.000000953674316,0,0,0,0,25,26.3157901763916,100,0,0,0,0,66481098752,12884893696,1629106176,0
99,1780596610163,57351.71890258789,4700,1,0.3062499999999999,6934.605850219727,4700,1,0.3062499999999999,6797.465408325195,4700,1,0.3062499999999999,12089.718032836914,4700,1,0.3062499999999999,45629.491119384766,4700,1,0.3062499999999999,37785.56266784668,4700,1,0.3062499999999999,47005.4211730957,4700,1,0.3062499999999999,29511.97038269043,4700,1,0.3062499999999999,7271.557861328125,4700,1,0.3062499999999999,7160.907043457031,4700,1,0.3062499999999999,6751.831741333008,4700,1,0.3062499999999999,6969.638168334961,4700,1,0.3062499999999999,10841.112228393555,3007,3007,3007,3007,3007,3007,3007,3007,3007,3007,3007,3007,4690,4691,3007,3007,3007,4690,3007,3007,3007,3007,3007,4690,88.23529815673828,5.263157844543457,0,0,14.285715103149414,10.526315689086914,29.411766052246094,25,17.647058486938477,50,0,0,15.000000953674316,0,0,0,0,25,26.3157901763916,100,0,0,0,0,66481098752,12884893696,1625112576,0
99,1780596610263,57352.30616760254,4700,1,0.3062499999999999,6934.608993530273,4700,1,0.3062499999999999,6797.468612670898,4700,1,0.3062499999999999,12089.958602905273,4700,1,0.3062499999999999,45629.94451904297,4700,1,0.3062499999999999,37785.9708404541,4700,1,0.3062499999999999,47005.8444519043,4700,1,0.3062499999999999,29512.659545898438,4700,1,0.3062499999999999,7271.561019897461,4700,1,0.3062499999999999,7160.9102783203125,4700,1,0.3062499999999999,6751.834823608398,4700,1,0.3062499999999999,6969.641357421875,4700,1,0.3062499999999999,10846.878112792969,3007,3007,3007,3007,3007,3007,3007,3007,3007,3007,3007,3007,4690,4691,3007,3007,3007,4690,3007,3007,3007,3007,3007,4690,94.73684692382813,9.523809432983398,0,0,10.526315689086914,15.000000953674316,17.647058486938477,26.3157901763916,17.647058486938477,47.36842346191406,0,0,30.000001907348633,0,0,0,0,10,11.111111640930176,100,0,0,0,0,66481098752,12884893696,1632358400,0
99,1780596610363,57352.926361083984,4700,1,0.3062499999999999,6934.612045288086,4700,1,0.3062499999999999,6797.471710205078,4700,1,0.3062499999999999,12090.19075012207,4700,1,0.3062499999999999,45630.397201538086,4700,1,0.3062499999999999,37786.38316345215,4700,1,0.3062499999999999,47006.29930114746,4700,1,0.3062499999999999,29513.335021972656,4700,1,0.3062499999999999,7271.564163208008,4700,1,0.3062499999999999,7160.913330078125,4700,1,0.3062499999999999,6751.837875366211,4700,1,0.3062499999999999,6969.6444091796875,4700,1,0.3062499999999999,10852.644439697266,3007,3007,3007,3007,3007,3007,3007,3007,3007,3007,3007,3007,4690,4691,3007,3007,3007,4690,3007,3007,3007,3007,3007,4690,94.73684692382813,9.523809432983398,0,0,10.526315689086914,15.000000953674316,17.647058486938477,26.3157901763916,17.647058486938477,47.36842346191406,0,0,30.000001907348633,0,0,0,0,10,11.111111640930176,100,0,0,0,0,66481098752,12884893696,1629548544,0
99,1780596610463,57353.52392578125,4700,1,0.3062499999999999,6934.615158081055,4700,1,0.3062499999999999,6797.474792480469,4700,1,0.3062499999999999,12090.449981689453,4700,1,0.3062499999999999,45630.829528808594,4700,1,0.3062499999999999,37786.76614379883,4700,1,0.3062499999999999,47006.73710632324,4700,1,0.3062499999999999,29514.030517578125,4700,1,0.3062499999999999,7271.567367553711,4700,1,0.3062499999999999,7160.916473388672,4700,1,0.3062499999999999,6751.840957641602,4700,1,0.3062499999999999,6969.647567749023,4700,1,0.3062499999999999,10858.428359985352,3007,3007,3007,3007,3007,3007,3007,3007,3007,3007,3007,3007,4690,4691,3007,3007,3007,4690,3007,3007,3007,3007,3007,4690,90.47618865966797,10,0,0,5.555555820465088,5.263157844543457,26.3157901763916,16.666667938232422,27.77777862548828,44.4444465637207,0,0,25,0,0,0,0,21.052631378173828,25,100,0,0,0,0,66481098752,12884893696,1628377088,0
99,1780596610564,57354.164779663086,4700,1,0.3062499999999999,6934.61833190918,4700,1,0.3062499999999999,6797.477996826172,4700,1,0.3062499999999999,12090.67691040039,4700,1,0.3062499999999999,45631.2248840332,4700,1,0.3062499999999999,37787.216049194336,4700,1,0.3062499999999999,47007.18542480469,4700,1,0.3062499999999999,29514.712890625,4700,1,0.3062499999999999,7271.570785522461,4700,1,0.3062499999999999,7160.919677734375,4700,1,0.3062499999999999,6751.844192504883,4700,1,0.3062499999999999,6969.650741577148,4700,1,0.3062499999999999,10864.176239013672,3007,3007,3007,3007,3007,3007,3007,3007,3007,3007,3007,3007,4690,4691,3007,3007,3007,4690,3007,3007,3007,3007,3007,4690,90.47618865966797,10,0,0,5.555555820465088,5.263157844543457,26.3157901763916,16.666667938232422,27.77777862548828,44.4444465637207,0,0,25,0,0,0,0,21.052631378173828,25,100,0,0,0,0,66481098752,12884893696,1627648000,0
99,1780596610664,57354.75654602051,4700,1,0.3062499999999999,6934.62141418457,4700,1,0.3062499999999999,6797.4810791015625,4700,1,0.3062499999999999,12090.922439575195,4700,1,0.3062499999999999,45631.676330566406,4700,1,0.3062499999999999,37787.6272277832,4700,1,0.3062499999999999,47007.63847351074,4700,1,0.3062499999999999,29515.408081054688,4700,1,0.3062499999999999,7271.57389831543,4700,1,0.3062499999999999,7160.922760009766,4700,1,0.3062499999999999,6751.847320556641,4700,1,0.3062499999999999,6969.653823852539,4700,1,0.3062499999999999,10869.928939819336,3007,3007,3007,3007,3007,3007,3007,3007,3007,3007,3007,3007,4690,4691,3007,3007,3007,4690,3007,3007,3007,3007,3007,4690,94.44444274902344,0,0,0,10.526315689086914,10,21.052631378173828,30.000001907348633,30.000001907348633,41.17647171020508,0,0,22.22222328186035,0,0,0,0,21.052631378173828,16.666667938232422,100,0,0,0,0,66481098752,12884893696,1632305152,0
99,1780596610764,57355.37420654297,4700,1,0.30000000000000004,6934.624496459961,4700,1,0.3062499999999999,6797.486724853516,4700,1,0.3062499999999999,12091.239791870117,4700,1,0.30000000000000004,45632.082916259766,4700,1,0.30000000000000004,37788.020431518555,4700,1,0.30000000000000004,47008.03364562988,4700,1,0.30000000000000004,29516.095489501953,4700,1,0.30000000000000004,7271.577041625977,4700,1,0.30000000000000004,7160.9259033203125,4700,1,0.3062499999999999,6751.850509643555,4700,1,0.3062499999999999,6969.65690612793,4700,1,0.3062499999999999,10875.686492919922,3007,3007,3007,3007,3007,3007,3007,3007,3007,3007,3007,3007,4690,4691,3007,3007,3007,4690,3007,3007,3007,3007,3007,4690,94.44444274902344,0,0,0,10.526315689086914,10,21.052631378173828,30.000001907348633,30.000001907348633,41.17647171020508,0,0,22.22222328186035,0,0,0,0,21.052631378173828,16.666667938232422,100,0,0,0,0,66481098752,12884893696,1629102080,0
99,1780596610864,57355.99644470215,4700,1,0.3062499999999999,6934.62760925293,4700,1,0.3062499999999999,6797.489807128906,4700,1,0.3062499999999999,12091.442810058594,4700,1,0.3062499999999999,45632.497817993164,4700,1,0.3062499999999999,37788.39611816406,4700,1,0.3062499999999999,47008.484939575195,4700,1,0.3062499999999999,29516.785705566406,4700,1,0.3062499999999999,7271.580123901367,4700,1,0.3062499999999999,7160.929046630859,4700,1,0.3062499999999999,6751.853591918945,4700,1,0.3062499999999999,6969.660064697266,4700,1,0.3062499999999999,10881.47021484375,3007,3007,3007,3007,3007,3007,3007,3007,3007,3007,3007,3007,4690,4691,3007,3007,3007,4690,3007,3007,3007,3007,3007,4690,88.8888931274414,0,0,0,20,11.111111640930176,27.77777862548828,15.789472579956055,27.77777862548828,50,0,0,15.000000953674316,0,0,0,0,23.809524536132813,20,100,0,0,0,0,66481098752,12884893696,1626677248,0
99,1780596610964,57356.59770202637,4700,1,0.3062499999999999,6934.63069152832,4700,1,0.3062499999999999,6797.492889404297,4700,1,0.3062499999999999,12091.738037109375,4700,1,0.3062499999999999,45632.91264343262,4700,1,0.3062499999999999,37788.81608581543,4700,1,0.3062499999999999,47008.884994506836,4700,1,0.3062499999999999,29517.462951660156,4700,1,0.3062499999999999,7271.58317565918,4700,1,0.3062499999999999,7160.93212890625,4700,1,0.3062499999999999,6751.856674194336,4700,1,0.3062499999999999,6969.663146972656,4700,1,0.3062499999999999,10887.276962280273,3007,3007,3007,3007,3007,3007,3007,3007,3007,3007,3007,3007,4690,4691,3007,3007,3007,4690,3007,3007,3007,3007,3007,4690,88.8888931274414,0,0,0,20,11.111111640930176,27.77777862548828,15.789472579956055,27.77777862548828,50,0,0,15.000000953674316,0,0,0,0,23.809524536132813,20,100,0,0,0,0,66481098752,12884893696,1625423872,0
99,1780596611064,57357.24305725098,4700,1,0.3062499999999999,6934.633773803711,4700,1,0.3062499999999999,6797.496047973633,4700,1,0.3062499999999999,12091.990264892578,4700,1,0.3062499999999999,45633.26072692871,4700,1,0.3062499999999999,37789.26480102539,4700,1,0.3062499999999999,47009.310638427734,4700,1,0.3062499999999999,29518.1435546875,4700,1,0.3062499999999999,7271.586349487305,4700,1,0.3062499999999999,7160.935211181641,4700,1,0.3062499999999999,6751.859771728516,4700,1,0.3062499999999999,6969.666229248047,4700,1,0.3062499999999999,10893.027038574219,3007,3007,3007,3007,3007,3007,3007,3007,3007,3007,3007,3007,4690,4691,3007,3007,3007,4690,3007,3007,3007,3007,3007,4690,94.44444274902344,0,0,0,15.789472579956055,15.789472579956055,26.3157901763916,12.5,25,44.4444465637207,0,0,10.526315689086914,0,0,0,0,25,21.052631378173828,100,0,0,0,0,66481098752,12884893696,1630691328,0
99,1780596611164,57357.84819030762,4700,1,0.30000000000000004,6934.636825561523,4700,1,0.30000000000000004,6797.499099731445,4700,1,0.30000000000000004,12092.211502075195,4700,1,0.30000000000000004,45633.67060852051,4700,1,0.30000000000000004,37789.71951293945,4700,1,0.30000000000000004,47009.74955749512,4700,1,0.30000000000000004,29518.837997436523,4700,1,0.30000000000000004,7271.589431762695,4700,1,0.30000000000000004,7160.938293457031,4700,1,0.30000000000000004,6751.862854003906,4700,1,0.30000000000000004,6969.669281005859,4700,1,0.30000000000000004,10898.717590332031,3007,3007,3007,3007,3007,3007,3007,3007,3007,3007,3007,3007,4690,4691,3007,3007,3007,4690,3007,3007,3007,3007,3007,4690,94.44444274902344,0,0,0,15.789472579956055,15.789472579956055,26.3157901763916,12.5,25,44.4444465637207,0,0,10.526315689086914,0,0,0,0,25,21.052631378173828,100,0,0,0,0,66481098752,12884893696,1628692480,0
99,1780596611264,57358.4267578125,4700,1,0.3062499999999999,6934.640075683594,4700,1,0.3062499999999999,6797.502426147461,4700,1,0.3062499999999999,12092.3583984375,4700,1,0.3062499999999999,45634.09375,4700,1,0.3062499999999999,37790.20057678223,4700,1,0.3062499999999999,47010.1925201416,4700,1,0.3062499999999999,29519.525756835938,4700,1,0.3062499999999999,7271.592666625977,4700,1,0.3062499999999999,7160.941513061523,4700,1,0.3062499999999999,6751.865966796875,4700,1,0.3062499999999999,6969.6727294921875,4700,1,0.3062499999999999,10904.466033935547,3007,3007,3007,3007,3007,3007,3007,3007,3007,3007,3007,3007,4690,4691,3007,3007,3007,4690,3007,3007,3007,3007,3007,4690,90,0,0,0,5.263157844543457,5.263157844543457,20,30.000001907348633,18.75,47.36842346191406,0,0,22.22222328186035,0,0,0,0,35,15.789472579956055,100,0,0,0,0,66481098752,12884893696,1626836992,0
99,1780596611364,57358.9962310791,4700,1,0.3062499999999999,6934.643157958984,4700,1,0.3062499999999999,6797.505508422852,4700,1,0.3062499999999999,12092.71907043457,4700,1,0.3062499999999999,45634.54342651367,4700,1,0.3062499999999999,37790.57942199707,4700,1,0.3062499999999999,47010.55630493164,4700,1,0.3062499999999999,29520.21421813965,4700,1,0.3062499999999999,7271.595748901367,4700,1,0.3062499999999999,7160.944595336914,4700,1,0.3062499999999999,6751.869049072266,4700,1,0.3062499999999999,6969.675811767578,4700,1,0.3062499999999999,10910.305236816406,3007,3007,3007,3007,3007,3007,3007,3007,3007,3007,3007,3007,4690,4691,3007,3007,3007,4690,3007,3007,3007,3007,3007,4690,90,0,0,0,5.263157844543457,5.263157844543457,20,30.000001907348633,18.75,47.36842346191406,0,0,22.22222328186035,0,0,0,0,35,15.789472579956055,100,0,0,0,0,66481098752,12884893696,1624907776,0
99,1780596611464,57359.572326660156,4700,1,0.3062499999999999,6934.646240234375,4700,1,0.3062499999999999,6797.508590698242,4700,1,0.3062499999999999,12093.01335144043,4700,1,0.3062499999999999,45634.977462768555,4700,1,0.3062499999999999,37791.00682067871,4700,1,0.3062499999999999,47010.95541381836,4700,1,0.3062499999999999,29520.89781188965,4700,1,0.3062499999999999,7271.598831176758,4700,1,0.3062499999999999,7160.947677612305,4700,1,0.3062499999999999,6751.872131347656,4700,1,0.3062499999999999,6969.678894042969,4700,1,0.3062499999999999,10916.047653198242,3007,3007,3007,3007,3007,3007,3007,3007,3007,3007,3007,3007,4690,4691,3007,3007,3007,4690,3007,3007,3007,3007,3007,4690,88.23529815673828,10,0,0,0,22.22222328186035,31.57894515991211,22.22222328186035,31.81818199157715,50,0,0,11.764705657958984,0,0,0,0,11.111111640930176,20,100,0,0,0,0,66481098752,12884893696,1631105024,0
99,1780596611564,57360.21229553223,4700,1,0.3062499999999999,6934.649322509766,4700,1,0.3062499999999999,6797.511734008789,4700,1,0.3062499999999999,12093.359237670898,4700,1,0.3062499999999999,45635.36883544922,4700,1,0.3062499999999999,37791.40774536133,4700,1,0.3062499999999999,47011.318267822266,4700,1,0.3062499999999999,29521.586669921875,4700,1,0.3062499999999999,7271.602264404297,4700,1,0.3062499999999999,7160.950790405273,4700,1,0.3062499999999999,6751.875244140625,4700,1,0.3062499999999999,6969.681976318359,4700,1,0.3062499999999999,10921.842163085938,3007,3007,3007,3007,3007,3007,3007,3007,3007,3007,3007,3007,4690,4691,3007,3007,3007,4690,3007,3007,3007,3007,3007,4690,88.23529815673828,10,0,0,0,22.22222328186035,31.57894515991211,22.22222328186035,31.81818199157715,50,0,0,11.764705657958984,0,0,0,0,11.111111640930176,20,100,0,0,0,0,66481098752,12884893696,1629077504,0
99,1780596611664,57360.809005737305,4700,1,0.3062499999999999,6934.652404785156,4700,1,0.3062499999999999,6797.515838623047,4700,1,0.3062499999999999,12093.676300048828,4700,1,0.3062499999999999,45635.839584350586,4700,1,0.3062499999999999,37791.70263671875,4700,1,0.3062499999999999,47011.74885559082,4700,1,0.3062499999999999,29522.269241333008,4700,1,0.3062499999999999,7271.605895996094,4700,1,0.3062499999999999,7160.953903198242,4700,1,0.3062499999999999,6751.878387451172,4700,1,0.3062499999999999,6969.685150146484,4700,1,0.3062499999999999,10927.614242553711,3007,3007,3007,3007,3007,3007,3007,3007,3007,3007,3007,3007,4690,4691,3007,3007,3007,4690,3007,3007,3007,3007,3007,4690,88.8888931274414,5.882352828979492,0,0,23.809524536132813,10.526315689086914,26.3157901763916,11.111111640930176,5.263157844543457,50,0,0,21.052631378173828,0,0,0,0,10.526315689086914,23.52941131591797,100,0,0,0,0,66481098752,12884893696,1626595328,0
99,1780596611764,57361.42692565918,4700,1,0.30000000000000004,6934.655487060547,4700,1,0.30000000000000004,6797.518981933594,4700,1,0.30000000000000004,12094.084854125977,4700,1,0.30000000000000004,45636.22100830078,4700,1,0.30000000000000004,37792.06428527832,4700,1,0.30000000000000004,47012.17036437988,4700,1,0.30000000000000004,29522.952560424805,4700,1,0.30000000000000004,7271.60954284668,4700,1,0.30000000000000004,7160.956985473633,4700,1,0.30000000000000004,6751.8814697265625,4700,1,0.30000000000000004,6969.688232421875,4700,1,0.30000000000000004,10933.457656860352,3007,3007,3007,3007,3007,3007,3007,3007,3007,3007,3007,3007,4690,4691,3007,3007,3007,4690,3007,3007,3007,3007,3007,4690,88.8888931274414,5.882352828979492,0,0,23.809524536132813,10.526315689086914,26.3157901763916,11.111111640930176,5.263157844543457,50,0,0,21.052631378173828,0,0,0,0,10.526315689086914,23.52941131591797,100,0,0,0,0,66481098752,12884893696,1632964608,0
99,1780596611864,57362.00910949707,4700,1,0.30000000000000004,6934.6585693359375,4700,1,0.30000000000000004,6797.522064208984,4700,1,0.30000000000000004,12094.502532958984,4700,1,0.30000000000000004,45636.58741760254,4700,1,0.30000000000000004,37792.37043762207,4700,1,0.30000000000000004,47012.61781311035,4700,1,0.30000000000000004,29523.645401000977,4700,1,0.30000000000000004,7271.612854003906,4700,1,0.30000000000000004,7160.960067749023,4700,1,0.30000000000000004,6751.884552001953,4700,1,0.30000000000000004,6969.691314697266,4700,1,0.30000000000000004,10939.204940795898,3007,3007,3007,3007,3007,3007,3007,3007,3007,3007,3007,3007,4690,4691,3007,3007,3007,4690,3007,3007,3007,3007,3007,4690,88.23529815673828,22.22222328186035,0,0,10,20,5.555555820465088,28.571430206298828,22.22222328186035,52.38095474243164,0,0,28.571430206298828,0,0,0,0,10.526315689086914,23.809524536132813,100,0,0,0,0,66481098752,12884893696,1630175232,0
99,1780596611964,57362.62431335449,4700,1,0.3062499999999999,6934.66162109375,4700,1,0.3062499999999999,6797.525115966797,4700,1,0.3062499999999999,12094.844329833984,4700,1,0.3062499999999999,45637.03219604492,4700,1,0.3062499999999999,37792.79945373535,4700,1,0.3062499999999999,47013.06797790527,4700,1,0.3062499999999999,29524.298080444336,4700,1,0.3062499999999999,7271.6160888671875,4700,1,0.3062499999999999,7160.963150024414,4700,1,0.3062499999999999,6751.887634277344,4700,1,0.3062499999999999,6969.694366455078,4700,1,0.3062499999999999,10944.981674194336,3007,3007,3007,3007,3007,3007,3007,3007,3007,3007,3007,3007,4690,4691,3007,3007,3007,4690,3007,3007,3007,3007,3007,4690,88.23529815673828,22.22222328186035,0,0,10,20,5.555555820465088,28.571430206298828,22.22222328186035,52.38095474243164,0,0,28.571430206298828,0,0,0,0,10.526315689086914,23.809524536132813,100,0,0,0,0,66481098752,12884893696,1628725248,0
99,1780596612064,57363.2147064209,4700,1,0.3062499999999999,6934.664703369141,4700,1,0.3062499999999999,6797.532135009766,4700,1,0.3062499999999999,12095.213653564453,4700,1,0.3062499999999999,45637.517807006836,4700,1,0.3062499999999999,37793.21733093262,4700,1,0.3062499999999999,47013.57649230957,4700,1,0.3062499999999999,29524.926559448242,4700,1,0.3062499999999999,7271.619491577148,4700,1,0.3062499999999999,7160.966293334961,4700,1,0.3062499999999999,6751.890808105469,4700,1,0.3062499999999999,6969.697509765625,4700,1,0.3062499999999999,10950.901184082031,3007,3007,3007,3007,3007,3007,3007,3007,3007,3007,3007,3007,4690,4691,3007,3007,3007,4690,3007,3007,3007,3007,3007,4690,94.73684692382813,15.000000953674316,0,0,10,25,22.22222328186035,31.57894515991211,31.57894515991211,27.77777862548828,0,0,27.77777862548828,0,0,0,0,19.047618865966797,25,100,4.761904716491699,0,0,0,66481098752,12884893696,1625079808,0
99,1780596612164,57363.843658447266,4700,1,0.3062499999999999,6934.667938232422,4700,1,0.3062499999999999,6797.5377197265625,4700,1,0.3062499999999999,12095.57795715332,4700,1,0.3062499999999999,45637.972091674805,4700,1,0.3062499999999999,37793.65545654297,4700,1,0.3062499999999999,47013.98551940918,4700,1,0.3062499999999999,29525.58071899414,4700,1,0.3062499999999999,7271.622955322266,4700,1,0.3062499999999999,7160.969543457031,4700,1,0.3062499999999999,6751.894012451172,4700,1,0.3062499999999999,6969.700744628906,4700,1,0.3062499999999999,10956.753204345703,3007,3007,3007,3007,3007,3007,3007,3007,3007,3007,3007,3007,4690,4691,3007,3007,3007,4690,3007,3007,3007,3007,3007,4690,94.73684692382813,15.000000953674316,0,0,10,25,22.22222328186035,31.57894515991211,31.57894515991211,27.77777862548828,0,0,27.77777862548828,0,0,0,0,19.047618865966797,25,100,4.761904716491699,0,0,0,66481098752,12884893696,1630392320,0
99,1780596612265,57364.48304748535,4700,1,0.3062499999999999,6934.671051025391,4700,1,0.3062499999999999,6797.5411376953125,4700,1,0.3062499999999999,12095.936325073242,4700,1,0.3062499999999999,45638.366470336914,4700,1,0.3062499999999999,37794.08317565918,4700,1,0.3062499999999999,47014.38185119629,4700,1,0.3062499999999999,29526.266189575195,4700,1,0.3062499999999999,7271.62614440918,4700,1,0.3062499999999999,7160.972686767578,4700,1,0.3062499999999999,6751.897125244141,4700,1,0.3062499999999999,6969.7039794921875,4700,1,0.3062499999999999,10962.561569213867,3007,3007,3007,3007,3007,3007,3007,3007,3007,3007,3007,3007,4690,4691,3007,3007,3007,4690,3007,3007,3007,3007,3007,4690,94.44444274902344,11.111111640930176,0,0,11.764705657958984,23.809524536132813,5.882352828979492,22.22222328186035,21.052631378173828,40,0,0,26.3157901763916,0,0,0,0,25,16.666667938232422,100,0,0,0,0,66481098752,12884893696,1629351936,0
99,1780596612365,57365.116439819336,4700,1,0.30000000000000004,6934.674133300781,4700,1,0.30000000000000004,6797.544219970703,4700,1,0.3062499999999999,12096.295318603516,4700,1,0.30000000000000004,45638.750579833984,4700,1,0.30000000000000004,37794.48941040039,4700,1,0.30000000000000004,47014.80163574219,4700,1,0.30000000000000004,29526.95524597168,4700,1,0.30000000000000004,7271.629287719727,4700,1,0.30000000000000004,7160.975769042969,4700,1,0.30000000000000004,6751.900207519531,4700,1,0.30000000000000004,6969.707061767578,4700,1,0.30000000000000004,10968.413116455078,3007,3007,3007,3007,3007,3007,3007,3007,3007,3007,3007,3007,4690,4691,3007,3007,3007,4690,3007,3007,3007,3007,3007,4690,94.44444274902344,11.111111640930176,0,0,11.764705657958984,23.809524536132813,5.882352828979492,22.22222328186035,21.052631378173828,40,0,0,26.3157901763916,0,0,0,0,25,16.666667938232422,100,0,0,0,0,66481098752,12884893696,1627402240,0
99,1780596612465,57365.70506286621,4700,1,0.30000000000000004,6934.67724609375,4700,1,0.30000000000000004,6797.54736328125,4700,1,0.30000000000000004,12096.560729980469,4700,1,0.30000000000000004,45639.17819213867,4700,1,0.30000000000000004,37794.89764404297,4700,1,0.30000000000000004,47015.23205566406,4700,1,0.30000000000000004,29527.628448486328,4700,1,0.30000000000000004,7271.632339477539,4700,1,0.30000000000000004,7160.978820800781,4700,1,0.30000000000000004,6751.903259277344,4700,1,0.30000000000000004,6969.710174560547,4700,1,0.30000000000000004,10974.155029296875,3007,3007,3007,3007,3007,3007,3007,3007,3007,3007,3007,3007,4690,4691,3007,3007,3007,4690,3007,3007,3007,3007,3007,4690,90.47618865966797,14.285715103149414,0,0,19.047618865966797,11.111111640930176,11.111111640930176,11.111111640930176,26.3157901763916,44.4444465637207,0,0,21.052631378173828,0,0,0,0,17.647058486938477,21.052631378173828,100,0,0,0,0,66481098752,12884893696,1624563712,0
99,1780596612565,57366.32279968262,4700,1,0.30000000000000004,6934.680450439453,4700,1,0.30000000000000004,6797.550552368164,4700,1,0.30000000000000004,12096.87565612793,4700,1,0.30000000000000004,45639.5481262207,4700,1,0.30000000000000004,37795.32713317871,4700,1,0.30000000000000004,47015.67549133301,4700,1,0.30000000000000004,29528.318801879883,4700,1,0.30000000000000004,7271.640625,4700,1,0.30000000000000004,7160.990447998047,4700,1,0.30000000000000004,6751.906494140625,4700,1,0.30000000000000004,6969.713272094727,4700,1,0.30000000000000004,10979.923568725586,3007,3007,3007,3007,3007,3007,3007,3007,3007,3007,3007,3007,4690,4691,3007,3007,3007,4690,3007,3007,3007,3007,3007,4690,90.47618865966797,14.285715103149414,0,0,19.047618865966797,11.111111640930176,11.111111640930176,11.111111640930176,26.3157901763916,44.4444465637207,0,0,21.052631378173828,0,0,0,0,17.647058486938477,21.052631378173828,100,0,0,0,0,66481098752,12884893696,1632456704,0
99,1780596612665,57366.9280090332,4700,1,0.3062499999999999,6934.683578491211,4700,1,0.3062499999999999,6797.553741455078,4700,1,0.3062499999999999,12097.218460083008,4700,1,0.3062499999999999,45639.94856262207,4700,1,0.3062499999999999,37795.75796508789,4700,1,0.3062499999999999,47016.08084106445,4700,1,0.3062499999999999,29529.002319335938,4700,1,0.3062499999999999,7271.643951416016,4700,1,0.3062499999999999,7160.997131347656,4700,1,0.3062499999999999,6751.909576416016,4700,1,0.3062499999999999,6969.716445922852,4700,1,0.3062499999999999,10985.730041503906,3007,3007,3007,3007,3007,3007,3007,3007,3007,3007,3007,3007,4690,4691,3007,3007,3007,4690,3007,3007,3007,3007,3007,4690,94.11764526367188,10.526315689086914,0,0,5.555555820465088,15.789472579956055,5.263157844543457,21.052631378173828,15.000000953674316,50,0,0,23.52941131591797,0,0,0,0,22.22222328186035,27.77777862548828,100,0,0,0,0,66481098752,12884893696,1629257728,0
99,1780596612765,57367.539306640625,4700,1,0.3062499999999999,6934.686660766602,4700,1,0.3062499999999999,6797.557037353516,4700,1,0.3062499999999999,12097.522399902344,4700,1,0.3062499999999999,45640.37257385254,4700,1,0.3062499999999999,37796.13395690918,4700,1,0.3062499999999999,47016.47232055664,4700,1,0.3062499999999999,29529.69566345215,4700,1,0.3062499999999999,7271.647689819336,4700,1,0.3062499999999999,7161.000274658203,4700,1,0.3062499999999999,6751.912704467773,4700,1,0.3062499999999999,6969.719528198242,4700,1,0.3062499999999999,10991.429382324219,3007,3007,3007,3007,3007,3007,3007,3007,3007,3007,3007,3007,4690,4691,3007,3007,3007,4690,3007,3007,3007,3007,3007,4690,94.11764526367188,10.526315689086914,0,0,5.555555820465088,15.789472579956055,5.263157844543457,21.052631378173828,15.000000953674316,50,0,0,23.52941131591797,0,0,0,0,22.22222328186035,27.77777862548828,100,0,0,0,0,66481098752,12884893696,1627144192,0
99,1780596612865,57368.116958618164,4700,1,0.3062499999999999,6934.689743041992,4700,1,0.3062499999999999,6797.560211181641,4700,1,0.3062499999999999,12097.824295043945,4700,1,0.3062499999999999,45640.76078796387,4700,1,0.3062499999999999,37796.5821685791,4700,1,0.3062499999999999,47016.88752746582,4700,1,0.3062499999999999,29530.388290405273,4700,1,0.3062499999999999,7271.65087890625,4700,1,0.3062499999999999,7161.003356933594,4700,1,0.3062499999999999,6751.915786743164,4700,1,0.3062499999999999,6969.722671508789,4700,1,0.3062499999999999,10997.216506958008,3007,3007,3007,3007,3007,3007,3007,3007,3007,3007,3007,3007,4690,4691,3007,3007,3007,4690,3007,3007,3007,3007,3007,4690,90,10,0,0,18.18181800842285,5.555555820465088,35,26.3157901763916,21.052631378173828,47.05882263183594,0,0,5.555555820465088,0,0,0,0,15.789472579956055,25,100,0,0,0,0,66481098752,12884893696,1634025472,0
99,1780596612965,57368.700775146484,4700,1,0.3062499999999999,6934.692825317383,4700,1,0.3062499999999999,6797.563293457031,4700,1,0.3062499999999999,12098.130645751953,4700,1,0.3062499999999999,45641.1231842041,4700,1,0.3062499999999999,37797.01745605469,4700,1,0.3062499999999999,47017.34518432617,4700,1,0.3062499999999999,29531.068099975586,4700,1,0.3062499999999999,7271.654037475586,4700,1,0.3062499999999999,7161.006439208984,4700,1,0.3062499999999999,6751.918869018555,4700,1,0.3062499999999999,6969.72575378418,4700,1,0.3062499999999999,11003.030776977539,3007,3007,3007,3007,3007,3007,3007,3007,3007,3007,3007,3007,4690,4691,3007,3007,3007,4690,3007,3007,3007,3007,3007,4690,90,10,0,0,18.18181800842285,5.555555820465088,35,26.3157901763916,21.052631378173828,47.05882263183594,0,0,5.555555820465088,0,0,0,0,15.789472579956055,25,100,0,0,0,0,66481098752,12884893696,1630191616,0
99,1780596613065,57369.29138183594,4700,1,0.3062499999999999,6934.695907592773,4700,1,0.3062499999999999,6797.566436767578,4700,1,0.3062499999999999,12098.345397949219,4700,1,0.3062499999999999,45641.57177734375,4700,1,0.3062499999999999,37797.44383239746,4700,1,0.3062499999999999,47017.72361755371,4700,1,0.3062499999999999,29531.759033203125,4700,1,0.3062499999999999,7271.659255981445,4700,1,0.3062499999999999,7161.009582519531,4700,1,0.3062499999999999,6751.921951293945,4700,1,0.3062499999999999,6969.72883605957,4700,1,0.3062499999999999,11008.789794921875,3007,3007,3007,3007,3007,3007,3007,3007,3007,3007,3007,3007,4690,4691,3007,3007,3007,4690,3007,3007,3007,3007,3007,4690,89.47368621826172,15.000000953674316,0,0,5.263157844543457,18.18181800842285,27.77777862548828,27.77777862548828,21.052631378173828,44.4444465637207,0,0,14.285715103149414,0,0,0,0,20,21.052631378173828,100,0,0,0,0,66481098752,12884893696,1628606464,0
99,1780596613165,57369.950775146484,4700,1,0.30000000000000004,6934.698989868164,4700,1,0.30000000000000004,6797.569519042969,4700,1,0.30000000000000004,12098.687576293945,4700,1,0.30000000000000004,45641.77153015137,4700,1,0.30000000000000004,37797.854080200195,4700,1,0.30000000000000004,47018.01918029785,4700,1,0.30000000000000004,29532.526168823242,4700,1,0.30000000000000004,7271.662612915039,4700,1,0.30000000000000004,7161.012634277344,4700,1,0.30000000000000004,6751.925003051758,4700,1,0.30000000000000004,6969.731918334961,4700,1,0.30000000000000004,11014.463470458984,3007,3007,3007,3007,3007,3007,3007,3007,3007,3007,3007,3007,4690,4691,3007,3007,3007,4690,3007,3007,3007,3007,3007,4690,89.47368621826172,15.000000953674316,0,0,5.263157844543457,18.18181800842285,27.77777862548828,27.77777862548828,21.052631378173828,44.4444465637207,0,0,14.285715103149414,0,0,0,0,20,21.052631378173828,100,0,0,0,0,66481098752,12884893696,1627439104,0
99,1780596613265,57370.612075805664,4700,1,0.3062499999999999,6934.702102661133,4700,1,0.3062499999999999,6797.598358154297,4700,1,0.3062499999999999,12099.105880737305,4700,1,0.3062499999999999,45642.132400512695,4700,1,0.3062499999999999,37798.25765991211,4700,1,0.3062499999999999,47018.3166809082,4700,1,0.3062499999999999,29533.322021484375,4700,1,0.3062499999999999,7271.66584777832,4700,1,0.3062499999999999,7161.031845092773,4700,1,0.3062499999999999,6751.928115844727,4700,1,0.3062499999999999,6969.735260009766,4700,1,0.3062499999999999,11020.387390136719,3007,3007,3007,3007,3007,3007,3007,3007,3007,3007,3007,3007,4690,4691,3007,3007,3007,4690,3007,3007,3007,3007,3007,4690,93.75,25,0,0,5,0,5.263157844543457,17.647058486938477,0,35.29411697387695,0,0,15.789472579956055,0,0,0,0,11.111111640930176,25,100,0,0,0,0,66481098752,12884893696,1625350144,0
99,1780596613365,57371.2682800293,4700,1,0.30000000000000004,6934.705154418945,4700,1,0.30000000000000004,6797.601409912109,4700,1,0.30000000000000004,12099.26139831543,4700,1,0.30000000000000004,45642.43347167969,4700,1,0.30000000000000004,37798.61698913574,4700,1,0.30000000000000004,47018.68347167969,4700,1,0.30000000000000004,29534.107940673828,4700,1,0.30000000000000004,7271.672988891602,4700,1,0.30000000000000004,7161.050109863281,4700,1,0.30000000000000004,6751.9490966796875,4700,1,0.30000000000000004,6969.738311767578,4700,1,0.30000000000000004,11026.024765014648,3007,3007,3007,3007,3007,3007,3007,3007,3007,3007,3007,3007,4690,4691,3007,3007,3007,4690,3007,3007,3007,3007,3007,4690,93.75,25,0,0,5,0,5.263157844543457,17.647058486938477,0,35.29411697387695,0,0,15.789472579956055,0,0,0,0,11.111111640930176,25,100,0,0,0,0,66481098752,12884893696,1626152960,0
99,1780596613465,57371.909088134766,4700,1,0.3062499999999999,6934.708236694336,4700,1,0.3062499999999999,6797.6044921875,4700,1,0.3062499999999999,12099.43278503418,4700,1,0.3062499999999999,45642.641052246094,4700,1,0.3062499999999999,37798.92170715332,4700,1,0.3062499999999999,47019.07083129883,4700,1,0.3062499999999999,29534.899490356445,4700,1,0.3062499999999999,7271.68782043457,4700,1,0.3062499999999999,7161.053192138672,4700,1,0.3062499999999999,6751.952178955078,4700,1,0.3062499999999999,6969.741394042969,4700,1,0.3062499999999999,11031.651992797852,3007,3007,3007,3007,3007,3007,3007,3007,3007,3007,3007,3007,4690,4691,3007,3007,3007,4690,3007,3007,3007,3007,3007,4690,88.23529815673828,0,0,0,0,5.263157844543457,0,5,19.047618865966797,52.6315803527832,0,0,20,0,0,0,0,26.3157901763916,25,100,4.761904716491699,0,0,0,66481098752,12884893696,1628987392,0
99,1780596613565,57372.57850646973,4700,1,0.3062499999999999,6934.711349487305,4700,1,0.3062499999999999,6797.607696533203,4700,1,0.3062499999999999,12099.715194702148,4700,1,0.3062499999999999,45642.85401916504,4700,1,0.3062499999999999,37799.266662597656,4700,1,0.3062499999999999,47019.41815185547,4700,1,0.3062499999999999,29535.68130493164,4700,1,0.3062499999999999,7271.70246887207,4700,1,0.3062499999999999,7161.056335449219,4700,1,0.3062499999999999,6751.955261230469,4700,1,0.3062499999999999,6969.744552612305,4700,1,0.3062499999999999,11037.261596679688,3007,3007,3007,3007,3007,3007,3007,3007,3007,3007,3007,3007,4690,4691,3007,3007,3007,4690,3007,3007,3007,3007,3007,4690,88.23529815673828,0,0,0,0,5.263157844543457,0,5,19.047618865966797,52.6315803527832,0,0,20,0,0,0,0,26.3157901763916,25,100,4.761904716491699,0,0,0,66481098752,12884893696,1624784896,0
99,1780596613665,57373.22621154785,4700,1,0.30000000000000004,6934.714431762695,4700,1,0.3062499999999999,6797.61833190918,4700,1,0.3062499999999999,12100.04621887207,4700,1,0.30000000000000004,45643.18928527832,4700,1,0.30000000000000004,37799.656326293945,4700,1,0.30000000000000004,47019.671646118164,4700,1,0.30000000000000004,29536.4619140625,4700,1,0.3062499999999999,7271.717788696289,4700,1,0.3062499999999999,7161.059417724609,4700,1,0.3062499999999999,6751.958404541016,4700,1,0.3062499999999999,6969.747634887695,4700,1,0.3062499999999999,11043.016311645508,3007,3007,3007,3007,3007,3007,3007,3007,3007,3007,3007,3007,4690,4691,3007,3007,3007,4690,3007,3007,3007,3007,3007,4690,88.8888931274414,0,0,0,4.761904716491699,5.555555820465088,10.526315689086914,19.047618865966797,15.000000953674316,42.105262756347656,0,0,5,0,0,0,0,16.666667938232422,5.555555820465088,100,4.761904716491699,0,0,0,66481098752,12884893696,1629159424,0
99,1780596613765,57373.8649597168,4700,1,0.30000000000000004,6934.717514038086,4700,1,0.30000000000000004,6797.621475219727,4700,1,0.30000000000000004,12100.37875366211,4700,1,0.30000000000000004,45643.54902648926,4700,1,0.30000000000000004,37799.906829833984,4700,1,0.30000000000000004,47019.95994567871,4700,1,0.30000000000000004,29537.252182006836,4700,1,0.30000000000000004,7271.726745605469,4700,1,0.30000000000000004,7161.062561035156,4700,1,0.30000000000000004,6751.961486816406,4700,1,0.30000000000000004,6969.750717163086,4700,1,0.30000000000000004,11048.644287109375,3007,3007,3007,3007,3007,3007,3007,3007,3007,3007,3007,3007,4690,4691,3007,3007,3007,4690,3007,3007,3007,3007,3007,4690,88.8888931274414,0,0,0,4.761904716491699,5.555555820465088,10.526315689086914,19.047618865966797,15.000000953674316,42.105262756347656,0,0,5,0,0,0,0,16.666667938232422,5.555555820465088,100,4.761904716491699,0,0,0,66481098752,12884893696,1626505216,0
99,1780596613865,57374.52114868164,4700,1,0.30000000000000004,6934.720596313477,4700,1,0.30000000000000004,6797.624557495117,4700,1,0.30000000000000004,12100.684494018555,4700,1,0.30000000000000004,45643.862564086914,4700,1,0.30000000000000004,37800.19758605957,4700,1,0.30000000000000004,47020.261459350586,4700,1,0.30000000000000004,29538.03825378418,4700,1,0.30000000000000004,7271.739074707031,4700,1,0.30000000000000004,7161.065658569336,4700,1,0.30000000000000004,6751.964569091797,4700,1,0.30000000000000004,6969.753799438477,4700,1,0.30000000000000004,11054.334030151367,3007,3007,3007,3007,3007,3007,3007,3007,3007,3007,3007,3007,4690,4691,3007,3007,3007,4690,3007,3007,3007,3007,3007,4690,94.44444274902344,0,0,0,0,19.047618865966797,20,0,0,52.6315803527832,0,0,5.263157844543457,0,0,0,0,20,20,100,4.761904716491699,0,0,0,66481098752,12884893696,1624109056,0
99,1780596613965,57375.19271850586,4700,1,0.30000000000000004,6934.723678588867,4700,1,0.30000000000000004,6797.627670288086,4700,1,0.30000000000000004,12100.95230102539,4700,1,0.30000000000000004,45644.212478637695,4700,1,0.30000000000000004,37800.560485839844,4700,1,0.30000000000000004,47020.5817565918,4700,1,0.30000000000000004,29538.816787719727,4700,1,0.30000000000000004,7271.750152587891,4700,1,0.30000000000000004,7161.068710327148,4700,1,0.30000000000000004,6751.967620849609,4700,1,0.30000000000000004,6969.7569580078125,4700,1,0.30000000000000004,11060.012115478516,3007,3007,3007,3007,3007,3007,3007,3007,3007,3007,3007,3007,4690,4691,3007,3007,3007,4690,3007,3007,3007,3007,3007,4690,94.44444274902344,0,0,0,0,19.047618865966797,20,0,0,52.6315803527832,0,0,5.263157844543457,0,0,0,0,20,20,100,4.761904716491699,0,0,0,66481098752,12884893696,1630343168,0
99,1780596614065,57375.83068847656,4700,1,0.3062499999999999,6934.726760864258,4700,1,0.3062499999999999,6797.630828857422,4700,1,0.3062499999999999,12101.027908325195,4700,1,0.3062499999999999,45644.54275512695,4700,1,0.3062499999999999,37800.942321777344,4700,1,0.3062499999999999,47020.940032958984,4700,1,0.3062499999999999,29539.609100341797,4700,1,0.3062499999999999,7271.760696411133,4700,1,0.3062499999999999,7161.071853637695,4700,1,0.3062499999999999,6751.970703125,4700,1,0.3062499999999999,6969.760040283203,4700,1,0.3062499999999999,11065.66618347168,3007,3007,3007,3007,3007,3007,3007,3007,3007,3007,3007,3007,4690,4691,3007,3007,3007,4690,3007,3007,3007,3007,3007,4690,90,5,0,0,9.523809432983398,0,10.526315689086914,15.789472579956055,5.555555820465088,44.4444465637207,0,0,25,0,0,0,0,0,11.111111640930176,100,0,0,0,0,66481098752,12884893696,1630408704,0
99,1780596614166,57376.47686767578,4700,1,0.3062499999999999,6934.729843139648,4700,1,0.3062499999999999,6797.6339111328125,4700,1,0.3062499999999999,12101.176315307617,4700,1,0.3062499999999999,45644.854888916016,4700,1,0.3062499999999999,37801.285232543945,4700,1,0.3062499999999999,47021.33805847168,4700,1,0.3062499999999999,29540.391311645508,4700,1,0.3062499999999999,7271.777725219727,4700,1,0.3062499999999999,7161.074935913086,4700,1,0.3062499999999999,6751.973785400391,4700,1,0.3062499999999999,6969.763122558594,4700,1,0.3062499999999999,11071.283920288086,3007,3007,3007,3007,3007,3007,3007,3007,3007,3007,3007,3007,4690,4691,3007,3007,3007,4690,3007,3007,3007,3007,3007,4690,90,5,0,0,9.523809432983398,0,10.526315689086914,15.789472579956055,5.555555820465088,44.4444465637207,0,0,25,0,0,0,0,0,11.111111640930176,100,0,0,0,0,66481098752,12884893696,1631457280,0
99,1780596614266,57377.11602783203,4700,1,0.3062499999999999,6934.732986450195,4700,1,0.3062499999999999,6797.63720703125,4700,1,0.3062499999999999,12101.277786254883,4700,1,0.3062499999999999,45645.239013671875,4700,1,0.3062499999999999,37801.59663391113,4700,1,0.3062499999999999,47021.70739746094,4700,1,0.3062499999999999,29541.18325805664,4700,1,0.3062499999999999,7271.791778564453,4700,1,0.3062499999999999,7161.078125,4700,1,0.3062499999999999,6751.976959228516,4700,1,0.3062499999999999,6969.766357421875,4700,1,0.3062499999999999,11076.85595703125,3007,3007,3007,3007,3007,3007,3007,3007,3007,3007,3007,3007,4690,4691,3007,3007,3007,4690,3007,3007,3007,3007,3007,4690,94.73684692382813,5,0,0,0,0,10.526315689086914,5.263157844543457,20,44.4444465637207,0,0,15.000000953674316,0,0,0,0,19.047618865966797,16.666667938232422,100,0,0,0,0,66481098752,12884893696,1630507008,0
99,1780596614366,57377.75617980957,4700,1,0.30000000000000004,6934.736068725586,4700,1,0.3062499999999999,6797.640380859375,4700,1,0.3062499999999999,12101.364532470703,4700,1,0.30000000000000004,45645.63781738281,4700,1,0.30000000000000004,37801.917541503906,4700,1,0.30000000000000004,47022.086166381836,4700,1,0.3062499999999999,29541.971466064453,4700,1,0.3062499999999999,7271.801193237305,4700,1,0.3062499999999999,7161.081237792969,4700,1,0.3062499999999999,6751.980056762695,4700,1,0.3062499999999999,6969.76953125,4700,1,0.3062499999999999,11082.460556030273,3007,3007,3007,3007,3007,3007,3007,3007,3007,3007,3007,3007,4690,4691,3007,3007,3007,4690,3007,3007,3007,3007,3007,4690,94.73684692382813,5,0,0,0,0,10.526315689086914,5.263157844543457,20,44.4444465637207,0,0,15.000000953674316,0,0,0,0,19.047618865966797,16.666667938232422,100,0,0,0,0,66481098752,12884893696,1629487104,0
99,1780596614466,57378.404373168945,4700,1,0.3062499999999999,6934.739151000977,4700,1,0.3062499999999999,6797.643463134766,4700,1,0.3062499999999999,12101.44873046875,4700,1,0.3062499999999999,45646.0164642334,4700,1,0.3062499999999999,37802.24287414551,4700,1,0.3062499999999999,47022.47994995117,4700,1,0.3062499999999999,29542.75634765625,4700,1,0.3062499999999999,7271.81575012207,4700,1,0.3062499999999999,7161.084320068359,4700,1,0.3062499999999999,6751.983139038086,4700,1,0.3062499999999999,6969.772613525391,4700,1,0.3062499999999999,11088.153335571289,3007,3007,3007,3007,3007,3007,3007,3007,3007,3007,3007,3007,4690,4691,3007,3007,3007,4690,3007,3007,3007,3007,3007,4690,89.47368621826172,0,0,0,0,0,25,10,25,47.36842346191406,0,0,5.263157844543457,0,0,0,0,5.555555820465088,20,100,0,0,0,0,66481098752,12884893696,1625317376,0
99,1780596614566,57379.053619384766,4700,1,0.3062499999999999,6934.742340087891,4700,1,0.3062499999999999,6797.646667480469,4700,1,0.3062499999999999,12101.69140625,4700,1,0.3062499999999999,45646.405197143555,4700,1,0.3062499999999999,37802.507736206055,4700,1,0.3062499999999999,47022.84292602539,4700,1,0.3062499999999999,29543.53742980957,4700,1,0.3062499999999999,7271.829895019531,4700,1,0.3062499999999999,7161.0875244140625,4700,1,0.3062499999999999,6751.986282348633,4700,1,0.3062499999999999,6969.775772094727,4700,1,0.3062499999999999,11093.834533691406,3007,3007,3007,3007,3007,3007,3007,3007,3007,3007,3007,3007,4690,4691,3007,3007,3007,4690,3007,3007,3007,3007,3007,4690,89.47368621826172,0,0,0,0,0,25,10,25,47.36842346191406,0,0,5.263157844543457,0,0,0,0,5.555555820465088,20,100,0,0,0,0,66481098752,12884893696,1629704192,0
99,1780596614666,57379.71179199219,4700,1,0.30000000000000004,6934.745422363281,4700,1,0.30000000000000004,6797.649749755859,4700,1,0.30000000000000004,12101.945297241211,4700,1,0.30000000000000004,45646.802322387695,4700,1,0.30000000000000004,37802.82540893555,4700,1,0.30000000000000004,47023.179443359375,4700,1,0.30000000000000004,29544.300750732422,4700,1,0.30000000000000004,7271.83723449707,4700,1,0.30000000000000004,7161.090576171875,4700,1,0.30000000000000004,6751.989364624023,4700,1,0.30000000000000004,6969.778823852539,4700,1,0.30000000000000004,11099.567825317383,3007,3007,3007,3007,3007,3007,3007,3007,3007,3007,3007,3007,4690,4691,3007,3007,3007,4690,3007,3007,3007,3007,3007,4690,90,0,0,0,0,5,23.809524536132813,5,21.052631378173828,38.88888931274414,0,0,28.571430206298828,0,0,0,0,22.72727394104004,10.526315689086914,100,0,0,0,0,66481098752,12884893696,1630883840,0
99,1780596614766,57380.351303100586,4700,1,0.3062499999999999,6934.748474121094,4700,1,0.3062499999999999,6797.660049438477,4700,1,0.3062499999999999,12102.137756347656,4700,1,0.3062499999999999,45647.188049316406,4700,1,0.3062499999999999,37803.162017822266,4700,1,0.3062499999999999,47023.53843688965,4700,1,0.3062499999999999,29545.083404541016,4700,1,0.3062499999999999,7271.842666625977,4700,1,0.3062499999999999,7161.093719482422,4700,1,0.3062499999999999,6751.992446899414,4700,1,0.3062499999999999,6969.781982421875,4700,1,0.3062499999999999,11105.183288574219,3007,3007,3007,3007,3007,3007,3007,3007,3007,3007,3007,3007,4690,4691,3007,3007,3007,4690,3007,3007,3007,3007,3007,4690,90,0,0,0,0,5,23.809524536132813,5,21.052631378173828,38.88888931274414,0,0,28.571430206298828,0,0,0,0,22.72727394104004,10.526315689086914,100,0,0,0,0,66481098752,12884893696,1629696000,0
99,1780596614866,57381.0203704834,4700,1,0.3062499999999999,6934.751556396484,4700,1,0.3062499999999999,6797.663162231445,4700,1,0.3062499999999999,12102.419967651367,4700,1,0.3062499999999999,45647.58532714844,4700,1,0.3062499999999999,37803.58792114258,4700,1,0.3062499999999999,47023.905517578125,4700,1,0.3062499999999999,29545.800079345703,4700,1,0.3062499999999999,7271.8619384765625,4700,1,0.3062499999999999,7161.0968017578125,4700,1,0.3062499999999999,6751.995559692383,4700,1,0.3062499999999999,6969.785095214844,4700,1,0.3062499999999999,11111.093826293945,3007,3007,3007,3007,3007,3007,3007,3007,3007,3007,3007,3007,4690,4691,3007,3007,3007,4690,3007,3007,3007,3007,3007,4690,94.73684692382813,10,0,0,5,5.263157844543457,11.111111640930176,16.666667938232422,5.882352828979492,35,0,0,11.111111640930176,0,0,0,0,20,15.000000953674316,100,0,0,0,0,66481098752,12884893696,1627054080,0
99,1780596614966,57381.688552856445,4700,1,0.3062499999999999,6934.754638671875,4700,1,0.3062499999999999,6797.666244506836,4700,1,0.3062499999999999,12102.7919921875,4700,1,0.3062499999999999,45647.93894958496,4700,1,0.3062499999999999,37803.97789001465,4700,1,0.3062499999999999,47024.28143310547,4700,1,0.3062499999999999,29546.518630981445,4700,1,0.3062499999999999,7271.874664306641,4700,1,0.3062499999999999,7161.099914550781,4700,1,0.3062499999999999,6751.998641967773,4700,1,0.3062499999999999,6969.788177490234,4700,1,0.3062499999999999,11116.974258422852,3007,3007,3007,3007,3007,3007,3007,3007,3007,3007,3007,3007,4690,4691,3007,3007,3007,4690,3007,3007,3007,3007,3007,4690,94.73684692382813,10,0,0,5,5.263157844543457,11.111111640930176,16.666667938232422,5.882352828979492,35,0,0,11.111111640930176,0,0,0,0,20,15.000000953674316,100,0,0,0,0,66481098752,12884893696,1626787840,0
99,1780596615066,57382.33444213867,4700,1,0.3062499999999999,6934.757720947266,4700,1,0.3062499999999999,6797.669387817383,4700,1,0.3062499999999999,12103.046310424805,4700,1,0.3062499999999999,45648.22253417969,4700,1,0.3062499999999999,37804.374603271484,4700,1,0.3062499999999999,47024.647384643555,4700,1,0.3062499999999999,29547.297088623047,4700,1,0.3062499999999999,7271.88005065918,4700,1,0.3062499999999999,7161.103057861328,4700,1,0.3062499999999999,6752.001724243164,4700,1,0.3062499999999999,6969.791259765625,4700,1,0.3062499999999999,11122.655899047852,3007,3007,3007,3007,3007,3007,3007,3007,3007,3007,3007,3007,4690,4691,3007,3007,3007,4690,3007,3007,3007,3007,3007,4690,94.11764526367188,5.263157844543457,0,0,0,21.052631378173828,19.047618865966797,25,15.000000953674316,35,0,0,15.789472579956055,0,0,0,0,5.555555820465088,5.555555820465088,100,0,0,0,0,66481098752,12884893696,1624625152,0
99,1780596615166,57382.994216918945,4700,1,0.3062499999999999,6934.7608642578125,4700,1,0.3062499999999999,6797.672576904297,4700,1,0.3062499999999999,12103.33332824707,4700,1,0.3062499999999999,45648.63528442383,4700,1,0.3062499999999999,37804.71449279785,4700,1,0.3062499999999999,47025.05079650879,4700,1,0.3062499999999999,29548.055297851563,4700,1,0.3062499999999999,7271.883255004883,4700,1,0.3062499999999999,7161.106140136719,4700,1,0.3062499999999999,6752.004806518555,4700,1,0.3062499999999999,6969.794418334961,4700,1,0.3062499999999999,11128.512115478516,3007,3007,3007,3007,3007,3007,3007,3007,3007,3007,3007,3007,4690,4691,3007,3007,3007,4690,3007,3007,3007,3007,3007,4690,94.11764526367188,5.263157844543457,0,0,0,21.052631378173828,19.047618865966797,25,15.000000953674316,35,0,0,15.789472579956055,0,0,0,0,5.555555820465088,5.555555820465088,100,0,0,0,0,66481098752,12884893696,1633210368,0
99,1780596615266,57383.64903259277,4700,1,0.3062499999999999,6934.764007568359,4700,1,0.3062499999999999,6797.675888061523,4700,1,0.3062499999999999,12103.529159545898,4700,1,0.3062499999999999,45649.056640625,4700,1,0.3062499999999999,37805.11785888672,4700,1,0.3062499999999999,47025.34312438965,4700,1,0.3062499999999999,29548.820251464844,4700,1,0.3062499999999999,7271.88639831543,4700,1,0.3062499999999999,7161.109329223633,4700,1,0.3062499999999999,6752.0079345703125,4700,1,0.3062499999999999,6969.797607421875,4700,1,0.3062499999999999,11134.284545898438,3007,3007,3007,3007,3007,3007,3007,3007,3007,3007,3007,3007,4690,4691,3007,3007,3007,4690,3007,3007,3007,3007,3007,4690,94.11764526367188,10,0,0,0,14.285715103149414,21.052631378173828,10.526315689086914,15.789472579956055,26.3157901763916,0,0,15.789472579956055,0,0,0,0,22.22222328186035,23.809524536132813,100,0,0,0,0,66481098752,12884893696,1631752192,0
99,1780596615366,57384.305267333984,4700,1,0.3062499999999999,6934.767120361328,4700,1,0.3062499999999999,6797.678970336914,4700,1,0.3062499999999999,12103.858154296875,4700,1,0.3062499999999999,45649.40556335449,4700,1,0.3062499999999999,37805.47576904297,4700,1,0.3062499999999999,47025.67219543457,4700,1,0.3062499999999999,29549.567413330078,4700,1,0.3062499999999999,7271.889617919922,4700,1,0.3062499999999999,7161.112411499023,4700,1,0.3062499999999999,6752.011016845703,4700,1,0.3062499999999999,6969.800720214844,4700,1,0.3062499999999999,11140.009506225586,3007,3007,3007,3007,3007,3007,3007,3007,3007,3007,3007,3007,4690,4691,3007,3007,3007,4690,3007,3007,3007,3007,3007,4690,94.11764526367188,10,0,0,0,14.285715103149414,21.052631378173828,10.526315689086914,15.789472579956055,26.3157901763916,0,0,15.789472579956055,0,0,0,0,22.22222328186035,23.809524536132813,100,0,0,0,0,66481098752,12884893696,1627881472,0
99,1780596615466,57384.955139160156,4700,1,0.3062499999999999,6934.770202636719,4700,1,0.3062499999999999,6797.682052612305,4700,1,0.3062499999999999,12104.120986938477,4700,1,0.3062499999999999,45649.808853149414,4700,1,0.3062499999999999,37805.80326843262,4700,1,0.3062499999999999,47026.00485229492,4700,1,0.3062499999999999,29550.320434570313,4700,1,0.3062499999999999,7271.89274597168,4700,1,0.3062499999999999,7161.115463256836,4700,1,0.3062499999999999,6752.014068603516,4700,1,0.3062499999999999,6969.803771972656,4700,1,0.3062499999999999,11145.780548095703,3007,3007,3007,3007,3007,3007,3007,3007,3007,3007,3007,3007,4690,4691,3007,3007,3007,4690,3007,3007,3007,3007,3007,4690,95,9.523809432983398,0,0,0,0,21.052631378173828,10,25,27.77777862548828,0,0,16.666667938232422,0,0,0,0,5.882352828979492,5.263157844543457,100,0,0,0,0,66481098752,12884893696,1628291072,0
99,1780596615566,57385.60388183594,4700,1,0.3062499999999999,6934.7733154296875,4700,1,0.3062499999999999,6797.685256958008,4700,1,0.3062499999999999,12104.429473876953,4700,1,0.3062499999999999,45650.15686035156,4700,1,0.3062499999999999,37806.164779663086,4700,1,0.3062499999999999,47026.35780334473,4700,1,0.3062499999999999,29551.08023071289,4700,1,0.3062499999999999,7271.895965576172,4700,1,0.3062499999999999,7161.118606567383,4700,1,0.3062499999999999,6752.017181396484,4700,1,0.3062499999999999,6969.806945800781,4700,1,0.3062499999999999,11151.50308227539,3007,3007,3007,3007,3007,3007,3007,3007,3007,3007,3007,3007,4690,4691,3007,3007,3007,4690,3007,3007,3007,3007,3007,4690,95,9.523809432983398,0,0,0,0,21.052631378173828,10,25,27.77777862548828,0,0,16.666667938232422,0,0,0,0,5.882352828979492,5.263157844543457,100,0,0,0,0,66481098752,12884893696,1628327936,0
99,1780596615666,57386.2663269043,4700,1,0.3062499999999999,6934.7763671875,4700,1,0.3062499999999999,6797.688400268555,4700,1,0.3062499999999999,12104.802230834961,4700,1,0.3062499999999999,45650.49206542969,4700,1,0.3062499999999999,37806.51234436035,4700,1,0.3062499999999999,47026.7766418457,4700,1,0.3062499999999999,29551.803787231445,4700,1,0.3062499999999999,7271.899078369141,4700,1,0.3062499999999999,7161.121688842773,4700,1,0.3062499999999999,6752.020233154297,4700,1,0.3062499999999999,6969.809997558594,4700,1,0.3062499999999999,11157.29541015625,3007,3007,3007,3007,3007,3007,3007,3007,3007,3007,3007,3007,4690,4691,3007,3007,3007,4690,3007,3007,3007,3007,3007,4690,94.73684692382813,0,0,0,0,25,21.052631378173828,5.263157844543457,26.3157901763916,22.22222328186035,0,0,5,0,0,0,0,25,22.72727394104004,100,0,0,0,0,66481098752,12884893696,1631875072,0
99,1780596615766,57386.90669250488,4700,1,0.3062499999999999,6934.779449462891,4700,1,0.3062499999999999,6797.691543579102,4700,1,0.3062499999999999,12104.988189697266,4700,1,0.3062499999999999,45650.8450012207,4700,1,0.3062499999999999,37806.886322021484,4700,1,0.3062499999999999,47027.10809326172,4700,1,0.3062499999999999,29552.5919342041,4700,1,0.3062499999999999,7271.902191162109,4700,1,0.3062499999999999,7161.12483215332,4700,1,0.3062499999999999,6752.0233154296875,4700,1,0.3062499999999999,6969.813079833984,4700,1,0.3062499999999999,11162.94807434082,3007,3007,3007,3007,3007,3007,3007,3007,3007,3007,3007,3007,4690,4691,3007,3007,3007,4690,3007,3007,3007,3007,3007,4690,94.73684692382813,0,0,0,0,25,21.052631378173828,5.263157844543457,26.3157901763916,22.22222328186035,0,0,5,0,0,0,0,25,22.72727394104004,100,0,0,0,0,66481098752,12884893696,1632522240,0
99,1780596615867,57387.54736328125,4700,1,0.30000000000000004,6934.782577514648,4700,1,0.3062499999999999,6797.69465637207,4700,1,0.3062499999999999,12105.06753540039,4700,1,0.30000000000000004,45651.193786621094,4700,1,0.3062499999999999,37807.307373046875,4700,1,0.3062499999999999,47027.41905212402,4700,1,0.3062499999999999,29553.379837036133,4700,1,0.3062499999999999,7271.9052734375,4700,1,0.3062499999999999,7161.127914428711,4700,1,0.3062499999999999,6752.026397705078,4700,1,0.3062499999999999,6969.816162109375,4700,1,0.3062499999999999,11168.549621582031,3007,3007,3007,3007,3007,3007,3007,3007,3007,3007,3007,3007,4690,4691,3007,3007,3007,4690,3007,3007,3007,3007,3007,4690,89.47368621826172,0,0,0,0,0,19.047618865966797,26.3157901763916,22.22222328186035,47.05882263183594,0,0,10,0,0,0,0,15.000000953674316,0,100,0,0,0,0,66481098752,12884893696,1631653888,0
99,1780596615967,57388.18081665039,4700,1,0.3062499999999999,6934.785690307617,4700,1,0.3062499999999999,6797.697799682617,4700,1,0.3062499999999999,12105.277923583984,4700,1,0.3062499999999999,45651.48759460449,4700,1,0.3062499999999999,37807.720306396484,4700,1,0.3062499999999999,47027.76013183594,4700,1,0.3062499999999999,29554.16957092285,4700,1,0.3062499999999999,7271.908355712891,4700,1,0.3062499999999999,7161.130996704102,4700,1,0.3062499999999999,6752.029479980469,4700,1,0.3062499999999999,6969.819305419922,4700,1,0.3062499999999999,11174.214538574219,3007,3007,3007,3007,3007,3007,3007,3007,3007,3007,3007,3007,4690,4691,3007,3007,3007,4690,3007,3007,3007,3007,3007,4690,89.47368621826172,0,0,0,0,0,19.047618865966797,26.3157901763916,22.22222328186035,47.05882263183594,0,0,10,0,0,0,0,15.000000953674316,0,100,0,0,0,0,66481098752,12884893696,1627037696,0
99,1780596616067,57388.86178588867,4700,1,0.30000000000000004,6934.788772583008,4700,1,0.30000000000000004,6797.700942993164,4700,1,0.30000000000000004,12105.58186340332,4700,1,0.30000000000000004,45651.84321594238,4700,1,0.30000000000000004,37808.06332397461,4700,1,0.30000000000000004,47028.056884765625,4700,1,0.30000000000000004,29554.92253112793,4700,1,0.30000000000000004,7271.911407470703,4700,1,0.30000000000000004,7161.134124755859,4700,1,0.30000000000000004,6752.032531738281,4700,1,0.30000000000000004,6969.8223876953125,4700,1,0.30000000000000004,11179.91177368164,3007,3007,3007,3007,3007,3007,3007,3007,3007,3007,3007,3007,4690,4691,3007,3007,3007,4690,3007,3007,3007,3007,3007,4690,94.73684692382813,5.263157844543457,0,0,5,5.263157844543457,5.263157844543457,21.052631378173828,20,45,0,0,15.789472579956055,0,0,0,0,15.789472579956055,0,100,0,0,0,0,66481098752,12884893696,1625018368,0
99,1780596616167,57389.5094909668,4700,1,0.30000000000000004,6934.79182434082,4700,1,0.30000000000000004,6797.704025268555,4700,1,0.30000000000000004,12105.862167358398,4700,1,0.30000000000000004,45652.18566894531,4700,1,0.30000000000000004,37808.36378479004,4700,1,0.30000000000000004,47028.43101501465,4700,1,0.30000000000000004,29555.703491210938,4700,1,0.30000000000000004,7271.914489746094,4700,1,0.30000000000000004,7161.13720703125,4700,1,0.30000000000000004,6752.035614013672,4700,1,0.30000000000000004,6969.825439453125,4700,1,0.30000000000000004,11185.57601928711,3007,3007,3007,3007,3007,3007,3007,3007,3007,3007,3007,3007,4690,4691,3007,3007,3007,4690,3007,3007,3007,3007,3007,4690,94.73684692382813,5.263157844543457,0,0,5,5.263157844543457,5.263157844543457,21.052631378173828,20,45,0,0,15.789472579956055,0,0,0,0,15.789472579956055,0,100,0,0,0,0,66481098752,12884893696,1625284608,0
99,1780596616267,57390.180084228516,4700,1,0.3062499999999999,6934.794982910156,4700,1,0.3062499999999999,6797.707336425781,4700,1,0.3062499999999999,12106.129974365234,4700,1,0.3062499999999999,45652.56396484375,4700,1,0.3062499999999999,37808.67680358887,4700,1,0.3062499999999999,47028.79574584961,4700,1,0.3062499999999999,29556.473709106445,4700,1,0.3062499999999999,7271.917572021484,4700,1,0.3062499999999999,7161.140380859375,4700,1,0.3062499999999999,6752.0386962890625,4700,1,0.3062499999999999,6969.828598022461,4700,1,0.3062499999999999,11191.309280395508,3007,3007,3007,3007,3007,3007,3007,3007,3007,3007,3007,3007,4690,4691,3007,3007,3007,4690,3007,3007,3007,3007,3007,4690,88.8888931274414,5.263157844543457,0,0,5,19.047618865966797,15.000000953674316,0,15.789472579956055,38.88888931274414,0,0,15.789472579956055,0,0,0,0,25,0,100,0,0,0,0,66481098752,12884893696,1625432064,0
99,1780596616367,57390.85585021973,4700,1,0.3062499999999999,6934.798065185547,4700,1,0.3062499999999999,6797.7105712890625,4700,1,0.3062499999999999,12106.398361206055,4700,1,0.3062499999999999,45653.014251708984,4700,1,0.3062499999999999,37809.09811401367,4700,1,0.3062499999999999,47029.23861694336,4700,1,0.3062499999999999,29557.160034179688,4700,1,0.3062499999999999,7271.92073059082,4700,1,0.3062499999999999,7161.143463134766,4700,1,0.3062499999999999,6752.041778564453,4700,1,0.3062499999999999,6969.831787109375,4700,1,0.3062499999999999,11197.311569213867,3007,3007,3007,3007,3007,3007,3007,3007,3007,3007,3007,3007,4690,4691,3007,3007,3007,4690,3007,3007,3007,3007,3007,4690,88.8888931274414,5.263157844543457,0,0,5,19.047618865966797,15.000000953674316,0,15.789472579956055,38.88888931274414,0,0,15.789472579956055,0,0,0,0,25,0,100,0,0,0,0,66481098752,12884893696,1624047616,0
99,1780596616467,57391.53649902344,4700,1,0.3062499999999999,6934.8011474609375,4700,1,0.3062499999999999,6797.713653564453,4700,1,0.3062499999999999,12106.670913696289,4700,1,0.3062499999999999,45653.368103027344,4700,1,0.3062499999999999,37809.462951660156,4700,1,0.3062499999999999,47029.67175292969,4700,1,0.3062499999999999,29557.901763916016,4700,1,0.3062499999999999,7271.923873901367,4700,1,0.3062499999999999,7161.146545410156,4700,1,0.3062499999999999,6752.044860839844,4700,1,0.3062499999999999,6969.834869384766,4700,1,0.3062499999999999,11203.164352416992,3007,3007,3007,3007,3007,3007,3007,3007,3007,3007,3007,3007,4690,4691,3007,3007,3007,4690,3007,3007,3007,3007,3007,4690,100,5,0,0,0,5.263157844543457,26.3157901763916,27.272727966308594,26.3157901763916,11.111111640930176,0,0,11.111111640930176,0,0,0,0,25,28.571430206298828,100,0,0,0,0,66481098752,12884893696,1627099136,0
99,1780596616567,57392.205474853516,4700,1,0.3062499999999999,6934.804229736328,4700,1,0.3062499999999999,6797.716796875,4700,1,0.3062499999999999,12107.023880004883,4700,1,0.3062499999999999,45653.7639465332,4700,1,0.3062499999999999,37809.90907287598,4700,1,0.3062499999999999,47030.02682495117,4700,1,0.3062499999999999,29558.641189575195,4700,1,0.3062499999999999,7271.926986694336,4700,1,0.3062499999999999,7161.149688720703,4700,1,0.3062499999999999,6752.047943115234,4700,1,0.3062499999999999,6969.837951660156,4700,1,0.3062499999999999,11209.190826416016,3007,3007,3007,3007,3007,3007,3007,3007,3007,3007,3007,3007,4690,4691,3007,3007,3007,4690,3007,3007,3007,3007,3007,4690,100,5,0,0,0,5.263157844543457,26.3157901763916,27.272727966308594,26.3157901763916,11.111111640930176,0,0,11.111111640930176,0,0,0,0,25,28.571430206298828,100,0,0,0,0,66481098752,12884893696,1624285184,0
99,1780596616667,57392.843673706055,4700,1,0.30000000000000004,6934.807312011719,4700,1,0.3062499999999999,6797.719879150391,4700,1,0.3062499999999999,12107.25747680664,4700,1,0.30000000000000004,45654.079681396484,4700,1,0.30000000000000004,37810.27615356445,4700,1,0.30000000000000004,47030.36854553223,4700,1,0.30000000000000004,29559.430419921875,4700,1,0.30000000000000004,7271.930068969727,4700,1,0.30000000000000004,7161.152770996094,4700,1,0.30000000000000004,6752.051025390625,4700,1,0.30000000000000004,6969.841033935547,4700,1,0.3062499999999999,11214.844528198242,3007,3007,3007,3007,3007,3007,3007,3007,3007,3007,3007,3007,4690,4691,3007,3007,3007,4690,3007,3007,3007,3007,3007,4690,94.44444274902344,15.789472579956055,0,0,0,5,9.523809432983398,11.764705657958984,22.22222328186035,26.3157901763916,0,0,22.22222328186035,0,0,0,0,23.809524536132813,5.263157844543457,100,0,0,0,0,66481098752,12884893696,1631825920,0
99,1780596616767,57393.47463989258,4700,1,0.3062499999999999,6934.810394287109,4700,1,0.3062499999999999,6797.724105834961,4700,1,0.3062499999999999,12107.28791809082,4700,1,0.3062499999999999,45654.406158447266,4700,1,0.3062499999999999,37810.63932800293,4700,1,0.3062499999999999,47030.763732910156,4700,1,0.3062499999999999,29560.21270751953,4700,1,0.3062499999999999,7271.933364868164,4700,1,0.3062499999999999,7161.155960083008,4700,1,0.3062499999999999,6752.054107666016,4700,1,0.3062499999999999,6969.844207763672,4700,1,0.3062499999999999,11220.537857055664,3007,3007,3007,3007,3007,3007,3007,3007,3007,3007,3007,3007,4690,4691,3007,3007,3007,4690,3007,3007,3007,3007,3007,4690,94.44444274902344,15.789472579956055,0,0,0,5,9.523809432983398,11.764705657958984,22.22222328186035,26.3157901763916,0,0,22.22222328186035,0,0,0,0,23.809524536132813,5.263157844543457,100,0,0,0,0,66481098752,12884893696,1632325632,0
99,1780596616867,57394.133361816406,4700,1,0.3062499999999999,6934.8134765625,4700,1,0.3062499999999999,6797.727188110352,4700,1,0.3062499999999999,12107.492172241211,4700,1,0.3062499999999999,45654.845642089844,4700,1,0.3062499999999999,37811.06912231445,4700,1,0.3062499999999999,47031.05307006836,4700,1,0.3062499999999999,29560.949096679688,4700,1,0.3062499999999999,7271.936950683594,4700,1,0.3062499999999999,7161.15901184082,4700,1,0.3062499999999999,6752.057159423828,4700,1,0.3062499999999999,6969.8472900390625,4700,1,0.3062499999999999,11226.343780517578,3007,3007,3007,3007,3007,3007,3007,3007,3007,3007,3007,3007,4690,4691,3007,3007,3007,4690,3007,3007,3007,3007,3007,4690,89.47368621826172,0,0,0,0,0,5.555555820465088,27.272727966308594,5.555555820465088,33.333335876464844,0,0,26.3157901763916,0,0,0,4.761904716491699,11.111111640930176,10.526315689086914,100,0,0,0,0,66481098752,12884893696,1629827072,0
99,1780596616967,57394.786560058594,4700,1,0.3062499999999999,6934.8165283203125,4700,1,0.3062499999999999,6797.730239868164,4700,1,0.3062499999999999,12107.726928710938,4700,1,0.3062499999999999,45655.29350280762,4700,1,0.3062499999999999,37811.45162963867,4700,1,0.3062499999999999,47031.39892578125,4700,1,0.3062499999999999,29561.686965942383,4700,1,0.3062499999999999,7271.940734863281,4700,1,0.3062499999999999,7161.162094116211,4700,1,0.3062499999999999,6752.060241699219,4700,1,0.3062499999999999,6969.850341796875,4700,1,0.3062499999999999,11232.059265136719,3007,3007,3007,3007,3007,3007,3007,3007,3007,3007,3007,3007,4690,4691,3007,3007,3007,4690,3007,3007,3007,3007,3007,4690,89.47368621826172,0,0,0,0,0,5.555555820465088,27.272727966308594,5.555555820465088,33.333335876464844,0,0,26.3157901763916,0,0,0,4.761904716491699,11.111111640930176,10.526315689086914,100,0,0,0,0,66481098752,12884893696,1628422144,0
99,1780596617067,57395.44737243652,4700,1,0.3062499999999999,6934.819610595703,4700,1,0.3062499999999999,6797.734405517578,4700,1,0.3062499999999999,12108.013778686523,4700,1,0.3062499999999999,45655.66075134277,4700,1,0.3062499999999999,37811.904693603516,4700,1,0.3062499999999999,47031.78010559082,4700,1,0.3062499999999999,29562.401657104492,4700,1,0.3062499999999999,7271.944229125977,4700,1,0.3062499999999999,7161.165267944336,4700,1,0.3062499999999999,6752.063323974609,4700,1,0.3062499999999999,6969.853530883789,4700,1,0.3062499999999999,11237.980056762695,3007,3007,3007,3007,3007,3007,3007,3007,3007,3007,3007,3007,4690,4691,3007,3007,3007,4690,3007,3007,3007,3007,3007,4690,95,10,0,0,0,5.263157844543457,25,11.764705657958984,25,25,0,0,26.3157901763916,0,0,0,0,30.000001907348633,5,100,0,0,0,0,66481098752,12884893696,1627533312,0
99,1780596617167,57396.09555053711,4700,1,0.3062499999999999,6934.82275390625,4700,1,0.3062499999999999,6797.737518310547,4700,1,0.3062499999999999,12108.440994262695,4700,1,0.3062499999999999,45655.94813537598,4700,1,0.3062499999999999,37812.27798461914,4700,1,0.3062499999999999,47032.06295776367,4700,1,0.3062499999999999,29563.155685424805,4700,1,0.3062499999999999,7271.947738647461,4700,1,0.3062499999999999,7161.168350219727,4700,1,0.3062499999999999,6752.06640625,4700,1,0.3062499999999999,6969.85661315918,4700,1,0.3062499999999999,11243.698791503906,3007,3007,3007,3007,3007,3007,3007,3007,3007,3007,3007,3007,4690,4691,3007,3007,3007,4690,3007,3007,3007,3007,3007,4690,95,10,0,0,0,5.263157844543457,25,11.764705657958984,25,25,0,0,26.3157901763916,0,0,0,0,30.000001907348633,5,100,0,0,0,0,66481098752,12884893696,1625993216,0
99,1780596617267,57396.76892089844,4700,1,0.3062499999999999,6934.825897216797,4700,1,0.3062499999999999,6797.7408447265625,4700,1,0.3062499999999999,12108.850234985352,4700,1,0.3062499999999999,45656.40994262695,4700,1,0.3062499999999999,37812.70799255371,4700,1,0.3062499999999999,47032.413986206055,4700,1,0.3062499999999999,29563.823318481445,4700,1,0.3062499999999999,7271.953186035156,4700,1,0.3062499999999999,7161.171493530273,4700,1,0.3062499999999999,6752.069488525391,4700,1,0.3062499999999999,6969.85986328125,4700,1,0.3062499999999999,11249.71012878418,3007,3007,3007,3007,3007,3007,3007,3007,3007,3007,3007,3007,4690,4691,3007,3007,3007,4690,3007,3007,3007,3007,3007,4690,100,30.000001907348633,0,0,0,11.111111640930176,5.555555820465088,5.555555820465088,20,11.111111640930176,0,0,22.22222328186035,0,0,0,0,12.5,0,100,0,0,0,0,66481098752,12884893696,1626157056,0
99,1780596617367,57397.443420410156,4700,1,0.3062499999999999,6934.8289794921875,4700,1,0.3062499999999999,6797.743927001953,4700,1,0.3062499999999999,12109.244659423828,4700,1,0.3062499999999999,45656.83070373535,4700,1,0.3062499999999999,37813.1512298584,4700,1,0.3062499999999999,47032.82342529297,4700,1,0.3062499999999999,29564.48760986328,4700,1,0.3062499999999999,7271.956268310547,4700,1,0.3062499999999999,7161.174575805664,4700,1,0.3062499999999999,6752.072570800781,4700,1,0.3062499999999999,6969.862945556641,4700,1,0.3062499999999999,11255.727523803711,3007,3007,3007,3007,3007,3007,3007,3007,3007,3007,3007,3007,4690,4691,3007,3007,3007,4690,3007,3007,3007,3007,3007,4690,100,30.000001907348633,0,0,0,11.111111640930176,5.555555820465088,5.555555820465088,20,11.111111640930176,0,0,22.22222328186035,0,0,0,0,12.5,0,100,0,0,0,0,66481098752,12884893696,1633341440,0
99,1780596617467,57398.1033782959,4700,1,0.3062499999999999,6934.832092285156,4700,1,0.3062499999999999,6797.7470703125,4700,1,0.3062499999999999,12109.539031982422,4700,1,0.3062499999999999,45657.27772521973,4700,1,0.3062499999999999,37813.592849731445,4700,1,0.3062499999999999,47033.156341552734,4700,1,0.3062499999999999,29565.199951171875,4700,1,0.3062499999999999,7271.959457397461,4700,1,0.3062499999999999,7161.177658081055,4700,1,0.3062499999999999,6752.075653076172,4700,1,0.3062499999999999,6969.8660888671875,4700,1,0.3062499999999999,11261.606475830078,3007,3007,3007,3007,3007,3007,3007,3007,3007,3007,3007,3007,4690,4691,3007,3007,3007,4690,3007,3007,3007,3007,3007,4690,95,11.111111640930176,0,0,0,5.555555820465088,21.052631378173828,26.3157901763916,11.764705657958984,5.263157844543457,0,0,30.000001907348633,0,0,0,0,30.000001907348633,0,100,0,0,0,0,66481098752,12884893696,1629896704,0
99,1780596617567,57398.75910949707,4700,1,0.30000000000000004,6934.835174560547,4700,1,0.30000000000000004,6797.750213623047,4700,1,0.30000000000000004,12109.93391418457,4700,1,0.30000000000000004,45657.61494445801,4700,1,0.30000000000000004,37814.017578125,4700,1,0.30000000000000004,47033.42102050781,4700,1,0.30000000000000004,29565.916290283203,4700,1,0.30000000000000004,7271.962814331055,4700,1,0.30000000000000004,7161.180892944336,4700,1,0.30000000000000004,6752.0787353515625,4700,1,0.30000000000000004,6969.869171142578,4700,1,0.30000000000000004,11267.465881347656,3007,3007,3007,3007,3007,3007,3007,3007,3007,3007,3007,3007,4690,4691,3007,3007,3007,4690,3007,3007,3007,3007,3007,4690,95,11.111111640930176,0,0,0,5.555555820465088,21.052631378173828,26.3157901763916,11.764705657958984,5.263157844543457,0,0,30.000001907348633,0,0,0,0,30.000001907348633,0,100,0,0,0,0,66481098752,12884893696,1630797824,0
99,1780596617667,57399.407623291016,4700,1,0.30000000000000004,6934.8382568359375,4700,1,0.30000000000000004,6797.753326416016,4700,1,0.30000000000000004,12110.160552978516,4700,1,0.30000000000000004,45657.98875427246,4700,1,0.30000000000000004,37814.254150390625,4700,1,0.30000000000000004,47033.78999328613,4700,1,0.30000000000000004,29566.70541381836,4700,1,0.30000000000000004,7271.96598815918,4700,1,0.30000000000000004,7161.183975219727,4700,1,0.30000000000000004,6752.081787109375,4700,1,0.30000000000000004,6969.872253417969,4700,1,0.30000000000000004,11273.14501953125,3007,3007,3007,3007,3007,3007,3007,3007,3007,3007,3007,3007,4690,4691,3007,3007,3007,4690,3007,3007,3007,3007,3007,4690,94.11764526367188,0,0,0,0,15.789472579956055,27.272727966308594,25,21.052631378173828,31.57894515991211,0,0,15.789472579956055,0,0,0,0,10,4.761904716491699,100,0,0,0,0,66481098752,12884893696,1629552640,0
99,1780596617768,57400.04432678223,4700,1,0.3062499999999999,6934.84130859375,4700,1,0.3062499999999999,6797.756378173828,4700,1,0.3062499999999999,12110.181518554688,4700,1,0.3062499999999999,45658.345932006836,4700,1,0.3062499999999999,37814.58560180664,4700,1,0.3062499999999999,47034.18397521973,4700,1,0.3062499999999999,29567.502044677734,4700,1,0.3062499999999999,7271.969161987305,4700,1,0.3062499999999999,7161.1871337890625,4700,1,0.3062499999999999,6752.084869384766,4700,1,0.3062499999999999,6969.875305175781,4700,1,0.3062499999999999,11278.676544189453,3007,3007,3007,3007,3007,3007,3007,3007,3007,3007,3007,3007,4690,4691,3007,3007,3007,4690,3007,3007,3007,3007,3007,4690,94.11764526367188,0,0,0,0,15.789472579956055,27.272727966308594,25,21.052631378173828,31.57894515991211,0,0,15.789472579956055,0,0,0,0,10,4.761904716491699,100,0,0,0,0,66481098752,12884893696,1630175232,0
99,1780596617868,57400.73457336426,4700,1,0.3062499999999999,6934.844436645508,4700,1,0.3062499999999999,6797.759536743164,4700,1,0.3062499999999999,12110.398330688477,4700,1,0.3062499999999999,45658.81880187988,4700,1,0.3062499999999999,37814.9670715332,4700,1,0.3062499999999999,47034.62484741211,4700,1,0.3062499999999999,29568.225875854492,4700,1,0.3062499999999999,7271.972366333008,4700,1,0.3062499999999999,7161.190216064453,4700,1,0.3062499999999999,6752.087951660156,4700,1,0.3062499999999999,6969.878463745117,4700,1,0.3062499999999999,11284.550750732422,3007,3007,3007,3007,3007,3007,3007,3007,3007,3007,3007,3007,4690,4691,3007,3007,3007,4690,3007,3007,3007,3007,3007,4690,94.73684692382813,5,0,0,4.761904716491699,0,33.333335876464844,21.052631378173828,22.22222328186035,27.77777862548828,0,0,20,0,0,0,0,14.285715103149414,0,100,0,0,0,0,66481098752,12884893696,1632612352,0
99,1780596617968,57401.39028930664,4700,1,0.3062499999999999,6934.847518920898,4700,1,0.3062499999999999,6797.762619018555,4700,1,0.3062499999999999,12110.673156738281,4700,1,0.3062499999999999,45659.15997314453,4700,1,0.3062499999999999,37815.29264831543,4700,1,0.3062499999999999,47034.993255615234,4700,1,0.3062499999999999,29568.998428344727,4700,1,0.3062499999999999,7271.975540161133,4700,1,0.3062499999999999,7161.193298339844,4700,1,0.3062499999999999,6752.091033935547,4700,1,0.3062499999999999,6969.881546020508,4700,1,0.3062499999999999,11290.301651000977,3007,3007,3007,3007,3007,3007,3007,3007,3007,3007,3007,3007,4690,4691,3007,3007,3007,4690,3007,3007,3007,3007,3007,4690,94.73684692382813,5,0,0,4.761904716491699,0,33.333335876464844,21.052631378173828,22.22222328186035,27.77777862548828,0,0,20,0,0,0,0,14.285715103149414,0,100,0,0,0,0,66481098752,12884893696,1631444992,0
99,1780596618068,57402.02136230469,4700,1,0.3062499999999999,6934.850601196289,4700,1,0.3062499999999999,6797.765701293945,4700,1,0.3062499999999999,12110.907409667969,4700,1,0.3062499999999999,45659.53955078125,4700,1,0.3062499999999999,37815.596267700195,4700,1,0.3062499999999999,47035.31831359863,4700,1,0.3062499999999999,29569.790893554688,4700,1,0.3062499999999999,7271.987106323242,4700,1,0.3062499999999999,7161.196441650391,4700,1,0.3062499999999999,6752.0941162109375,4700,1,0.3062499999999999,6969.884628295898,4700,1,0.3062499999999999,11295.927185058594,3007,3007,3007,3007,3007,3007,3007,3007,3007,3007,3007,3007,4690,4691,3007,3007,3007,4690,3007,3007,3007,3007,3007,4690,88.8888931274414,5,0,0,5,14.285715103149414,10.526315689086914,15.789472579956055,15.000000953674316,47.36842346191406,0,0,25,0,0,0,0,0,15.789472579956055,100,0,0,0,0,66481098752,12884893696,1630040064,0
99,1780596618168,57402.65830993652,4700,1,0.3062499999999999,6934.85368347168,4700,1,0.3062499999999999,6797.768844604492,4700,1,0.3062499999999999,12111.184432983398,4700,1,0.3062499999999999,45659.7901763916,4700,1,0.3062499999999999,37815.96145629883,4700,1,0.3062499999999999,47035.65327453613,4700,1,0.3062499999999999,29570.57289123535,4700,1,0.3062499999999999,7271.990249633789,4700,1,0.3062499999999999,7161.199493408203,4700,1,0.3062499999999999,6752.09716796875,4700,1,0.3062499999999999,6969.887680053711,4700,1,0.3062499999999999,11301.558486938477,3007,3007,3007,3007,3007,3007,3007,3007,3007,3007,3007,3007,4690,4691,3007,3007,3007,4690,3007,3007,3007,3007,3007,4690,88.8888931274414,5,0,0,5,14.285715103149414,10.526315689086914,15.789472579956055,15.000000953674316,47.36842346191406,0,0,25,0,0,0,0,0,15.789472579956055,100,0,0,0,0,66481098752,12884893696,1629745152,0
99,1780596618268,57403.2975769043,4700,1,0.30000000000000004,6934.856826782227,4700,1,0.30000000000000004,6797.77214050293,4700,1,0.30000000000000004,12111.413162231445,4700,1,0.30000000000000004,45659.89848327637,4700,1,0.30000000000000004,37816.31791687012,4700,1,0.30000000000000004,47036.01698303223,4700,1,0.30000000000000004,29571.364318847656,4700,1,0.30000000000000004,7271.993469238281,4700,1,0.30000000000000004,7161.20263671875,4700,1,0.30000000000000004,6752.100280761719,4700,1,0.30000000000000004,6969.890960693359,4700,1,0.30000000000000004,11307.166275024414,3007,3007,3007,3007,3007,3007,3007,3007,3007,3007,3007,3007,4690,4691,3007,3007,3007,4690,3007,3007,3007,3007,3007,4690,94.11764526367188,9.523809432983398,0,0,0,10,0,5.882352828979492,11.111111640930176,52.38095474243164,0,0,10,0,0,0,0,5.555555820465088,23.809524536132813,100,0,0,0,0,66481098752,12884893696,1629077504,0
99,1780596618368,57403.93113708496,4700,1,0.30000000000000004,6934.879913330078,4700,1,0.30000000000000004,6797.791046142578,4700,1,0.30000000000000004,12111.740921020508,4700,1,0.30000000000000004,45660.019119262695,4700,1,0.30000000000000004,37816.66015625,4700,1,0.30000000000000004,47036.31280517578,4700,1,0.30000000000000004,29572.045471191406,4700,1,0.30000000000000004,7272.017608642578,4700,1,0.30000000000000004,7161.2235107421875,4700,1,0.30000000000000004,6752.129837036133,4700,1,0.30000000000000004,6969.904342651367,4700,1,0.30000000000000004,11312.633590698242,3007,3007,3007,3007,3007,3007,3007,3007,3007,3007,3007,3007,4690,4691,3007,3007,3007,4690,3007,3007,3007,3007,3007,4690,94.11764526367188,9.523809432983398,0,0,0,10,0,5.882352828979492,11.111111640930176,52.38095474243164,0,0,10,0,0,0,0,5.555555820465088,23.809524536132813,100,0,0,0,0,66481098752,12884893696,1636958208,0
99,1780596618468,57404.57289123535,4700,1,0.3062499999999999,6934.892929077148,4700,1,0.3062499999999999,6797.809051513672,4700,1,0.3062499999999999,12111.942138671875,4700,1,0.3062499999999999,45660.361755371094,4700,1,0.3062499999999999,37817.07615661621,4700,1,0.3062499999999999,47036.610092163086,4700,1,0.3062499999999999,29572.814651489258,4700,1,0.3062499999999999,7272.049758911133,4700,1,0.3062499999999999,7161.242813110352,4700,1,0.3062499999999999,6752.148620605469,4700,1,0.3062499999999999,6969.918533325195,4700,1,0.3062499999999999,11318.208297729492,3007,3007,3007,3007,3007,3007,3007,3007,3007,3007,3007,3007,4690,4691,3007,3007,3007,4690,3007,3007,3007,3007,3007,4690,94.44444274902344,10.526315689086914,0,4.761904716491699,0,0,15.000000953674316,21.052631378173828,14.285715103149414,36.842105865478516,4.761904716491699,0,5.263157844543457,0,0,0,0,15.789472579956055,10,90.90909576416016,0,9.090909004211426,0,0,66481098752,12884893696,1637617664,0
99,1780596618568,57405.246810913086,4700,1,0.3062499999999999,6934.896942138672,4700,1,0.3062499999999999,6797.812576293945,4700,1,0.3062499999999999,12112.288925170898,4700,1,0.3062499999999999,45660.81898498535,4700,1,0.3062499999999999,37817.51542663574,4700,1,0.3062499999999999,47037.0400390625,4700,1,0.3062499999999999,29573.480087280273,4700,1,0.3062499999999999,7272.054061889648,4700,1,0.3062499999999999,7161.246063232422,4700,1,0.3062499999999999,6752.151840209961,4700,1,0.3062499999999999,6969.921676635742,4700,1,0.3062499999999999,11324.180435180664,3007,3007,3007,3007,3007,3007,3007,3007,3007,3007,3007,3007,4690,4691,3007,3007,3007,4690,3007,3007,3007,3007,3007,4690,94.44444274902344,10.526315689086914,0,4.761904716491699,0,0,15.000000953674316,21.052631378173828,14.285715103149414,36.842105865478516,4.761904716491699,0,5.263157844543457,0,0,0,0,15.789472579956055,10,90.90909576416016,0,9.090909004211426,0,0,66481098752,12884893696,1631911936,0
99,1780596618668,57405.933029174805,4700,1,0.3062499999999999,6934.9000244140625,4700,1,0.3062499999999999,6797.823867797852,4700,1,0.3062499999999999,12112.624282836914,4700,1,0.3062499999999999,45661.21798706055,4700,1,0.3062499999999999,37817.85559082031,4700,1,0.3062499999999999,47037.41551208496,4700,1,0.3062499999999999,29574.205307006836,4700,1,0.3062499999999999,7272.057327270508,4700,1,0.3062499999999999,7161.2491455078125,4700,1,0.3062499999999999,6752.155029296875,4700,1,0.3062499999999999,6969.924758911133,4700,1,0.3062499999999999,11330.018417358398,3007,3007,3007,3007,3007,3007,3007,3007,3007,3007,3007,3007,4690,4691,3007,3007,3007,4690,3007,3007,3007,3007,3007,4690,95,0,0,0,0,20,21.052631378173828,16.666667938232422,27.77777862548828,5.555555820465088,0,0,21.052631378173828,0,0,0,0,15.789472579956055,5.263157844543457,100,0,0,0,0,66481098752,12884893696,1627795456,0
99,1780596618768,57406.60513305664,4700,1,0.3062499999999999,6934.903137207031,4700,1,0.3062499999999999,6797.82698059082,4700,1,0.3062499999999999,12112.900985717773,4700,1,0.3062499999999999,45661.64100646973,4700,1,0.3062499999999999,37818.17387390137,4700,1,0.3062499999999999,47037.84797668457,4700,1,0.3062499999999999,29574.954818725586,4700,1,0.3062499999999999,7272.069793701172,4700,1,0.3062499999999999,7161.252365112305,4700,1,0.3062499999999999,6752.158142089844,4700,1,0.3062499999999999,6969.927871704102,4700,1,0.3062499999999999,11335.842636108398,3007,3007,3007,3007,3007,3007,3007,3007,3007,3007,3007,3007,4690,4691,3007,3007,3007,4690,3007,3007,3007,3007,3007,4690,95,0,0,0,0,20,21.052631378173828,16.666667938232422,27.77777862548828,5.555555820465088,0,0,21.052631378173828,0,0,0,0,15.789472579956055,5.263157844543457,100,0,0,0,0,66481098752,12884893696,1626656768,0
99,1780596618868,57407.2428894043,4700,1,0.3062499999999999,6934.906219482422,4700,1,0.3062499999999999,6797.830062866211,4700,1,0.3062499999999999,12113.034317016602,4700,1,0.3062499999999999,45662.04522705078,4700,1,0.3062499999999999,37818.40235900879,4700,1,0.3062499999999999,47038.24754333496,4700,1,0.3062499999999999,29575.74055480957,4700,1,0.3062499999999999,7272.0728759765625,4700,1,0.3062499999999999,7161.255447387695,4700,1,0.3062499999999999,6752.161224365234,4700,1,0.3062499999999999,6969.930953979492,4700,1,0.3062499999999999,11341.480407714844,3007,3007,3007,3007,3007,3007,3007,3007,3007,3007,3007,3007,4690,4691,3007,3007,3007,4690,3007,3007,3007,3007,3007,4690,94.73684692382813,10,0,0,0,10,21.052631378173828,5,22.22222328186035,31.57894515991211,0,0,21.052631378173828,0,0,0,0,10,23.809524536132813,100,0,0,0,0,66481098752,12884893696,1625575424,0
99,1780596618968,57407.905044555664,4700,1,0.3062499999999999,6934.909271240234,4700,1,0.3062499999999999,6797.833145141602,4700,1,0.3062499999999999,12113.230728149414,4700,1,0.3062499999999999,45662.44877624512,4700,1,0.3062499999999999,37818.83641052246,4700,1,0.3062499999999999,47038.65788269043,4700,1,0.3062499999999999,29576.480743408203,4700,1,0.3062499999999999,7272.081085205078,4700,1,0.3062499999999999,7161.258499145508,4700,1,0.3062499999999999,6752.164276123047,4700,1,0.3062499999999999,6969.934005737305,4700,1,0.3062499999999999,11347.368347167969,3007,3007,3007,3007,3007,3007,3007,3007,3007,3007,3007,3007,4690,4691,3007,3007,3007,4690,3007,3007,3007,3007,3007,4690,94.73684692382813,10,0,0,0,10,21.052631378173828,5,22.22222328186035,31.57894515991211,0,0,21.052631378173828,0,0,0,0,10,23.809524536132813,100,0,0,0,0,66481098752,12884893696,1633845248,0
99,1780596619068,57408.576400756836,4700,1,0.3062499999999999,6934.912353515625,4700,1,0.3062499999999999,6797.839874267578,4700,1,0.3062499999999999,12113.564590454102,4700,1,0.3062499999999999,45662.833251953125,4700,1,0.3062499999999999,37819.19664001465,4700,1,0.3062499999999999,47039.025482177734,4700,1,0.3062499999999999,29577.236267089844,4700,1,0.3062499999999999,7272.084289550781,4700,1,0.3062499999999999,7161.261672973633,4700,1,0.3062499999999999,6752.167419433594,4700,1,0.3062499999999999,6969.937088012695,4700,1,0.3062499999999999,11353.205551147461,3007,3007,3007,3007,3007,3007,3007,3007,3007,3007,3007,3007,4690,4691,3007,3007,3007,4690,3007,3007,3007,3007,3007,4690,94.44444274902344,5.555555820465088,0,0,9.523809432983398,15.000000953674316,5.882352828979492,16.666667938232422,10.526315689086914,20,0,0,31.57894515991211,0,0,0,0,20,30.000001907348633,100,0,0,0,0,66481098752,12884893696,1630367744,0
99,1780596619168,57409.225845336914,4700,1,0.3062499999999999,6934.915435791016,4700,1,0.3062499999999999,6797.842971801758,4700,1,0.3062499999999999,12113.805755615234,4700,1,0.3062499999999999,45663.255950927734,4700,1,0.3062499999999999,37819.47866821289,4700,1,0.3062499999999999,47039.34536743164,4700,1,0.3062499999999999,29578.021194458008,4700,1,0.3062499999999999,7272.087432861328,4700,1,0.3062499999999999,7161.264755249023,4700,1,0.3062499999999999,6752.170501708984,4700,1,0.3062499999999999,6969.940170288086,4700,1,0.3062499999999999,11358.814926147461,3007,3007,3007,3007,3007,3007,3007,3007,3007,3007,3007,3007,4690,4691,3007,3007,3007,4690,3007,3007,3007,3007,3007,4690,94.44444274902344,5.555555820465088,0,0,9.523809432983398,15.000000953674316,5.882352828979492,16.666667938232422,10.526315689086914,20,0,0,31.57894515991211,0,0,0,0,20,30.000001907348633,100,0,0,0,0,66481098752,12884893696,1629126656,0
99,1780596619268,57409.863220214844,4700,1,0.3062499999999999,6934.918518066406,4700,1,0.3062499999999999,6797.8555908203125,4700,1,0.3062499999999999,12114.051879882813,4700,1,0.3062499999999999,45663.58386230469,4700,1,0.3062499999999999,37819.78300476074,4700,1,0.3062499999999999,47039.74363708496,4700,1,0.3062499999999999,29578.80682373047,4700,1,0.3062499999999999,7272.090667724609,4700,1,0.3062499999999999,7161.267913818359,4700,1,0.3062499999999999,6752.173721313477,4700,1,0.3062499999999999,6969.943283081055,4700,1,0.3062499999999999,11364.52864074707,3007,3007,3007,3007,3007,3007,3007,3007,3007,3007,3007,3007,4690,4691,3007,3007,3007,4690,3007,3007,3007,3007,3007,4690,94.11764526367188,5,0,0,4.761904716491699,0,10,16.666667938232422,21.052631378173828,50,0,0,25,0,0,0,0,0,11.111111640930176,100,0,0,0,0,66481098752,12884893696,1630306304,0
99,1780596619368,57410.5340423584,4700,1,0.30000000000000004,6934.921661376953,4700,1,0.3062499999999999,6797.858673095703,4700,1,0.3062499999999999,12114.419631958008,4700,1,0.30000000000000004,45663.9444732666,4700,1,0.30000000000000004,37820.171478271484,4700,1,0.30000000000000004,47040.16453552246,4700,1,0.30000000000000004,29579.51429748535,4700,1,0.30000000000000004,7272.093811035156,4700,1,0.3062499999999999,7161.27099609375,4700,1,0.3062499999999999,6752.176803588867,4700,1,0.3062499999999999,6969.94645690918,4700,1,0.3062499999999999,11370.40365600586,3007,3007,3007,3007,3007,3007,3007,3007,3007,3007,3007,3007,4690,4691,3007,3007,3007,4690,3007,3007,3007,3007,3007,4690,94.11764526367188,5,0,0,4.761904716491699,0,10,16.666667938232422,21.052631378173828,50,0,0,25,0,0,0,0,0,11.111111640930176,100,0,0,0,0,66481098752,12884893696,1627107328,0
99,1780596619468,57411.17263793945,4700,1,0.30000000000000004,6934.924774169922,4700,1,0.3062499999999999,6797.8675537109375,4700,1,0.3062499999999999,12114.640838623047,4700,1,0.30000000000000004,45664.29899597168,4700,1,0.30000000000000004,37820.526596069336,4700,1,0.30000000000000004,47040.501861572266,4700,1,0.30000000000000004,29580.300811767578,4700,1,0.30000000000000004,7272.096893310547,4700,1,0.30000000000000004,7161.274078369141,4700,1,0.30000000000000004,6752.179946899414,4700,1,0.30000000000000004,6969.949569702148,4700,1,0.3062499999999999,11376.074829101563,3007,3007,3007,3007,3007,3007,3007,3007,3007,3007,3007,3007,4690,4691,3007,3007,3007,4690,3007,3007,3007,3007,3007,4690,90,0,0,0,0,5.555555820465088,20,5.555555820465088,30.000001907348633,23.52941131591797,0,0,15.789472579956055,0,0,0,0,11.764705657958984,10,100,0,0,0,0,66481098752,12884893696,1625911296,0
99,1780596619568,57411.835510253906,4700,1,0.30000000000000004,6934.9278564453125,4700,1,0.30000000000000004,6797.870635986328,4700,1,0.30000000000000004,12114.914749145508,4700,1,0.30000000000000004,45664.64794921875,4700,1,0.30000000000000004,37820.87826538086,4700,1,0.30000000000000004,47040.8426361084,4700,1,0.30000000000000004,29581.048950195313,4700,1,0.30000000000000004,7272.108734130859,4700,1,0.30000000000000004,7161.277236938477,4700,1,0.30000000000000004,6752.183029174805,4700,1,0.30000000000000004,6969.952651977539,4700,1,0.30000000000000004,11381.797973632813,3007,3007,3007,3007,3007,3007,3007,3007,3007,3007,3007,3007,4690,4691,3007,3007,3007,4690,3007,3007,3007,3007,3007,4690,90,0,0,0,0,5.555555820465088,20,5.555555820465088,30.000001907348633,23.52941131591797,0,0,15.789472579956055,0,0,0,0,11.764705657958984,10,100,0,0,0,0,66481098752,12884893696,1630978048,0
99,1780596619668,57412.48295593262,4700,1,0.3062499999999999,6934.930999755859,4700,1,0.3062499999999999,6797.873718261719,4700,1,0.3062499999999999,12115.343353271484,4700,1,0.3062499999999999,45664.73506164551,4700,1,0.3062499999999999,37821.296646118164,4700,1,0.3062499999999999,47041.14552307129,4700,1,0.3062499999999999,29581.809295654297,4700,1,0.3062499999999999,7272.112152099609,4700,1,0.3062499999999999,7161.280319213867,4700,1,0.3062499999999999,6752.186141967773,4700,1,0.3062499999999999,6969.95573425293,4700,1,0.3062499999999999,11387.530517578125,3007,3007,3007,3007,3007,3007,3007,3007,3007,3007,3007,3007,4690,4691,3007,3007,3007,4690,3007,3007,3007,3007,3007,4690,94.11764526367188,15.789472579956055,0,0,0,22.72727394104004,10,20,5.263157844543457,40,0,0,15.000000953674316,0,0,0,0,20,15.000000953674316,100,0,0,0,0,66481098752,12884893696,1631367168,0
99,1780596619769,57413.15705871582,4700,1,0.3062499999999999,6934.934051513672,4700,1,0.3062499999999999,6797.876770019531,4700,1,0.3062499999999999,12115.708908081055,4700,1,0.3062499999999999,45665.14002990723,4700,1,0.3062499999999999,37821.749450683594,4700,1,0.3062499999999999,47041.59963989258,4700,1,0.3062499999999999,29582.4734954834,4700,1,0.3062499999999999,7272.115646362305,4700,1,0.3062499999999999,7161.283462524414,4700,1,0.3062499999999999,6752.189224243164,4700,1,0.3062499999999999,6969.958786010742,4700,1,0.3062499999999999,11393.498947143555,3007,3007,3007,3007,3007,3007,3007,3007,3007,3007,3007,3007,4690,4691,3007,3007,3007,4690,3007,3007,3007,3007,3007,4690,94.11764526367188,15.789472579956055,0,0,0,22.72727394104004,10,20,5.263157844543457,40,0,0,15.000000953674316,0,0,0,0,20,15.000000953674316,100,0,0,0,0,66481098752,12884893696,1629257728,0
99,1780596619869,57413.86708068848,4700,1,0.3062499999999999,6934.937149047852,4700,1,0.3062499999999999,6797.880142211914,4700,1,0.3062499999999999,12116.064361572266,4700,1,0.3062499999999999,45665.516357421875,4700,1,0.3062499999999999,37822.15803527832,4700,1,0.3062499999999999,47042.00718688965,4700,1,0.3062499999999999,29583.17318725586,4700,1,0.3062499999999999,7272.123184204102,4700,1,0.3062499999999999,7161.286560058594,4700,1,0.3062499999999999,6752.192398071289,4700,1,0.3062499999999999,6969.9619140625,4700,1,0.3062499999999999,11399.434829711914,3007,3007,3007,3007,3007,3007,3007,3007,3007,3007,3007,3007,4690,4691,3007,3007,3007,4690,3007,3007,3007,3007,3007,4690,100,0,0,0,5.263157844543457,21.052631378173828,15.789472579956055,27.77777862548828,20,13.636363983154297,0,0,20,0,0,0,0,11.111111640930176,26.3157901763916,100,0,0,0,0,66481098752,12884893696,1627131904,0
99,1780596619969,57414.524826049805,4700,1,0.3062499999999999,6934.940231323242,4700,1,0.3062499999999999,6797.883224487305,4700,1,0.3062499999999999,12116.36213684082,4700,1,0.3062499999999999,45665.832275390625,4700,1,0.3062499999999999,37822.474517822266,4700,1,0.3062499999999999,47042.367767333984,4700,1,0.3062499999999999,29583.954071044922,4700,1,0.3062499999999999,7272.126327514648,4700,1,0.3062499999999999,7161.289642333984,4700,1,0.3062499999999999,6752.19548034668,4700,1,0.3062499999999999,6969.964996337891,4700,1,0.3062499999999999,11405.15121459961,3007,3007,3007,3007,3007,3007,3007,3007,3007,3007,3007,3007,4690,4691,3007,3007,3007,4690,3007,3007,3007,3007,3007,4690,100,0,0,0,5.263157844543457,21.052631378173828,15.789472579956055,27.77777862548828,20,13.636363983154297,0,0,20,0,0,0,0,11.111111640930176,26.3157901763916,100,0,0,0,0,66481098752,12884893696,1626476544,0
99,1780596620069,57415.19305419922,4700,1,0.3062499999999999,6934.943313598633,4700,1,0.3062499999999999,6797.886306762695,4700,1,0.3062499999999999,12116.654388427734,4700,1,0.3062499999999999,45666.202056884766,4700,1,0.3062499999999999,37822.83171081543,4700,1,0.3062499999999999,47042.64680480957,4700,1,0.3062499999999999,29584.73046875,4700,1,0.3062499999999999,7272.129547119141,4700,1,0.3062499999999999,7161.292785644531,4700,1,0.3062499999999999,6752.19856262207,4700,1,0.3062499999999999,6969.968078613281,4700,1,0.3062499999999999,11410.864318847656,3007,3007,3007,3007,3007,3007,3007,3007,3007,3007,3007,3007,4690,4691,3007,3007,3007,4690,3007,3007,3007,3007,3007,4690,89.47368621826172,5,0,0,9.523809432983398,10.526315689086914,15.789472579956055,21.052631378173828,0,44.4444465637207,0,0,15.000000953674316,0,0,0,0,9.523809432983398,23.809524536132813,100,0,0,0,0,66481098752,12884893696,1626644480,0
99,1780596620169,57415.859954833984,4700,1,0.30000000000000004,6934.946395874023,4700,1,0.3062499999999999,6797.889434814453,4700,1,0.3062499999999999,12116.959518432617,4700,1,0.30000000000000004,45666.61201477051,4700,1,0.30000000000000004,37823.16758728027,4700,1,0.30000000000000004,47042.921783447266,4700,1,0.30000000000000004,29585.49920654297,4700,1,0.30000000000000004,7272.14289855957,4700,1,0.30000000000000004,7161.295867919922,4700,1,0.30000000000000004,6752.201644897461,4700,1,0.30000000000000004,6969.971160888672,4700,1,0.30000000000000004,11416.573776245117,3007,3007,3007,3007,3007,3007,3007,3007,3007,3007,3007,3007,4690,4691,3007,3007,3007,4690,3007,3007,3007,3007,3007,4690,89.47368621826172,5,0,0,9.523809432983398,10.526315689086914,15.789472579956055,21.052631378173828,0,44.4444465637207,0,0,15.000000953674316,0,0,0,0,9.523809432983398,23.809524536132813,100,0,0,0,0,66481098752,12884893696,1624006656,0
99,1780596620269,57416.50126647949,4700,1,0.3062499999999999,6934.949478149414,4700,1,0.3062499999999999,6797.892807006836,4700,1,0.3062499999999999,12117.230850219727,4700,1,0.3062499999999999,45666.8927154541,4700,1,0.3062499999999999,37823.55696105957,4700,1,0.3062499999999999,47043.26222229004,4700,1,0.3062499999999999,29586.279693603516,4700,1,0.3062499999999999,7272.146331787109,4700,1,0.3062499999999999,7161.299041748047,4700,1,0.3062499999999999,6752.204971313477,4700,1,0.3062499999999999,6969.974349975586,4700,1,0.3062499999999999,11422.31477355957,3007,3007,3007,3007,3007,3007,3007,3007,3007,3007,3007,3007,4690,4691,3007,3007,3007,4690,3007,3007,3007,3007,3007,4690,94.73684692382813,14.285715103149414,0,0,5,15.789472579956055,10.526315689086914,15.789472579956055,13.636363983154297,33.333335876464844,0,0,10.526315689086914,0,0,0,0,19.047618865966797,11.111111640930176,100,0,0,0,0,66481098752,12884893696,1631285248,0
99,1780596620369,57417.174545288086,4700,1,0.3062499999999999,6934.952529907227,4700,1,0.3062499999999999,6797.895858764648,4700,1,0.3062499999999999,12117.432815551758,4700,1,0.3062499999999999,45667.205307006836,4700,1,0.3062499999999999,37823.945739746094,4700,1,0.3062499999999999,47043.614654541016,4700,1,0.3062499999999999,29587.03433227539,4700,1,0.3062499999999999,7272.149459838867,4700,1,0.3062499999999999,7161.3021240234375,4700,1,0.3062499999999999,6752.208038330078,4700,1,0.3062499999999999,6969.977401733398,4700,1,0.3062499999999999,11427.937042236328,3007,3007,3007,3007,3007,3007,3007,3007,3007,3007,3007,3007,4690,4691,3007,3007,3007,4690,3007,3007,3007,3007,3007,4690,94.73684692382813,14.285715103149414,0,0,5,15.789472579956055,10.526315689086914,15.789472579956055,13.636363983154297,33.333335876464844,0,0,10.526315689086914,0,0,0,0,19.047618865966797,11.111111640930176,100,0,0,0,0,66481098752,12884893696,1629106176,0
99,1780596620469,57417.81639099121,4700,1,0.30000000000000004,6934.955612182617,4700,1,0.30000000000000004,6797.898941040039,4700,1,0.30000000000000004,12117.558731079102,4700,1,0.30000000000000004,45667.57002258301,4700,1,0.30000000000000004,37824.34092712402,4700,1,0.30000000000000004,47043.91680908203,4700,1,0.30000000000000004,29587.825088500977,4700,1,0.30000000000000004,7272.152572631836,4700,1,0.30000000000000004,7161.305206298828,4700,1,0.30000000000000004,6752.211135864258,4700,1,0.30000000000000004,6969.980499267578,4700,1,0.30000000000000004,11433.59408569336,3007,3007,3007,3007,3007,3007,3007,3007,3007,3007,3007,3007,4690,4691,3007,3007,3007,4690,3007,3007,3007,3007,3007,4690,88.23529815673828,0,0,0,0,9.523809432983398,5.263157844543457,11.764705657958984,5,42.105262756347656,0,0,5.555555820465088,0,0,0,0,11.111111640930176,20,100,0,0,0,0,66481098752,12884893696,1627910144,0
99,1780596620569,57418.49252319336,4700,1,0.30000000000000004,6934.958694458008,4700,1,0.30000000000000004,6797.902038574219,4700,1,0.30000000000000004,12117.815246582031,4700,1,0.30000000000000004,45667.886627197266,4700,1,0.30000000000000004,37824.71241760254,4700,1,0.30000000000000004,47044.26095581055,4700,1,0.30000000000000004,29588.602951049805,4700,1,0.30000000000000004,7272.155715942383,4700,1,0.30000000000000004,7161.308349609375,4700,1,0.30000000000000004,6752.214218139648,4700,1,0.30000000000000004,6969.983581542969,4700,1,0.30000000000000004,11439.234115600586,3007,3007,3007,3007,3007,3007,3007,3007,3007,3007,3007,3007,4690,4691,3007,3007,3007,4690,3007,3007,3007,3007,3007,4690,88.23529815673828,0,0,0,0,9.523809432983398,5.263157844543457,11.764705657958984,5,42.105262756347656,0,0,5.555555820465088,0,0,0,0,11.111111640930176,20,100,0,0,0,0,66481098752,12884893696,1628225536,0
99,1780596620669,57419.15576171875,4700,1,0.3062499999999999,6934.961776733398,4700,1,0.3062499999999999,6797.905212402344,4700,1,0.3062499999999999,12118.05876159668,4700,1,0.3062499999999999,45668.13487243652,4700,1,0.3062499999999999,37825.08825683594,4700,1,0.3062499999999999,47044.67674255371,4700,1,0.3062499999999999,29589.382568359375,4700,1,0.3062499999999999,7272.158798217773,4700,1,0.3062499999999999,7161.311431884766,4700,1,0.3062499999999999,6752.217361450195,4700,1,0.3062499999999999,6969.986663818359,4700,1,0.3062499999999999,11444.900268554688,3007,3007,3007,3007,3007,3007,3007,3007,3007,3007,3007,3007,4690,4691,3007,3007,3007,4690,3007,3007,3007,3007,3007,4690,94.11764526367188,0,0,0,10,5.263157844543457,10,20,11.111111640930176,41.17647171020508,0,0,10.526315689086914,0,0,0,0,11.111111640930176,21.052631378173828,100,0,0,0,0,66481098752,12884893696,1625542656,0
99,1780596620769,57419.79949951172,4700,1,0.3062499999999999,6934.964859008789,4700,1,0.3062499999999999,6797.908294677734,4700,1,0.3062499999999999,12118.306289672852,4700,1,0.3062499999999999,45668.48825073242,4700,1,0.3062499999999999,37825.39613342285,4700,1,0.3062499999999999,47045.057846069336,4700,1,0.3062499999999999,29590.16761779785,4700,1,0.3062499999999999,7272.170455932617,4700,1,0.3062499999999999,7161.314605712891,4700,1,0.3062499999999999,6752.220443725586,4700,1,0.3062499999999999,6969.98974609375,4700,1,0.3062499999999999,11450.617660522461,3007,3007,3007,3007,3007,3007,3007,3007,3007,3007,3007,3007,4690,4691,3007,3007,3007,4690,3007,3007,3007,3007,3007,4690,94.11764526367188,0,0,0,10,5.263157844543457,10,20,11.111111640930176,41.17647171020508,0,0,10.526315689086914,0,0,0,0,11.111111640930176,21.052631378173828,100,0,0,0,0,66481098752,12884893696,1625915392,0
99,1780596620869,57420.47933959961,4700,1,0.30000000000000004,6934.96794128418,4700,1,0.3062499999999999,6797.911376953125,4700,1,0.3062499999999999,12118.525573730469,4700,1,0.30000000000000004,45668.84735107422,4700,1,0.30000000000000004,37825.69967651367,4700,1,0.30000000000000004,47045.44233703613,4700,1,0.30000000000000004,29590.948501586914,4700,1,0.30000000000000004,7272.173568725586,4700,1,0.30000000000000004,7161.317687988281,4700,1,0.30000000000000004,6752.223571777344,4700,1,0.30000000000000004,6969.992858886719,4700,1,0.30000000000000004,11456.31770324707,3007,3007,3007,3007,3007,3007,3007,3007,3007,3007,3007,3007,4690,4691,3007,3007,3007,4690,3007,3007,3007,3007,3007,4690,90,0,0,0,5,14.285715103149414,11.111111640930176,0,20,47.619049072265625,0,0,14.285715103149414,0,0,0,0,20,20,100,0,0,0,0,66481098752,12884893696,1630552064,0
99,1780596620969,57421.146255493164,4700,1,0.30000000000000004,6934.97102355957,4700,1,0.30000000000000004,6797.914535522461,4700,1,0.30000000000000004,12118.81088256836,4700,1,0.30000000000000004,45669.154861450195,4700,1,0.30000000000000004,37826.050704956055,4700,1,0.30000000000000004,47045.72090148926,4700,1,0.30000000000000004,29591.70832824707,4700,1,0.30000000000000004,7272.176651000977,4700,1,0.30000000000000004,7161.320739746094,4700,1,0.30000000000000004,6752.226699829102,4700,1,0.30000000000000004,6969.995941162109,4700,1,0.30000000000000004,11462.006088256836,3007,3007,3007,3007,3007,3007,3007,3007,3007,3007,3007,3007,4690,4691,3007,3007,3007,4690,3007,3007,3007,3007,3007,4690,90,0,0,0,5,14.285715103149414,11.111111640930176,0,20,47.619049072265625,0,0,14.285715103149414,0,0,0,0,20,20,100,0,0,0,0,66481098752,12884893696,1630162944,0
99,1780596621069,57421.783615112305,4700,1,0.3062499999999999,6934.974105834961,4700,1,0.3062499999999999,6797.91764831543,4700,1,0.3062499999999999,12119.066680908203,4700,1,0.3062499999999999,45669.497955322266,4700,1,0.3062499999999999,37826.284759521484,4700,1,0.3062499999999999,47046.06932067871,4700,1,0.3062499999999999,29592.496047973633,4700,1,0.3062499999999999,7272.179794311523,4700,1,0.3062499999999999,7161.323883056641,4700,1,0.3062499999999999,6752.229782104492,4700,1,0.3062499999999999,6969.998992919922,4700,1,0.3062499999999999,11467.610244750977,3007,3007,3007,3007,3007,3007,3007,3007,3007,3007,3007,3007,4690,4691,3007,3007,3007,4690,3007,3007,3007,3007,3007,4690,94.11764526367188,0,0,0,0,5.555555820465088,10.526315689086914,5,20,50,0,0,20,0,0,0,0,11.111111640930176,5.263157844543457,100,0,0,0,0,66481098752,12884893696,1629462528,0
99,1780596621169,57422.437103271484,4700,1,0.30000000000000004,6934.977157592773,4700,1,0.30000000000000004,6797.920700073242,4700,1,0.30000000000000004,12119.389083862305,4700,1,0.30000000000000004,45669.8352355957,4700,1,0.30000000000000004,37826.58885192871,4700,1,0.30000000000000004,47046.405014038086,4700,1,0.30000000000000004,29593.275634765625,4700,1,0.30000000000000004,7272.185195922852,4700,1,0.30000000000000004,7161.326965332031,4700,1,0.30000000000000004,6752.232864379883,4700,1,0.30000000000000004,6970.0020751953125,4700,1,0.30000000000000004,11473.280548095703,3007,3007,3007,3007,3007,3007,3007,3007,3007,3007,3007,3007,4690,4691,3007,3007,3007,4690,3007,3007,3007,3007,3007,4690,94.11764526367188,0,0,0,0,5.555555820465088,10.526315689086914,5,20,50,0,0,20,0,0,0,0,11.111111640930176,5.263157844543457,100,0,0,0,0,66481098752,12884893696,1626677248,0
99,1780596621269,57423.082290649414,4700,1,0.30000000000000004,6934.980239868164,4700,1,0.30000000000000004,6797.92399597168,4700,1,0.30000000000000004,12119.730499267578,4700,1,0.30000000000000004,45670.15409851074,4700,1,0.30000000000000004,37826.90946960449,4700,1,0.30000000000000004,47046.72904968262,4700,1,0.30000000000000004,29594.05406188965,4700,1,0.30000000000000004,7272.188446044922,4700,1,0.30000000000000004,7161.330108642578,4700,1,0.30000000000000004,6752.236129760742,4700,1,0.30000000000000004,6970.0052490234375,4700,1,0.30000000000000004,11478.965316772461,3007,3007,3007,3007,3007,3007,3007,3007,3007,3007,3007,3007,4690,4691,3007,3007,3007,4690,3007,3007,3007,3007,3007,4690,90,23.809524536132813,0,0,5,0,5.263157844543457,15.789472579956055,5.555555820465088,42.105262756347656,0,0,15.789472579956055,0,0,0,0,5.263157844543457,10,100,0,0,0,0,66481098752,12884893696,1626619904,0
99,1780596621369,57423.7392578125,4700,1,0.3062499999999999,6934.983352661133,4700,1,0.3062499999999999,6797.927139282227,4700,1,0.3062499999999999,12120.002349853516,4700,1,0.3062499999999999,45670.52243041992,4700,1,0.3062499999999999,37827.16857910156,4700,1,0.3062499999999999,47047.09939575195,4700,1,0.3062499999999999,29594.833862304688,4700,1,0.3062499999999999,7272.1915283203125,4700,1,0.3062499999999999,7161.333190917969,4700,1,0.3062499999999999,6752.239273071289,4700,1,0.3062499999999999,6970.0084228515625,4700,1,0.3062499999999999,11484.597412109375,3007,3007,3007,3007,3007,3007,3007,3007,3007,3007,3007,3007,4690,4691,3007,3007,3007,4690,3007,3007,3007,3007,3007,4690,90,23.809524536132813,0,0,5,0,5.263157844543457,15.789472579956055,5.555555820465088,42.105262756347656,0,0,15.789472579956055,0,0,0,0,5.263157844543457,10,100,0,0,0,0,66481098752,12884893696,1625145344,0
99,1780596621469,57424.379806518555,4700,1,0.30000000000000004,6934.986434936523,4700,1,0.3062499999999999,6797.930221557617,4700,1,0.3062499999999999,12120.261108398438,4700,1,0.30000000000000004,45670.903076171875,4700,1,0.3062499999999999,37827.4278717041,4700,1,0.3062499999999999,47047.458740234375,4700,1,0.3062499999999999,29595.619888305664,4700,1,0.3062499999999999,7272.19465637207,4700,1,0.3062499999999999,7161.336273193359,4700,1,0.3062499999999999,6752.24235534668,4700,1,0.3062499999999999,6970.011505126953,4700,1,0.3062499999999999,11490.22492980957,3007,3007,3007,3007,3007,3007,3007,3007,3007,3007,3007,3007,4690,4691,3007,3007,3007,4690,3007,3007,3007,3007,3007,4690,94.73684692382813,0,0,0,4.761904716491699,10.526315689086914,15.000000953674316,10.526315689086914,20,44.4444465637207,0,0,21.052631378173828,0,0,0,0,0,5.555555820465088,100,0,0,0,0,66481098752,12884893696,1633153024,0
99,1780596621569,57425.018630981445,4700,1,0.3062499999999999,6934.989517211914,4700,1,0.3062499999999999,6797.933303833008,4700,1,0.3062499999999999,12120.625061035156,4700,1,0.3062499999999999,45671.20750427246,4700,1,0.3062499999999999,37827.60975646973,4700,1,0.3062499999999999,47047.837158203125,4700,1,0.3062499999999999,29596.401290893555,4700,1,0.3062499999999999,7272.197799682617,4700,1,0.3062499999999999,7161.339431762695,4700,1,0.3062499999999999,6752.24543762207,4700,1,0.3062499999999999,6970.014587402344,4700,1,0.3062499999999999,11495.842529296875,3007,3007,3007,3007,3007,3007,3007,3007,3007,3007,3007,3007,4690,4691,3007,3007,3007,4690,3007,3007,3007,3007,3007,4690,94.73684692382813,0,0,0,4.761904716491699,10.526315689086914,15.000000953674316,10.526315689086914,20,44.4444465637207,0,0,21.052631378173828,0,0,0,0,0,5.555555820465088,100,0,0,0,0,66481098752,12884893696,1631748096,0
99,1780596621669,57425.679931640625,4700,1,0.3062499999999999,6934.992599487305,4700,1,0.3062499999999999,6797.936386108398,4700,1,0.3062499999999999,12120.93051147461,4700,1,0.3062499999999999,45671.63082885742,4700,1,0.3062499999999999,37827.91444396973,4700,1,0.3062499999999999,47048.218338012695,4700,1,0.3062499999999999,29597.147262573242,4700,1,0.3062499999999999,7272.206100463867,4700,1,0.3062499999999999,7161.342544555664,4700,1,0.3062499999999999,6752.248519897461,4700,1,0.3062499999999999,6970.017669677734,4700,1,0.3062499999999999,11501.662704467773,3007,3007,3007,3007,3007,3007,3007,3007,3007,3007,3007,3007,4690,4691,3007,3007,3007,4690,3007,3007,3007,3007,3007,4690,94.73684692382813,20,0,0,0,10,5.263157844543457,15.789472579956055,5.555555820465088,36.842105865478516,0,0,22.22222328186035,0,0,0,0,0,30.000001907348633,100,0,0,0,0,66481098752,12884893696,1628319744,0
99,1780596621770,57426.361267089844,4700,1,0.3062499999999999,6934.995651245117,4700,1,0.3062499999999999,6797.939498901367,4700,1,0.3062499999999999,12121.214767456055,4700,1,0.3062499999999999,45671.99719238281,4700,1,0.3062499999999999,37828.21858215332,4700,1,0.3062499999999999,47048.50704956055,4700,1,0.3062499999999999,29597.929946899414,4700,1,0.3062499999999999,7272.218338012695,4700,1,0.3062499999999999,7161.345642089844,4700,1,0.3062499999999999,6752.25163269043,4700,1,0.3062499999999999,6970.020751953125,4700,1,0.3062499999999999,11507.281280517578,3007,3007,3007,3007,3007,3007,3007,3007,3007,3007,3007,3007,4690,4691,3007,3007,3007,4690,3007,3007,3007,3007,3007,4690,94.73684692382813,20,0,0,0,10,5.263157844543457,15.789472579956055,5.555555820465088,36.842105865478516,0,0,22.22222328186035,0,0,0,0,0,30.000001907348633,100,0,0,0,0,66481098752,12884893696,1628241920,0
99,1780596621870,57427.07685852051,4700,1,0.30000000000000004,6934.998779296875,4700,1,0.30000000000000004,6797.942611694336,4700,1,0.30000000000000004,12121.478805541992,4700,1,0.30000000000000004,45672.33613586426,4700,1,0.30000000000000004,37828.51948547363,4700,1,0.30000000000000004,47048.78204345703,4700,1,0.30000000000000004,29598.716995239258,4700,1,0.30000000000000004,7272.221939086914,4700,1,0.30000000000000004,7161.3487548828125,4700,1,0.30000000000000004,6752.25471496582,4700,1,0.30000000000000004,6970.023834228516,4700,1,0.30000000000000004,11512.963500976563,3007,3007,3007,3007,3007,3007,3007,3007,3007,3007,3007,3007,4690,4691,3007,3007,3007,4690,3007,3007,3007,3007,3007,4690,90,5.555555820465088,0,0,0,0,25,21.052631378173828,10.526315689086914,47.36842346191406,0,0,10,0,0,0,0,0,10,100,0,0,0,0,66481098752,12884893696,1626103808,0
99,1780596621970,57427.718658447266,4700,1,0.3062499999999999,6935.001861572266,4700,1,0.3062499999999999,6797.945693969727,4700,1,0.3062499999999999,12121.856430053711,4700,1,0.3062499999999999,45672.64149475098,4700,1,0.3062499999999999,37828.714126586914,4700,1,0.3062499999999999,47049.0916595459,4700,1,0.3062499999999999,29599.505447387695,4700,1,0.3062499999999999,7272.225021362305,4700,1,0.3062499999999999,7161.351837158203,4700,1,0.3062499999999999,6752.257797241211,4700,1,0.3062499999999999,6970.026916503906,4700,1,0.3062499999999999,11518.542907714844,3007,3007,3007,3007,3007,3007,3007,3007,3007,3007,3007,3007,4690,4691,3007,3007,3007,4690,3007,3007,3007,3007,3007,4690,90,5.555555820465088,0,0,0,0,25,21.052631378173828,10.526315689086914,47.36842346191406,0,0,10,0,0,0,0,0,10,100,0,0,0,0,66481098752,12884893696,1626599424,0
99,1780596622070,57428.413330078125,4700,1,0.3062499999999999,6935.004943847656,4700,1,0.3062499999999999,6797.948776245117,4700,1,0.3062499999999999,12122.110397338867,4700,1,0.3062499999999999,45672.96984863281,4700,1,0.3062499999999999,37828.87803649902,4700,1,0.3062499999999999,47049.50508117676,4700,1,0.3062499999999999,29600.288955688477,4700,1,0.3062499999999999,7272.230499267578,4700,1,0.3062499999999999,7161.355010986328,4700,1,0.3062499999999999,6752.260986328125,4700,1,0.3062499999999999,6970.029998779297,4700,1,0.3062499999999999,11524.20620727539,3007,3007,3007,3007,3007,3007,3007,3007,3007,3007,3007,3007,4690,4691,3007,3007,3007,4690,3007,3007,3007,3007,3007,4690,94.73684692382813,10.526315689086914,0,0,0,20,22.22222328186035,0,14.285715103149414,41.17647171020508,0,0,0,0,0,0,0,0,21.052631378173828,100,0,0,0,0,66481098752,12884893696,1633435648,0
99,1780596622170,57429.15000915527,4700,1,0.3062499999999999,6935.008056640625,4700,1,0.3062499999999999,6797.951950073242,4700,1,0.3062499999999999,12122.472259521484,4700,1,0.3062499999999999,45673.204528808594,4700,1,0.3062499999999999,37829.18315124512,4700,1,0.3062499999999999,47049.90791320801,4700,1,0.3062499999999999,29601.0154876709,4700,1,0.3062499999999999,7272.241882324219,4700,1,0.3062499999999999,7161.358093261719,4700,1,0.3062499999999999,6752.264175415039,4700,1,0.3062499999999999,6970.033157348633,4700,1,0.3062499999999999,11529.927688598633,3007,3007,3007,3007,3007,3007,3007,3007,3007,3007,3007,3007,4690,4691,3007,3007,3007,4690,3007,3007,3007,3007,3007,4690,94.73684692382813,10.526315689086914,0,0,0,20,22.22222328186035,0,14.285715103149414,41.17647171020508,0,0,0,0,0,0,0,0,21.052631378173828,100,0,0,0,0,66481098752,12884893696,1633677312,0
99,1780596622270,57429.81169128418,4700,1,0.3062499999999999,6935.011138916016,4700,1,0.3062499999999999,6797.955184936523,4700,1,0.3062499999999999,12122.802841186523,4700,1,0.3062499999999999,45673.57295227051,4700,1,0.3062499999999999,37829.436462402344,4700,1,0.3062499999999999,47050.20674133301,4700,1,0.3062499999999999,29601.801055908203,4700,1,0.3062499999999999,7272.245086669922,4700,1,0.3062499999999999,7161.361236572266,4700,1,0.3062499999999999,6752.267440795898,4700,1,0.3062499999999999,6970.036315917969,4700,1,0.3062499999999999,11535.652374267578,3007,3007,3007,3007,3007,3007,3007,3007,3007,3007,3007,3007,4690,4691,3007,3007,3007,4690,3007,3007,3007,3007,3007,4690,94.73684692382813,20,0,0,0,10.526315689086914,0,0,10.526315689086914,40,0,0,15.789472579956055,0,0,0,0,14.285715103149414,16.666667938232422,100,0,0,0,0,66481098752,12884893696,1630289920,0
99,1780596622370,57430.473571777344,4700,1,0.3062499999999999,6935.014221191406,4700,1,0.3062499999999999,6797.958297729492,4700,1,0.3062499999999999,12123.042007446289,4700,1,0.3062499999999999,45673.93476867676,4700,1,0.3062499999999999,37829.74198913574,4700,1,0.3062499999999999,47050.55505371094,4700,1,0.3062499999999999,29602.572845458984,4700,1,0.3062499999999999,7272.248321533203,4700,1,0.3062499999999999,7161.364318847656,4700,1,0.3062499999999999,6752.270523071289,4700,1,0.3062499999999999,6970.039398193359,4700,1,0.3062499999999999,11541.351104736328,3007,3007,3007,3007,3007,3007,3007,3007,3007,3007,3007,3007,4690,4691,3007,3007,3007,4690,3007,3007,3007,3007,3007,4690,94.73684692382813,20,0,0,0,10.526315689086914,0,0,10.526315689086914,40,0,0,15.789472579956055,0,0,0,0,14.285715103149414,16.666667938232422,100,0,0,0,0,66481098752,12884893696,1628307456,0
99,1780596622470,57431.21257019043,4700,1,0.3062499999999999,6935.017303466797,4700,1,0.3062499999999999,6797.961380004883,4700,1,0.3062499999999999,12123.401992797852,4700,1,0.3062499999999999,45674.2978515625,4700,1,0.3062499999999999,37830.09150695801,4700,1,0.3062499999999999,47050.94120788574,4700,1,0.3062499999999999,29603.260696411133,4700,1,0.3062499999999999,7272.251571655273,4700,1,0.3062499999999999,7161.367370605469,4700,1,0.3062499999999999,6752.27360534668,4700,1,0.3062499999999999,6970.04248046875,4700,1,0.3062499999999999,11547.252136230469,3007,3007,3007,3007,3007,3007,3007,3007,3007,3007,3007,3007,4690,4691,3007,3007,3007,4690,3007,3007,3007,3007,3007,4690,94.73684692382813,10,0,0,5.263157844543457,5.555555820465088,22.72727394104004,15.000000953674316,5.555555820465088,26.3157901763916,0,0,25,0,0,0,0,15.789472579956055,21.052631378173828,100,0,0,0,0,66481098752,12884893696,1626947584,0
99,1780596622570,57431.85111999512,4700,1,0.30000000000000004,6935.020462036133,4700,1,0.30000000000000004,6797.964599609375,4700,1,0.30000000000000004,12123.734970092773,4700,1,0.30000000000000004,45674.678939819336,4700,1,0.30000000000000004,37830.45616149902,4700,1,0.30000000000000004,47050.982971191406,4700,1,0.30000000000000004,29604.05534362793,4700,1,0.30000000000000004,7272.26025390625,4700,1,0.30000000000000004,7161.377487182617,4700,1,0.30000000000000004,6752.276885986328,4700,1,0.30000000000000004,6970.045623779297,4700,1,0.30000000000000004,11552.742065429688,3007,3007,3007,3007,3007,3007,3007,3007,3007,3007,3007,3007,4690,4691,3007,3007,3007,4690,3007,3007,3007,3007,3007,4690,94.73684692382813,10,0,0,5.263157844543457,5.555555820465088,22.72727394104004,15.000000953674316,5.555555820465088,26.3157901763916,0,0,25,0,0,0,0,15.789472579956055,21.052631378173828,100,0,0,0,0,66481098752,12884893696,1626386432,0
99,1780596622670,57432.515060424805,4700,1,0.3062499999999999,6935.023544311523,4700,1,0.3062499999999999,6797.967819213867,4700,1,0.3062499999999999,12124.067199707031,4700,1,0.3062499999999999,45675.10330200195,4700,1,0.3062499999999999,37830.90301513672,4700,1,0.3062499999999999,47051.29051208496,4700,1,0.3062499999999999,29604.754348754883,4700,1,0.3062499999999999,7272.263854980469,4700,1,0.3062499999999999,7161.380569458008,4700,1,0.3062499999999999,6752.280120849609,4700,1,0.3062499999999999,6970.048767089844,4700,1,0.3062499999999999,11558.650360107422,3007,3007,3007,3007,3007,3007,3007,3007,3007,3007,3007,3007,4690,4691,3007,3007,3007,4690,3007,3007,3007,3007,3007,4690,95,10.526315689086914,0,0,0,10.526315689086914,16.666667938232422,15.789472579956055,5.263157844543457,30.000001907348633,0,0,15.789472579956055,0,0,0,0,28.571430206298828,19.047618865966797,100,0,0,0,0,66481098752,12884893696,1632403456,0
99,1780596622770,57433.188049316406,4700,1,0.3062499999999999,6935.026626586914,4700,1,0.3062499999999999,6797.970901489258,4700,1,0.3062499999999999,12124.374038696289,4700,1,0.3062499999999999,45675.52310180664,4700,1,0.3062499999999999,37831.35659790039,4700,1,0.3062499999999999,47051.75965881348,4700,1,0.3062499999999999,29605.422622680664,4700,1,0.3062499999999999,7272.272247314453,4700,1,0.3062499999999999,7161.383712768555,4700,1,0.3062499999999999,6752.283264160156,4700,1,0.3062499999999999,6970.051849365234,4700,1,0.3062499999999999,11564.647933959961,3007,3007,3007,3007,3007,3007,3007,3007,3007,3007,3007,3007,4690,4691,3007,3007,3007,4690,3007,3007,3007,3007,3007,4690,95,10.526315689086914,0,0,0,10.526315689086914,16.666667938232422,15.789472579956055,5.263157844543457,30.000001907348633,0,0,15.789472579956055,0,0,0,0,28.571430206298828,19.047618865966797,100,0,0,0,0,66481098752,12884893696,1631555584,0
99,1780596622870,57433.82504272461,4700,1,0.3062499999999999,6935.029708862305,4700,1,0.3062499999999999,6797.973983764648,4700,1,0.3062499999999999,12124.450592041016,4700,1,0.3062499999999999,45675.92980957031,4700,1,0.3062499999999999,37831.7140045166,4700,1,0.3062499999999999,47052.0945892334,4700,1,0.3062499999999999,29606.215454101563,4700,1,0.3062499999999999,7272.275390625,4700,1,0.3062499999999999,7161.386795043945,4700,1,0.3062499999999999,6752.286346435547,4700,1,0.3062499999999999,6970.054931640625,4700,1,0.3062499999999999,11570.283172607422,3007,3007,3007,3007,3007,3007,3007,3007,3007,3007,3007,3007,4690,4691,3007,3007,3007,4690,3007,3007,3007,3007,3007,4690,95,0,0,0,0,14.285715103149414,21.052631378173828,30.000001907348633,23.809524536132813,22.22222328186035,0,0,20,0,0,0,0,15.789472579956055,20,100,0,0,0,0,66481098752,12884893696,1629642752,0
99,1780596622970,57434.4626159668,4700,1,0.3062499999999999,6935.032791137695,4700,1,0.3062499999999999,6797.977127075195,4700,1,0.3062499999999999,12124.678283691406,4700,1,0.3062499999999999,45676.287185668945,4700,1,0.3062499999999999,37832.043380737305,4700,1,0.3062499999999999,47052.41418457031,4700,1,0.3062499999999999,29607.002227783203,4700,1,0.3062499999999999,7272.278472900391,4700,1,0.3062499999999999,7161.389877319336,4700,1,0.3062499999999999,6752.289535522461,4700,1,0.3062499999999999,6970.058044433594,4700,1,0.3062499999999999,11575.965133666992,3007,3007,3007,3007,3007,3007,3007,3007,3007,3007,3007,3007,4690,4691,3007,3007,3007,4690,3007,3007,3007,3007,3007,4690,95,0,0,0,0,14.285715103149414,21.052631378173828,30.000001907348633,23.809524536132813,22.22222328186035,0,0,20,0,0,0,0,15.789472579956055,20,100,0,0,0,0,66481098752,12884893696,1628680192,0
99,1780596623070,57435.10009765625,4700,1,0.3062499999999999,6935.035873413086,4700,1,0.3062499999999999,6797.980209350586,4700,1,0.3062499999999999,12124.966232299805,4700,1,0.3062499999999999,45676.60302734375,4700,1,0.3062499999999999,37832.38151550293,4700,1,0.3062499999999999,47052.6907043457,4700,1,0.3062499999999999,29607.793533325195,4700,1,0.3062499999999999,7272.28515625,4700,1,0.3062499999999999,7161.393096923828,4700,1,0.3062499999999999,6752.29264831543,4700,1,0.3062499999999999,6970.061126708984,4700,1,0.3062499999999999,11581.611419677734,3007,3007,3007,3007,3007,3007,3007,3007,3007,3007,3007,3007,4690,4691,3007,3007,3007,4690,3007,3007,3007,3007,3007,4690,89.47368621826172,0,0,0,0,10.526315689086914,10.526315689086914,25,10,47.36842346191406,0,0,15.789472579956055,0,0,0,0,4.761904716491699,10.526315689086914,100,0,0,0,0,66481098752,12884893696,1627062272,0
99,1780596623170,57435.746673583984,4700,1,0.3062499999999999,6935.039031982422,4700,1,0.3062499999999999,6797.983291625977,4700,1,0.3062499999999999,12125.205657958984,4700,1,0.3062499999999999,45676.975509643555,4700,1,0.3062499999999999,37832.76208496094,4700,1,0.3062499999999999,47052.922927856445,4700,1,0.3062499999999999,29608.566696166992,4700,1,0.3062499999999999,7272.291473388672,4700,1,0.3062499999999999,7161.396148681641,4700,1,0.3062499999999999,6752.295700073242,4700,1,0.3062499999999999,6970.064208984375,4700,1,0.3062499999999999,11587.328521728516,3007,3007,3007,3007,3007,3007,3007,3007,3007,3007,3007,3007,4690,4691,3007,3007,3007,4690,3007,3007,3007,3007,3007,4690,89.47368621826172,0,0,0,0,10.526315689086914,10.526315689086914,25,10,47.36842346191406,0,0,15.789472579956055,0,0,0,0,4.761904716491699,10.526315689086914,100,0,0,0,0,66481098752,12884893696,1626198016,0
99,1780596623270,57436.401138305664,4700,1,0.3062499999999999,6935.042083740234,4700,1,0.3062499999999999,6797.98649597168,4700,1,0.3062499999999999,12125.544692993164,4700,1,0.3062499999999999,45677.29585266113,4700,1,0.3062499999999999,37833.17013549805,4700,1,0.3062499999999999,47053.203048706055,4700,1,0.3062499999999999,29609.335571289063,4700,1,0.3062499999999999,7272.294815063477,4700,1,0.3062499999999999,7161.3992919921875,4700,1,0.3062499999999999,6752.298980712891,4700,1,0.3062499999999999,6970.067321777344,4700,1,0.3062499999999999,11593.011093139648,3007,3007,3007,3007,3007,3007,3007,3007,3007,3007,3007,3007,4690,4691,3007,3007,3007,4690,3007,3007,3007,3007,3007,4690,94.73684692382813,10,0,0,4.761904716491699,5.555555820465088,20,16.666667938232422,10,38.88888931274414,0,0,15.789472579956055,0,0,0,0,10.526315689086914,15.000000953674316,100,0,0,0,0,66481098752,12884893696,1631473664,0
99,1780596623370,57437.08288574219,4700,1,0.3062499999999999,6935.045166015625,4700,1,0.3062499999999999,6797.989669799805,4700,1,0.3062499999999999,12125.932113647461,4700,1,0.3062499999999999,45677.64489746094,4700,1,0.3062499999999999,37833.54104614258,4700,1,0.3062499999999999,47053.497634887695,4700,1,0.3062499999999999,29610.101989746094,4700,1,0.3062499999999999,7272.297958374023,4700,1,0.3062499999999999,7161.402374267578,4700,1,0.3062499999999999,6752.302154541016,4700,1,0.3062499999999999,6970.070404052734,4700,1,0.3062499999999999,11598.79702758789,3007,3007,3007,3007,3007,3007,3007,3007,3007,3007,3007,3007,4690,4691,3007,3007,3007,4690,3007,3007,3007,3007,3007,4690,94.73684692382813,10,0,0,4.761904716491699,5.555555820465088,20,16.666667938232422,10,38.88888931274414,0,0,15.789472579956055,0,0,0,0,10.526315689086914,15.000000953674316,100,0,0,0,0,66481098752,12884893696,1629896704,0
99,1780596623470,57437.746978759766,4700,1,0.3062499999999999,6935.048248291016,4700,1,0.3062499999999999,6797.992752075195,4700,1,0.3062499999999999,12126.281555175781,4700,1,0.3062499999999999,45677.93444824219,4700,1,0.3062499999999999,37833.9130859375,4700,1,0.3062499999999999,47053.837158203125,4700,1,0.3062499999999999,29610.864532470703,4700,1,0.3062499999999999,7272.301162719727,4700,1,0.3062499999999999,7161.405456542969,4700,1,0.3062499999999999,6752.305236816406,4700,1,0.3062499999999999,6970.073486328125,4700,1,0.3062499999999999,11604.542663574219,3007,3007,3007,3007,3007,3007,3007,3007,3007,3007,3007,3007,4690,4691,3007,3007,3007,4690,3007,3007,3007,3007,3007,4690,94.44444274902344,0,0,0,14.285715103149414,25,15.000000953674316,15.789472579956055,5.555555820465088,30.000001907348633,0,0,10,0,0,0,0,16.666667938232422,14.285715103149414,100,0,0,0,0,66481098752,12884893696,1629777920,0
99,1780596623570,57438.412338256836,4700,1,0.3062499999999999,6935.051330566406,4700,1,0.3062499999999999,6797.995834350586,4700,1,0.3062499999999999,12126.65380859375,4700,1,0.3062499999999999,45678.29446411133,4700,1,0.3062499999999999,37834.354721069336,4700,1,0.3062499999999999,47054.06034851074,4700,1,0.3062499999999999,29611.600540161133,4700,1,0.3062499999999999,7272.313064575195,4700,1,0.3062499999999999,7161.408599853516,4700,1,0.3062499999999999,6752.3116455078125,4700,1,0.3062499999999999,6970.076568603516,4700,1,0.3062499999999999,11610.270629882813,3007,3007,3007,3007,3007,3007,3007,3007,3007,3007,3007,3007,4690,4691,3007,3007,3007,4690,3007,3007,3007,3007,3007,4690,94.44444274902344,0,0,0,14.285715103149414,25,15.000000953674316,15.789472579956055,5.555555820465088,30.000001907348633,0,0,10,0,0,0,0,16.666667938232422,14.285715103149414,100,0,0,0,0,66481098752,12884893696,1628950528,0
99,1780596623670,57439.07481384277,4700,1,0.30000000000000004,6935.054412841797,4700,1,0.30000000000000004,6797.998916625977,4700,1,0.3062499999999999,12126.99819946289,4700,1,0.30000000000000004,45678.729400634766,4700,1,0.30000000000000004,37834.74203491211,4700,1,0.30000000000000004,47054.50444030762,4700,1,0.30000000000000004,29612.283493041992,4700,1,0.30000000000000004,7272.319885253906,4700,1,0.30000000000000004,7161.411682128906,4700,1,0.30000000000000004,6752.314758300781,4700,1,0.30000000000000004,6970.079650878906,4700,1,0.30000000000000004,11616.187713623047,3007,3007,3007,3007,3007,3007,3007,3007,3007,3007,3007,3007,4690,4691,3007,3007,3007,4690,3007,3007,3007,3007,3007,4690,95,10,0,0,0,15.789472579956055,25,11.111111640930176,23.809524536132813,15.789472579956055,0,0,20,0,0,0,0,25,10.526315689086914,100,0,0,0,0,66481098752,12884893696,1626058752,0
99,1780596623771,57439.71440124512,4700,1,0.3062499999999999,6935.0574951171875,4700,1,0.3062499999999999,6798.002090454102,4700,1,0.3062499999999999,12127.23616027832,4700,1,0.3062499999999999,45679.09223937988,4700,1,0.3062499999999999,37835.07846069336,4700,1,0.3062499999999999,47054.80766296387,4700,1,0.3062499999999999,29613.064697265625,4700,1,0.3062499999999999,7272.3231201171875,4700,1,0.3062499999999999,7161.414794921875,4700,1,0.3062499999999999,6752.317901611328,4700,1,0.3062499999999999,6970.082733154297,4700,1,0.3062499999999999,11621.853378295898,3007,3007,3007,3007,3007,3007,3007,3007,3007,3007,3007,3007,4690,4691,3007,3007,3007,4690,3007,3007,3007,3007,3007,4690,95,10,0,0,0,15.789472579956055,25,11.111111640930176,23.809524536132813,15.789472579956055,0,0,20,0,0,0,0,25,10.526315689086914,100,0,0,0,0,66481098752,12884893696,1634111488,0
99,1780596623871,57440.37602233887,4700,1,0.3062499999999999,6935.060577392578,4700,1,0.3062499999999999,6798.005172729492,4700,1,0.3062499999999999,12127.483688354492,4700,1,0.3062499999999999,45679.43260192871,4700,1,0.3062499999999999,37835.4958190918,4700,1,0.3062499999999999,47055.06636047363,4700,1,0.3062499999999999,29613.84799194336,4700,1,0.3062499999999999,7272.3262939453125,4700,1,0.3062499999999999,7161.417877197266,4700,1,0.3062499999999999,6752.320983886719,4700,1,0.3062499999999999,6970.0858154296875,4700,1,0.3062499999999999,11627.490997314453,3007,3007,3007,3007,3007,3007,3007,3007,3007,3007,3007,3007,4690,4691,3007,3007,3007,4690,3007,3007,3007,3007,3007,4690,94.44444274902344,10,0,0,9.523809432983398,5,11.111111640930176,21.052631378173828,15.000000953674316,47.36842346191406,0,0,11.111111640930176,0,0,0,0,11.111111640930176,5,100,0,0,0,0,66481098752,12884893696,1631260672,0
99,1780596623971,57441.01916503906,4700,1,0.3062499999999999,6935.063629150391,4700,1,0.3062499999999999,6798.008224487305,4700,1,0.3062499999999999,12127.699920654297,4700,1,0.3062499999999999,45679.715896606445,4700,1,0.3062499999999999,37835.90824890137,4700,1,0.3062499999999999,47055.40042114258,4700,1,0.3062499999999999,29614.634201049805,4700,1,0.3062499999999999,7272.329376220703,4700,1,0.3062499999999999,7161.420959472656,4700,1,0.3062499999999999,6752.324066162109,4700,1,0.3062499999999999,6970.0888671875,4700,1,0.3062499999999999,11633.159637451172,3007,3007,3007,3007,3007,3007,3007,3007,3007,3007,3007,3007,4690,4691,3007,3007,3007,4690,3007,3007,3007,3007,3007,4690,94.44444274902344,10,0,0,9.523809432983398,5,11.111111640930176,21.052631378173828,15.000000953674316,47.36842346191406,0,0,11.111111640930176,0,0,0,0,11.111111640930176,5,100,0,0,0,0,66481098752,12884893696,1631014912,0
99,1780596624071,57441.67674255371,4700,1,0.30000000000000004,6935.066711425781,4700,1,0.30000000000000004,6798.011306762695,4700,1,0.30000000000000004,12127.853866577148,4700,1,0.30000000000000004,45680.03402709961,4700,1,0.30000000000000004,37836.30599975586,4700,1,0.30000000000000004,47055.76693725586,4700,1,0.30000000000000004,29615.41651916504,4700,1,0.30000000000000004,7272.332534790039,4700,1,0.30000000000000004,7161.424102783203,4700,1,0.30000000000000004,6752.327178955078,4700,1,0.30000000000000004,6970.091949462891,4700,1,0.30000000000000004,11638.822769165039,3007,3007,3007,3007,3007,3007,3007,3007,3007,3007,3007,3007,4690,4691,3007,3007,3007,4690,3007,3007,3007,3007,3007,4690,90,0,0,0,4.761904716491699,5.263157844543457,20,28.571430206298828,15.000000953674316,42.105262756347656,0,0,0,0,0,0,0,11.111111640930176,10.526315689086914,100,0,0,0,0,66481098752,12884893696,1627447296,0
99,1780596624171,57442.31510925293,4700,1,0.3062499999999999,6935.069793701172,4700,1,0.3062499999999999,6798.01448059082,4700,1,0.3062499999999999,12128.09945678711,4700,1,0.3062499999999999,45680.34223937988,4700,1,0.3062499999999999,37836.672592163086,4700,1,0.3062499999999999,47056.134216308594,4700,1,0.3062499999999999,29616.204040527344,4700,1,0.3062499999999999,7272.33561706543,4700,1,0.3062499999999999,7161.427185058594,4700,1,0.3062499999999999,6752.330322265625,4700,1,0.3062499999999999,6970.0950927734375,4700,1,0.3062499999999999,11644.47265625,3007,3007,3007,3007,3007,3007,3007,3007,3007,3007,3007,3007,4690,4691,3007,3007,3007,4690,3007,3007,3007,3007,3007,4690,90,0,0,0,4.761904716491699,5.263157844543457,20,28.571430206298828,15.000000953674316,42.105262756347656,0,0,0,0,0,0,0,11.111111640930176,10.526315689086914,100,0,0,0,0,66481098752,12884893696,1628053504,0
99,1780596624271,57442.95903015137,4700,1,0.3062499999999999,6935.0728759765625,4700,1,0.3062499999999999,6798.017761230469,4700,1,0.3062499999999999,12128.347869873047,4700,1,0.3062499999999999,45680.695373535156,4700,1,0.3062499999999999,37836.98715209961,4700,1,0.3062499999999999,47056.52540588379,4700,1,0.3062499999999999,29616.98094177246,4700,1,0.3062499999999999,7272.338806152344,4700,1,0.3062499999999999,7161.430358886719,4700,1,0.3062499999999999,6752.335357666016,4700,1,0.3062499999999999,6970.098236083984,4700,1,0.3062499999999999,11650.229721069336,3007,3007,3007,3007,3007,3007,3007,3007,3007,3007,3007,3007,4690,4691,3007,3007,3007,4690,3007,3007,3007,3007,3007,4690,94.73684692382813,5.263157844543457,0,0,0,5,15.789472579956055,19.047618865966797,15.789472579956055,33.333335876464844,0,0,9.523809432983398,0,0,0,0,15.000000953674316,25,100,0,0,0,0,66481098752,12884893696,1627070464,0
99,1780596624371,57443.59519958496,4700,1,0.30000000000000004,6935.075958251953,4700,1,0.3062499999999999,6798.020843505859,4700,1,0.3062499999999999,12128.598037719727,4700,1,0.30000000000000004,45681.01335144043,4700,1,0.30000000000000004,37837.31758117676,4700,1,0.30000000000000004,47056.89170837402,4700,1,0.30000000000000004,29617.77131652832,4700,1,0.30000000000000004,7272.341888427734,4700,1,0.30000000000000004,7161.433441162109,4700,1,0.30000000000000004,6752.338485717773,4700,1,0.30000000000000004,6970.10139465332,4700,1,0.3062499999999999,11655.89778137207,3007,3007,3007,3007,3007,3007,3007,3007,3007,3007,3007,3007,4690,4691,3007,3007,3007,4690,3007,3007,3007,3007,3007,4690,94.73684692382813,5.263157844543457,0,0,0,5,15.789472579956055,19.047618865966797,15.789472579956055,33.333335876464844,0,0,9.523809432983398,0,0,0,0,15.000000953674316,25,100,0,0,0,0,66481098752,12884893696,1632354304,0
99,1780596624471,57444.23094177246,4700,1,0.30000000000000004,6935.079040527344,4700,1,0.30000000000000004,6798.023956298828,4700,1,0.30000000000000004,12128.851669311523,4700,1,0.30000000000000004,45681.200927734375,4700,1,0.30000000000000004,37837.72384643555,4700,1,0.30000000000000004,47057.2784576416,4700,1,0.30000000000000004,29618.53741455078,4700,1,0.30000000000000004,7272.345001220703,4700,1,0.30000000000000004,7161.4365234375,4700,1,0.30000000000000004,6752.34162902832,4700,1,0.30000000000000004,6970.104507446289,4700,1,0.30000000000000004,11661.554779052734,3007,3007,3007,3007,3007,3007,3007,3007,3007,3007,3007,3007,4690,4691,3007,3007,3007,4690,3007,3007,3007,3007,3007,4690,90,5.555555820465088,0,0,0,5,10.526315689086914,0,23.809524536132813,44.4444465637207,0,0,10,0,0,0,0,21.052631378173828,21.052631378173828,100,0,0,0,0,66481098752,12884893696,1631035392,0
99,1780596624571,57444.8713684082,4700,1,0.3062499999999999,6935.082122802734,4700,1,0.3062499999999999,6798.027069091797,4700,1,0.3062499999999999,12128.879608154297,4700,1,0.3062499999999999,45681.60073852539,4700,1,0.3062499999999999,37838.10157775879,4700,1,0.3062499999999999,47057.61769104004,4700,1,0.3062499999999999,29619.32308959961,4700,1,0.3062499999999999,7272.352157592773,4700,1,0.3062499999999999,7161.439666748047,4700,1,0.3062499999999999,6752.344741821289,4700,1,0.3062499999999999,6970.10758972168,4700,1,0.3062499999999999,11667.184463500977,3007,3007,3007,3007,3007,3007,3007,3007,3007,3007,3007,3007,4690,4691,3007,3007,3007,4690,3007,3007,3007,3007,3007,4690,90,5.555555820465088,0,0,0,5,10.526315689086914,0,23.809524536132813,44.4444465637207,0,0,10,0,0,0,0,21.052631378173828,21.052631378173828,100,0,0,0,0,66481098752,12884893696,1630789632,0
99,1780596624671,57445.56703186035,4700,1,0.3062499999999999,6935.085174560547,4700,1,0.3062499999999999,6798.030120849609,4700,1,0.3062499999999999,12129.200592041016,4700,1,0.3062499999999999,45681.9543762207,4700,1,0.3062499999999999,37838.47982788086,4700,1,0.3062499999999999,47057.98466491699,4700,1,0.3062499999999999,29620.05632019043,4700,1,0.3062499999999999,7272.356689453125,4700,1,0.3062499999999999,7161.442718505859,4700,1,0.3062499999999999,6752.347793579102,4700,1,0.3062499999999999,6970.110641479492,4700,1,0.3062499999999999,11672.869354248047,3007,3007,3007,3007,3007,3007,3007,3007,3007,3007,3007,3007,4690,4691,3007,3007,3007,4690,3007,3007,3007,3007,3007,4690,94.44444274902344,4.761904716491699,0,0,0,5.555555820465088,15.000000953674316,5.263157844543457,0,35,0,0,21.052631378173828,0,0,0,0,5.882352828979492,16.666667938232422,100,0,0,0,0,66481098752,12884893696,1629519872,0
99,1780596624771,57446.219482421875,4700,1,0.3062499999999999,6935.0882568359375,4700,1,0.3062499999999999,6798.033218383789,4700,1,0.3062499999999999,12129.3896484375,4700,1,0.3062499999999999,45682.26368713379,4700,1,0.3062499999999999,37838.87001037598,4700,1,0.3062499999999999,47058.30680847168,4700,1,0.3062499999999999,29620.84523010254,4700,1,0.3062499999999999,7272.365982055664,4700,1,0.3062499999999999,7161.445861816406,4700,1,0.3062499999999999,6752.350936889648,4700,1,0.3062499999999999,6970.113723754883,4700,1,0.3062499999999999,11678.518157958984,3007,3007,3007,3007,3007,3007,3007,3007,3007,3007,3007,3007,4690,4691,3007,3007,3007,4690,3007,3007,3007,3007,3007,4690,94.44444274902344,4.761904716491699,0,0,0,5.555555820465088,15.000000953674316,5.263157844543457,0,35,0,0,21.052631378173828,0,0,0,0,5.882352828979492,16.666667938232422,100,0,0,0,0,66481098752,12884893696,1627373568,0
99,1780596624871,57446.872482299805,4700,1,0.3062499999999999,6935.091339111328,4700,1,0.3062499999999999,6798.036361694336,4700,1,0.3062499999999999,12129.553161621094,4700,1,0.3062499999999999,45682.63868713379,4700,1,0.3062499999999999,37839.30548095703,4700,1,0.3062499999999999,47058.620361328125,4700,1,0.3062499999999999,29621.610885620117,4700,1,0.3062499999999999,7272.371734619141,4700,1,0.3062499999999999,7161.448944091797,4700,1,0.3062499999999999,6752.354095458984,4700,1,0.3062499999999999,6970.116836547852,4700,1,0.3062499999999999,11684.224807739258,3007,3007,3007,3007,3007,3007,3007,3007,3007,3007,3007,3007,4690,4691,3007,3007,3007,4690,3007,3007,3007,3007,3007,4690,94.11764526367188,5.263157844543457,0,0,0,5,0,22.22222328186035,15.789472579956055,45,0,0,11.111111640930176,0,0,0,0,21.052631378173828,9.523809432983398,100,0,0,0,0,66481098752,12884893696,1625776128,0
99,1780596624971,57447.52333068848,4700,1,0.3062499999999999,6935.094421386719,4700,1,0.3062499999999999,6798.039443969727,4700,1,0.3062499999999999,12129.783950805664,4700,1,0.3062499999999999,45682.99221801758,4700,1,0.3062499999999999,37839.669174194336,4700,1,0.3062499999999999,47058.922912597656,4700,1,0.3062499999999999,29622.392852783203,4700,1,0.3062499999999999,7272.378341674805,4700,1,0.3062499999999999,7161.4520263671875,4700,1,0.3062499999999999,6752.357177734375,4700,1,0.3062499999999999,6970.119918823242,4700,1,0.3062499999999999,11689.885116577148,3007,3007,3007,3007,3007,3007,3007,3007,3007,3007,3007,3007,4690,4691,3007,3007,3007,4690,3007,3007,3007,3007,3007,4690,94.11764526367188,5.263157844543457,0,0,0,5,0,22.22222328186035,15.789472579956055,45,0,0,11.111111640930176,0,0,0,0,21.052631378173828,9.523809432983398,100,0,0,0,0,66481098752,12884893696,1627004928,0
99,1780596625071,57448.1650390625,4700,1,0.30000000000000004,6935.097503662109,4700,1,0.3062499999999999,6798.042526245117,4700,1,0.3062499999999999,12130.063842773438,4700,1,0.30000000000000004,45683.29916381836,4700,1,0.30000000000000004,37840.04473876953,4700,1,0.30000000000000004,47059.23239135742,4700,1,0.30000000000000004,29623.178802490234,4700,1,0.30000000000000004,7272.381851196289,4700,1,0.30000000000000004,7161.455184936523,4700,1,0.30000000000000004,6752.3607177734375,4700,1,0.3062499999999999,6970.123001098633,4700,1,0.3062499999999999,11695.563339233398,3007,3007,3007,3007,3007,3007,3007,3007,3007,3007,3007,3007,4690,4691,3007,3007,3007,4690,3007,3007,3007,3007,3007,4690,89.47368621826172,14.285715103149414,0,0,4.761904716491699,10,5.263157844543457,16.666667938232422,10,44.4444465637207,0,0,19.047618865966797,0,0,0,0,15.000000953674316,10.526315689086914,100,0,0,0,0,66481098752,12884893696,1627484160,0
99,1780596625171,57448.84141540527,4700,1,0.3062499999999999,6935.1005859375,4700,1,0.3062499999999999,6798.045654296875,4700,1,0.3062499999999999,12130.221969604492,4700,1,0.3062499999999999,45683.67922973633,4700,1,0.3062499999999999,37840.398193359375,4700,1,0.3062499999999999,47059.616287231445,4700,1,0.3062499999999999,29623.93016052246,4700,1,0.3062499999999999,7272.387557983398,4700,1,0.3062499999999999,7161.45832824707,4700,1,0.3062499999999999,6752.363800048828,4700,1,0.3062499999999999,6970.126083374023,4700,1,0.3062499999999999,11701.348709106445,3007,3007,3007,3007,3007,3007,3007,3007,3007,3007,3007,3007,4690,4691,3007,3007,3007,4690,3007,3007,3007,3007,3007,4690,89.47368621826172,14.285715103149414,0,0,4.761904716491699,10,5.263157844543457,16.666667938232422,10,44.4444465637207,0,0,19.047618865966797,0,0,0,0,15.000000953674316,10.526315689086914,100,0,0,0,0,66481098752,12884893696,1625325568,0
99,1780596625271,57449.50715637207,4700,1,0.3062499999999999,6935.103668212891,4700,1,0.3062499999999999,6798.049041748047,4700,1,0.3062499999999999,12130.471496582031,4700,1,0.3062499999999999,45684.06962585449,4700,1,0.3062499999999999,37840.71530151367,4700,1,0.3062499999999999,47059.93167114258,4700,1,0.3062499999999999,29624.699615478516,4700,1,0.3062499999999999,7272.398147583008,4700,1,0.3062499999999999,7161.461441040039,4700,1,0.3062499999999999,6752.3670654296875,4700,1,0.3062499999999999,6970.12922668457,4700,1,0.3062499999999999,11707.070037841797,3007,3007,3007,3007,3007,3007,3007,3007,3007,3007,3007,3007,4690,4691,3007,3007,3007,4690,3007,3007,3007,3007,3007,4690,95,0,0,0,5.263157844543457,10,25,5.263157844543457,10.526315689086914,36.842105865478516,0,0,19.047618865966797,0,0,0,0,5.882352828979492,21.052631378173828,100,0,0,0,0,66481098752,12884893696,1628753920,0
99,1780596625371,57450.173904418945,4700,1,0.3062499999999999,6935.106719970703,4700,1,0.3062499999999999,6798.052093505859,4700,1,0.3062499999999999,12130.73388671875,4700,1,0.3062499999999999,45684.411682128906,4700,1,0.3062499999999999,37841.04182434082,4700,1,0.3062499999999999,47060.29258728027,4700,1,0.3062499999999999,29625.480499267578,4700,1,0.3062499999999999,7272.401260375977,4700,1,0.3062499999999999,7161.46452331543,4700,1,0.3062499999999999,6752.3701171875,4700,1,0.3062499999999999,6970.132278442383,4700,1,0.3062499999999999,11712.667068481445,3007,3007,3007,3007,3007,3007,3007,3007,3007,3007,3007,3007,4690,4691,3007,3007,3007,4690,3007,3007,3007,3007,3007,4690,95,0,0,0,5.263157844543457,10,25,5.263157844543457,10.526315689086914,36.842105865478516,0,0,19.047618865966797,0,0,0,0,5.882352828979492,21.052631378173828,100,0,0,0,0,66481098752,12884893696,1626537984,0
99,1780596625471,57450.815521240234,4700,1,0.3062499999999999,6935.109802246094,4700,1,0.3062499999999999,6798.055191040039,4700,1,0.3062499999999999,12130.896347045898,4700,1,0.3062499999999999,45684.736267089844,4700,1,0.3062499999999999,37841.4367980957,4700,1,0.3062499999999999,47060.64488220215,4700,1,0.3062499999999999,29626.257034301758,4700,1,0.3062499999999999,7272.404861450195,4700,1,0.3062499999999999,7161.46760559082,4700,1,0.3062499999999999,6752.373199462891,4700,1,0.3062499999999999,6970.135360717773,4700,1,0.3062499999999999,11718.269989013672,3007,3007,3007,3007,3007,3007,3007,3007,3007,3007,3007,3007,4690,4691,3007,3007,3007,4690,3007,3007,3007,3007,3007,4690,94.11764526367188,14.285715103149414,0,0,0,5,15.000000953674316,20,15.789472579956055,42.105262756347656,0,0,0,0,0,0,0,15.000000953674316,19.047618865966797,100,0,0,0,0,66481098752,12884893696,1633787904,0
99,1780596625571,57451.46029663086,4700,1,0.3062499999999999,6935.112884521484,4700,1,0.3062499999999999,6798.05827331543,4700,1,0.3062499999999999,12131.172164916992,4700,1,0.3062499999999999,45685.04179382324,4700,1,0.3062499999999999,37841.78005981445,4700,1,0.3062499999999999,47061.04667663574,4700,1,0.3062499999999999,29627.023361206055,4700,1,0.3062499999999999,7272.408004760742,4700,1,0.3062499999999999,7161.470748901367,4700,1,0.3062499999999999,6752.376312255859,4700,1,0.3062499999999999,6970.138442993164,4700,1,0.3062499999999999,11723.980255126953,3007,3007,3007,3007,3007,3007,3007,3007,3007,3007,3007,3007,4690,4691,3007,3007,3007,4690,3007,3007,3007,3007,3007,4690,94.11764526367188,14.285715103149414,0,0,0,5,15.000000953674316,20,15.789472579956055,42.105262756347656,0,0,0,0,0,0,0,15.000000953674316,19.047618865966797,100,0,0,0,0,66481098752,12884893696,1632829440,0
99,1780596625672,57452.116439819336,4700,1,0.3062499999999999,6935.115966796875,4700,1,0.3062499999999999,6798.061447143555,4700,1,0.3062499999999999,12131.412231445313,4700,1,0.3062499999999999,45685.44519042969,4700,1,0.3062499999999999,37842.198303222656,4700,1,0.3062499999999999,47061.42939758301,4700,1,0.3062499999999999,29627.7509765625,4700,1,0.3062499999999999,7272.414398193359,4700,1,0.3062499999999999,7161.473831176758,4700,1,0.3062499999999999,6752.3795166015625,4700,1,0.3062499999999999,6970.141525268555,4700,1,0.3062499999999999,11729.802673339844,3007,3007,3007,3007,3007,3007,3007,3007,3007,3007,3007,3007,4690,4691,3007,3007,3007,4690,3007,3007,3007,3007,3007,4690,93.75,5.263157844543457,0,0,0,10.526315689086914,10.526315689086914,25,25,35,0,0,11.111111640930176,0,0,0,0,5.555555820465088,11.764705657958984,100,0,0,0,0,66481098752,12884893696,1631703040,0
99,1780596625772,57452.77462768555,4700,1,0.3062499999999999,6935.119049072266,4700,1,0.3062499999999999,6798.064529418945,4700,1,0.3062499999999999,12131.70735168457,4700,1,0.3062499999999999,45685.72065734863,4700,1,0.3062499999999999,37842.53239440918,4700,1,0.3062499999999999,47061.83508300781,4700,1,0.3062499999999999,29628.519622802734,4700,1,0.3062499999999999,7272.421447753906,4700,1,0.3062499999999999,7161.477035522461,4700,1,0.3062499999999999,6752.382629394531,4700,1,0.3062499999999999,6970.144607543945,4700,1,0.3062499999999999,11735.526657104492,3007,3007,3007,3007,3007,3007,3007,3007,3007,3007,3007,3007,4690,4691,3007,3007,3007,4690,3007,3007,3007,3007,3007,4690,93.75,5.263157844543457,0,0,0,10.526315689086914,10.526315689086914,25,25,35,0,0,11.111111640930176,0,0,0,0,5.555555820465088,11.764705657958984,100,0,0,0,0,66481098752,12884893696,1626124288,0
99,1780596625872,57453.42323303223,4700,1,0.30000000000000004,6935.122131347656,4700,1,0.30000000000000004,6798.067611694336,4700,1,0.30000000000000004,12131.9921875,4700,1,0.30000000000000004,45686.007736206055,4700,1,0.30000000000000004,37842.93183898926,4700,1,0.30000000000000004,47062.13668823242,4700,1,0.30000000000000004,29629.30714416504,4700,1,0.30000000000000004,7272.424652099609,4700,1,0.30000000000000004,7161.48014831543,4700,1,0.30000000000000004,6752.385711669922,4700,1,0.30000000000000004,6970.147689819336,4700,1,0.30000000000000004,11741.179214477539,3007,3007,3007,3007,3007,3007,3007,3007,3007,3007,3007,3007,4690,4691,3007,3007,3007,4690,3007,3007,3007,3007,3007,4690,89.47368621826172,10.526315689086914,0,0,9.090909004211426,5.263157844543457,5,26.3157901763916,5.555555820465088,35.29411697387695,0,0,5.555555820465088,0,0,0,0,14.285715103149414,23.809524536132813,100,0,0,0,0,66481098752,12884893696,1624403968,0
99,1780596625972,57454.05421447754,4700,1,0.30000000000000004,6935.125213623047,4700,1,0.30000000000000004,6798.070693969727,4700,1,0.30000000000000004,12132.34635925293,4700,1,0.30000000000000004,45686.29508972168,4700,1,0.30000000000000004,37843.23475646973,4700,1,0.30000000000000004,47062.4571685791,4700,1,0.30000000000000004,29630.0897064209,4700,1,0.30000000000000004,7272.427795410156,4700,1,0.30000000000000004,7161.48323059082,4700,1,0.30000000000000004,6752.3887939453125,4700,1,0.30000000000000004,6970.150772094727,4700,1,0.30000000000000004,11746.82063293457,3007,3007,3007,3007,3007,3007,3007,3007,3007,3007,3007,3007,4690,4691,3007,3007,3007,4690,3007,3007,3007,3007,3007,4690,89.47368621826172,10.526315689086914,0,0,9.090909004211426,5.263157844543457,5,26.3157901763916,5.555555820465088,35.29411697387695,0,0,5.555555820465088,0,0,0,0,14.285715103149414,23.809524536132813,100,0,0,0,0,66481098752,12884893696,1623871488,0
99,1780596626072,57454.69090270996,4700,1,0.30000000000000004,6935.128265380859,4700,1,0.30000000000000004,6798.0738525390625,4700,1,0.30000000000000004,12132.694717407227,4700,1,0.30000000000000004,45686.66929626465,4700,1,0.30000000000000004,37843.504791259766,4700,1,0.30000000000000004,47062.70486450195,4700,1,0.30000000000000004,29630.878677368164,4700,1,0.30000000000000004,7272.431213378906,4700,1,0.30000000000000004,7161.486343383789,4700,1,0.30000000000000004,6752.391952514648,4700,1,0.30000000000000004,6970.153823852539,4700,1,0.30000000000000004,11752.416030883789,3007,3007,3007,3007,3007,3007,3007,3007,3007,3007,3007,3007,4690,4691,3007,3007,3007,4690,3007,3007,3007,3007,3007,4690,94.11764526367188,0,0,0,0,11.111111640930176,25,0,4.761904716491699,50,0,0,10,0,0,0,0,23.809524536132813,15.789472579956055,100,0,0,0,0,66481098752,12884893696,1630486528,0
99,1780596626172,57455.350158691406,4700,1,0.3062499999999999,6935.13134765625,4700,1,0.3062499999999999,6798.076934814453,4700,1,0.3062499999999999,12133.009811401367,4700,1,0.3062499999999999,45687.055587768555,4700,1,0.3062499999999999,37843.89485168457,4700,1,0.3062499999999999,47063.030334472656,4700,1,0.3062499999999999,29631.614822387695,4700,1,0.3062499999999999,7272.434524536133,4700,1,0.3062499999999999,7161.48942565918,4700,1,0.3062499999999999,6752.395034790039,4700,1,0.3062499999999999,6970.156967163086,4700,1,0.3062499999999999,11758.168823242188,3007,3007,3007,3007,3007,3007,3007,3007,3007,3007,3007,3007,4690,4691,3007,3007,3007,4690,3007,3007,3007,3007,3007,4690,94.11764526367188,0,0,0,0,11.111111640930176,25,0,4.761904716491699,50,0,0,10,0,0,0,0,23.809524536132813,15.789472579956055,100,0,0,0,0,66481098752,12884893696,1629310976,0
99,1780596626272,57456.00816345215,4700,1,0.30000000000000004,6935.13444519043,4700,1,0.30000000000000004,6798.080215454102,4700,1,0.30000000000000004,12133.390838623047,4700,1,0.30000000000000004,45687.405700683594,4700,1,0.30000000000000004,37844.305252075195,4700,1,0.30000000000000004,47063.39147949219,4700,1,0.30000000000000004,29632.332611083984,4700,1,0.30000000000000004,7272.440643310547,4700,1,0.30000000000000004,7161.492568969727,4700,1,0.30000000000000004,6752.398300170898,4700,1,0.30000000000000004,6970.160110473633,4700,1,0.30000000000000004,11764.067794799805,3007,3007,3007,3007,3007,3007,3007,3007,3007,3007,3007,3007,4690,4691,3007,3007,3007,4690,3007,3007,3007,3007,3007,4690,95,15.789472579956055,0,0,0,5.263157844543457,21.052631378173828,15.789472579956055,20,28.571430206298828,0,0,5.555555820465088,0,0,0,0,21.052631378173828,11.111111640930176,100,0,0,0,0,66481098752,12884893696,1625935872,0
99,1780596626372,57456.70704650879,4700,1,0.3062499999999999,6935.13752746582,4700,1,0.3062499999999999,6798.083297729492,4700,1,0.3062499999999999,12133.547653198242,4700,1,0.3062499999999999,45687.80871582031,4700,1,0.3062499999999999,37844.60592651367,4700,1,0.3062499999999999,47063.67332458496,4700,1,0.3062499999999999,29633.138641357422,4700,1,0.3062499999999999,7272.443817138672,4700,1,0.3062499999999999,7161.495697021484,4700,1,0.3062499999999999,6752.401412963867,4700,1,0.3062499999999999,6970.163192749023,4700,1,0.3062499999999999,11769.677124023438,3007,3007,3007,3007,3007,3007,3007,3007,3007,3007,3007,3007,4690,4691,3007,3007,3007,4690,3007,3007,3007,3007,3007,4690,95,15.789472579956055,0,0,0,5.263157844543457,21.052631378173828,15.789472579956055,20,28.571430206298828,0,0,5.555555820465088,0,0,0,0,21.052631378173828,11.111111640930176,100,0,0,0,0,66481098752,12884893696,1631547392,0
99,1780596626472,57457.44110107422,4700,1,0.3062499999999999,6935.140609741211,4700,1,0.3062499999999999,6798.086441040039,4700,1,0.3062499999999999,12133.826187133789,4700,1,0.3062499999999999,45688.15760803223,4700,1,0.3062499999999999,37844.91116333008,4700,1,0.3062499999999999,47063.969635009766,4700,1,0.3062499999999999,29633.936599731445,4700,1,0.3062499999999999,7272.4468994140625,4700,1,0.3062499999999999,7161.498779296875,4700,1,0.3062499999999999,6752.404556274414,4700,1,0.3062499999999999,6970.166305541992,4700,1,0.3062499999999999,11775.45182800293,3007,3007,3007,3007,3007,3007,3007,3007,3007,3007,3007,3007,4690,4691,3007,3007,3007,4690,3007,3007,3007,3007,3007,4690,94.73684692382813,0,0,0,0,14.285715103149414,5,19.047618865966797,10,14.285715103149414,0,0,25,0,0,0,0,5.263157844543457,15.000000953674316,100,0,0,0,0,66481098752,12884893696,1639387136,0
99,1780596626572,57458.25205993652,4700,1,0.3062499999999999,6935.143814086914,4700,1,0.3062499999999999,6798.089584350586,4700,1,0.3062499999999999,12134.170272827148,4700,1,0.3062499999999999,45688.466232299805,4700,1,0.3062499999999999,37845.21896362305,4700,1,0.3062499999999999,47064.29379272461,4700,1,0.3062499999999999,29634.700912475586,4700,1,0.3062499999999999,7272.450622558594,4700,1,0.3062499999999999,7161.545120239258,4700,1,0.3062499999999999,6752.432357788086,4700,1,0.3062499999999999,6970.213562011719,4700,1,0.3062499999999999,11781.399536132813,3007,3007,3007,3007,3007,3007,3007,3007,3007,3007,3007,3007,4690,4691,3007,3007,3007,4690,3007,3007,3007,3007,3007,4690,94.73684692382813,0,0,0,0,14.285715103149414,5,19.047618865966797,10,14.285715103149414,0,0,25,0,0,0,0,5.263157844543457,15.000000953674316,100,0,0,0,0,66481098752,12884893696,1645359104,0
99,1780596626672,57459.04725646973,4700,1,0.3062499999999999,6935.146896362305,4700,1,0.3062499999999999,6798.092666625977,4700,1,0.3062499999999999,12134.47543334961,4700,1,0.3062499999999999,45688.72233581543,4700,1,0.3062499999999999,37845.492935180664,4700,1,0.3062499999999999,47064.55374145508,4700,1,0.3062499999999999,29635.472930908203,4700,1,0.3062499999999999,7272.453674316406,4700,1,0.3062499999999999,7161.54817199707,4700,1,0.3062499999999999,6752.435440063477,4700,1,0.3062499999999999,6970.216644287109,4700,1,0.3062499999999999,11786.91145324707,3007,3007,3007,3007,3007,3007,3007,3007,3007,3007,3007,3007,4690,4691,3007,3007,3007,4690,3007,3007,3007,3007,3007,4690,100,0,0,0,21.052631378173828,0,5.263157844543457,5.263157844543457,10,0,0,0,14.285715103149414,0,4.761904716491699,0,0,15.000000953674316,20,90.90909576416016,0,0,0,0,66481098752,12884893696,1651924992,0
99,1780596626772,57459.82177734375,4700,1,0.30000000000000004,6935.149948120117,4700,1,0.30000000000000004,6798.095718383789,4700,1,0.30000000000000004,12134.786102294922,4700,1,0.30000000000000004,45688.990478515625,4700,1,0.30000000000000004,37845.77412414551,4700,1,0.30000000000000004,47064.84413146973,4700,1,0.30000000000000004,29636.259826660156,4700,1,0.30000000000000004,7272.464279174805,4700,1,0.30000000000000004,7161.551315307617,4700,1,0.30000000000000004,6752.438552856445,4700,1,0.30000000000000004,6970.2197265625,4700,1,0.30000000000000004,11792.509811401367,3007,3007,3007,3007,3007,3007,3007,3007,3007,3007,3007,3007,4690,4691,3007,3007,3007,4690,3007,3007,3007,3007,3007,4690,100,0,0,0,21.052631378173828,0,5.263157844543457,5.263157844543457,10,0,0,0,14.285715103149414,0,4.761904716491699,0,0,15.000000953674316,20,90.90909576416016,0,0,0,0,66481098752,12884893696,1657765888,0
99,1780596626872,57460.60368347168,4700,1,0.3062499999999999,6935.153045654297,4700,1,0.3062499999999999,6798.098861694336,4700,1,0.3062499999999999,12135.04801940918,4700,1,0.3062499999999999,45689.26747131348,4700,1,0.3062499999999999,37846.074935913086,4700,1,0.3062499999999999,47065.12837219238,4700,1,0.3062499999999999,29637.046279907227,4700,1,0.3062499999999999,7272.467376708984,4700,1,0.3062499999999999,7161.554397583008,4700,1,0.3062499999999999,6752.44172668457,4700,1,0.3062499999999999,6970.222869873047,4700,1,0.3062499999999999,11798.11083984375,3007,3007,3007,3007,3007,3007,3007,3007,3007,3007,3007,3007,4690,4691,3007,3007,3007,4690,3007,3007,3007,3007,3007,4690,100,15.000000953674316,0,0,15.000000953674316,14.285715103149414,5.555555820465088,0,5,0,0,0,9.523809432983398,0,0,0,0,10,0,100,0,0,0,0,66481098752,12884893696,1664794624,0
99,1780596626972,57461.391860961914,4700,1,0.3062499999999999,6935.1561279296875,4700,1,0.3062499999999999,6798.101943969727,4700,1,0.3062499999999999,12135.341018676758,4700,1,0.3062499999999999,45689.54504394531,4700,1,0.3062499999999999,37846.350814819336,4700,1,0.3062499999999999,47065.41426086426,4700,1,0.3062499999999999,29637.834106445313,4700,1,0.3062499999999999,7272.470458984375,4700,1,0.3062499999999999,7161.557479858398,4700,1,0.3062499999999999,6752.444839477539,4700,1,0.3062499999999999,6970.2259521484375,4700,1,0.3062499999999999,11803.728424072266,3007,3007,3007,3007,3007,3007,3007,3007,3007,3007,3007,3007,4690,4691,3007,3007,3007,4690,3007,3007,3007,3007,3007,4690,100,15.000000953674316,0,0,15.000000953674316,14.285715103149414,5.555555820465088,0,5,0,0,0,9.523809432983398,0,0,0,0,10,0,100,0,0,0,0,66481098752,12884893696,1664610304,0
99,1780596627072,57462.129821777344,4700,1,0.3062499999999999,6935.159210205078,4700,1,0.3062499999999999,6798.105026245117,4700,1,0.3062499999999999,12135.588958740234,4700,1,0.3062499999999999,45689.86848449707,4700,1,0.3062499999999999,37846.62190246582,4700,1,0.3062499999999999,47065.72850036621,4700,1,0.3062499999999999,29638.63934326172,4700,1,0.3062499999999999,7272.474060058594,4700,1,0.3062499999999999,7161.560653686523,4700,1,0.3062499999999999,6752.447937011719,4700,1,0.3062499999999999,6970.229034423828,4700,1,0.3062499999999999,11809.408981323242,3007,3007,3007,3007,3007,3007,3007,3007,3007,3007,3007,3007,4690,4691,3007,3007,3007,4690,3007,3007,3007,3007,3007,4690,100,10,0,0,10,5,0,14.285715103149414,10.526315689086914,0,0,0,10.526315689086914,0,0,0,0,0,0,100,0,0,0,0,66481098752,12884893696,1669312512,0
99,1780596627172,57462.856201171875,4700,1,0.3062499999999999,6935.162292480469,4700,1,0.3062499999999999,6798.108154296875,4700,1,0.3062499999999999,12135.795715332031,4700,1,0.3062499999999999,45690.1653137207,4700,1,0.3062499999999999,37846.85710144043,4700,1,0.3062499999999999,47066.03855895996,4700,1,0.3062499999999999,29639.477279663086,4700,1,0.3062499999999999,7272.477569580078,4700,1,0.3062499999999999,7161.563735961914,4700,1,0.3062499999999999,6752.451019287109,4700,1,0.3062499999999999,6970.232116699219,4700,1,0.3062499999999999,11815.013092041016,3007,3007,3007,3007,3007,3007,3007,3007,3007,3007,3007,3007,4690,4691,3007,3007,3007,4690,3007,3007,3007,3007,3007,4690,100,10,0,0,10,5,0,14.285715103149414,10.526315689086914,0,0,0,10.526315689086914,0,0,0,0,0,0,100,0,0,0,0,66481098752,12884893696,1677975552,0
99,1780596627272,57463.63661193848,4700,1,0.30000000000000004,6935.165374755859,4700,1,0.3062499999999999,6798.111480712891,4700,1,0.3062499999999999,12136.063507080078,4700,1,0.30000000000000004,45690.44471740723,4700,1,0.30000000000000004,37847.16925048828,4700,1,0.30000000000000004,47066.29284667969,4700,1,0.30000000000000004,29640.25762939453,4700,1,0.30000000000000004,7272.480712890625,4700,1,0.30000000000000004,7161.566879272461,4700,1,0.30000000000000004,6752.454299926758,4700,1,0.30000000000000004,6970.235290527344,4700,1,0.30000000000000004,11820.676452636719,3007,3007,3007,3007,3007,3007,3007,3007,3007,3007,3007,3007,4690,4691,3007,3007,3007,4690,3007,3007,3007,3007,3007,4690,100,5,0,0,5.263157844543457,5.263157844543457,5.263157844543457,10,9.523809432983398,5.263157844543457,0,0,0,0,0,0,0,9.523809432983398,10.526315689086914,95.45454406738281,0,0,0,0,66481098752,12884893696,1684692992,0
99,1780596627372,57464.427490234375,4700,1,0.30000000000000004,6935.168487548828,4700,1,0.30000000000000004,6798.114562988281,4700,1,0.30000000000000004,12136.291763305664,4700,1,0.30000000000000004,45690.69613647461,4700,1,0.30000000000000004,37847.478744506836,4700,1,0.30000000000000004,47066.58135986328,4700,1,0.30000000000000004,29641.029098510742,4700,1,0.30000000000000004,7272.4837646484375,4700,1,0.30000000000000004,7161.569931030273,4700,1,0.30000000000000004,6752.45735168457,4700,1,0.30000000000000004,6970.238372802734,4700,1,0.30000000000000004,11826.272445678711,3007,3007,3007,3007,3007,3007,3007,3007,3007,3007,3007,3007,4690,4691,3007,3007,3007,4690,3007,3007,3007,3007,3007,4690,100,5,0,0,5.263157844543457,5.263157844543457,5.263157844543457,10,9.523809432983398,5.263157844543457,0,0,0,0,0,0,0,9.523809432983398,10.526315689086914,95.45454406738281,0,0,0,0,66481098752,12884893696,1690206208,0
99,1780596627473,57465.14485168457,4700,1,0.3062499999999999,6935.171539306641,4700,1,0.3062499999999999,6798.117645263672,4700,1,0.3062499999999999,12136.394500732422,4700,1,0.3062499999999999,45690.97570800781,4700,1,0.3062499999999999,37847.87814331055,4700,1,0.3062499999999999,47066.80924987793,4700,1,0.3062499999999999,29641.859008789063,4700,1,0.3062499999999999,7272.488586425781,4700,1,0.3062499999999999,7161.573013305664,4700,1,0.3062499999999999,6752.460433959961,4700,1,0.3062499999999999,6970.241485595703,4700,1,0.3062499999999999,11831.87190246582,3007,3007,3007,3007,3007,3007,3007,3007,3007,3007,3007,3007,4690,4691,3007,3007,3007,4690,3007,3007,3007,3007,3007,4690,95,0,0,0,10,5.263157844543457,9.523809432983398,10.526315689086914,10,5,0,0,5.263157844543457,0,0,0,0,11.111111640930176,10,100,0,0,0,0,66481098752,12884893696,1698979840,0
99,1780596627573,57465.87857055664,4700,1,0.3062499999999999,6935.174621582031,4700,1,0.3062499999999999,6798.120697021484,4700,1,0.3062499999999999,12136.671035766602,4700,1,0.3062499999999999,45691.28288269043,4700,1,0.3062499999999999,37848.214599609375,4700,1,0.3062499999999999,47067.10778808594,4700,1,0.3062499999999999,29642.659133911133,4700,1,0.3062499999999999,7272.491790771484,4700,1,0.3062499999999999,7161.576217651367,4700,1,0.3062499999999999,6752.463516235352,4700,1,0.3062499999999999,6970.244567871094,4700,1,0.3062499999999999,11837.512756347656,3007,3007,3007,3007,3007,3007,3007,3007,3007,3007,3007,3007,4690,4691,3007,3007,3007,4690,3007,3007,3007,3007,3007,4690,95,0,0,0,10,5.263157844543457,9.523809432983398,10.526315689086914,10,5,0,0,5.263157844543457,0,0,0,0,11.111111640930176,10,100,0,0,0,0,66481098752,12884893696,1707466752,0
99,1780596627673,57466.611083984375,4700,1,0.3062499999999999,6935.177703857422,4700,1,0.3062499999999999,6798.123870849609,4700,1,0.3062499999999999,12136.93960571289,4700,1,0.3062499999999999,45691.625228881836,4700,1,0.3062499999999999,37848.52787780762,4700,1,0.3062499999999999,47067.39126586914,4700,1,0.3062499999999999,29643.458282470703,4700,1,0.3062499999999999,7272.49494934082,4700,1,0.3062499999999999,7161.579299926758,4700,1,0.3062499999999999,6752.466735839844,4700,1,0.3062499999999999,6970.247711181641,4700,1,0.3062499999999999,11843.203140258789,3007,3007,3007,3007,3007,3007,3007,3007,3007,3007,3007,3007,4690,4691,3007,3007,3007,4690,3007,3007,3007,3007,3007,4690,100,0,0,0,0,15.789472579956055,5.263157844543457,15.789472579956055,0,0,0,0,10,0,0,0,0,14.285715103149414,13.636363983154297,100,0,0,0,0,66481098752,12884893696,1717190656,0
99,1780596627773,57467.34487915039,4700,1,0.3062499999999999,6935.1807861328125,4700,1,0.3062499999999999,6798.126953125,4700,1,0.3062499999999999,12137.28109741211,4700,1,0.3062499999999999,45691.981216430664,4700,1,0.3062499999999999,37848.84817504883,4700,1,0.3062499999999999,47067.50733947754,4700,1,0.3062499999999999,29644.259963989258,4700,1,0.3062499999999999,7272.498138427734,4700,1,0.3062499999999999,7161.582443237305,4700,1,0.3062499999999999,6752.469818115234,4700,1,0.3062499999999999,6970.250793457031,4700,1,0.3062499999999999,11848.826126098633,3007,3007,3007,3007,3007,3007,3007,3007,3007,3007,3007,3007,4690,4691,3007,3007,3007,4690,3007,3007,3007,3007,3007,4690,100,0,0,0,0,15.789472579956055,5.263157844543457,15.789472579956055,0,0,0,0,10,0,0,0,0,14.285715103149414,13.636363983154297,100,0,0,0,0,66481098752,12884893696,1728057344,0
99,1780596627873,57468.07774353027,4700,1,0.30000000000000004,6935.183929443359,4700,1,0.3062499999999999,6798.13005065918,4700,1,0.3062499999999999,12137.562225341797,4700,1,0.30000000000000004,45692.29573059082,4700,1,0.30000000000000004,37849.200775146484,4700,1,0.30000000000000004,47067.78614807129,4700,1,0.30000000000000004,29645.059799194336,4700,1,0.30000000000000004,7272.501220703125,4700,1,0.3062499999999999,7161.585525512695,4700,1,0.3062499999999999,6752.472900390625,4700,1,0.3062499999999999,6970.253875732422,4700,1,0.3062499999999999,11854.528625488281,3007,3007,3007,3007,3007,3007,3007,3007,3007,3007,3007,3007,4690,4691,3007,3007,3007,4690,3007,3007,3007,3007,3007,4690,100,9.523809432983398,0,0,0,19.047618865966797,22.72727394104004,10,0,0,0,0,10.526315689086914,0,0,0,0,0,5.555555820465088,100,0,0,0,0,66481098752,12884893696,1738231808,0
99,1780596627973,57468.811447143555,4700,1,0.30000000000000004,6935.18701171875,4700,1,0.3062499999999999,6798.133193969727,4700,1,0.3062499999999999,12137.793823242188,4700,1,0.30000000000000004,45692.63296508789,4700,1,0.30000000000000004,37849.571350097656,4700,1,0.30000000000000004,47068.064392089844,4700,1,0.30000000000000004,29645.859786987305,4700,1,0.30000000000000004,7272.504302978516,4700,1,0.30000000000000004,7161.588607788086,4700,1,0.30000000000000004,6752.476043701172,4700,1,0.3062499999999999,6970.2569580078125,4700,1,0.3062499999999999,11860.224807739258,3007,3007,3007,3007,3007,3007,3007,3007,3007,3007,3007,3007,4690,4691,3007,3007,3007,4690,3007,3007,3007,3007,3007,4690,100,9.523809432983398,0,0,0,19.047618865966797,22.72727394104004,10,0,0,0,0,10.526315689086914,0,0,0,0,0,5.555555820465088,100,0,0,0,0,66481098752,12884893696,1748619264,0
99,1780596628073,57469.536849975586,4700,1,0.30000000000000004,6935.190093994141,4700,1,0.30000000000000004,6798.136306762695,4700,1,0.30000000000000004,12138.079986572266,4700,1,0.30000000000000004,45692.93894958496,4700,1,0.30000000000000004,37849.9045715332,4700,1,0.30000000000000004,47068.338150024414,4700,1,0.30000000000000004,29646.65104675293,4700,1,0.30000000000000004,7272.507476806641,4700,1,0.30000000000000004,7161.591781616211,4700,1,0.30000000000000004,6752.479095458984,4700,1,0.30000000000000004,6970.260040283203,4700,1,0.30000000000000004,11865.950073242188,3007,3007,3007,3007,3007,3007,3007,3007,3007,3007,3007,3007,4690,4691,3007,3007,3007,4690,3007,3007,3007,3007,3007,4690,100,5.263157844543457,0,0,0,5.263157844543457,15.789472579956055,10.526315689086914,0,0,0,0,5.555555820465088,0,0,0,0,5.263157844543457,23.809524536132813,100,0,0,0,0,66481098752,12884893696,1754918912,0
99,1780596628173,57470.269775390625,4700,1,0.3062499999999999,6935.193145751953,4700,1,0.3062499999999999,6798.139389038086,4700,1,0.3062499999999999,12138.406143188477,4700,1,0.3062499999999999,45693.29670715332,4700,1,0.3062499999999999,37850.20063781738,4700,1,0.3062499999999999,47068.51956176758,4700,1,0.3062499999999999,29647.4503326416,4700,1,0.3062499999999999,7272.510589599609,4700,1,0.3062499999999999,7161.594863891602,4700,1,0.3062499999999999,6752.482177734375,4700,1,0.3062499999999999,6970.263153076172,4700,1,0.3062499999999999,11871.654861450195,3007,3007,3007,3007,3007,3007,3007,3007,3007,3007,3007,3007,4690,4691,3007,3007,3007,4690,3007,3007,3007,3007,3007,4690,100,5.263157844543457,0,0,0,5.263157844543457,15.789472579956055,10.526315689086914,0,0,0,0,5.555555820465088,0,0,0,0,5.263157844543457,23.809524536132813,100,0,0,0,0,66481098752,12884893696,1759334400,0
99,1780596628273,57471.0007019043,4700,1,0.3062499999999999,6935.196228027344,4700,1,0.3062499999999999,6798.142623901367,4700,1,0.3062499999999999,12138.685974121094,4700,1,0.3062499999999999,45693.62838745117,4700,1,0.3062499999999999,37850.54458618164,4700,1,0.3062499999999999,47068.76950073242,4700,1,0.3062499999999999,29648.248764038086,4700,1,0.3062499999999999,7272.513748168945,4700,1,0.3062499999999999,7161.598037719727,4700,1,0.3062499999999999,6752.485366821289,4700,1,0.3062499999999999,6970.266296386719,4700,1,0.3062499999999999,11877.362167358398,3007,3007,3007,3007,3007,3007,3007,3007,3007,3007,3007,3007,4690,4691,3007,3007,3007,4690,3007,3007,3007,3007,3007,4690,100,10,0,0,0,10.526315689086914,10,15.789472579956055,0,0,0,0,10.526315689086914,0,0,0,0,10,0,100,0,0,0,0,66481098752,12884893696,1762881536,0
99,1780596628373,57471.731872558594,4700,1,0.3062499999999999,6935.199310302734,4700,1,0.3062499999999999,6798.145797729492,4700,1,0.3062499999999999,12138.954879760742,4700,1,0.3062499999999999,45693.9405670166,4700,1,0.3062499999999999,37850.89172363281,4700,1,0.3062499999999999,47069.04997253418,4700,1,0.3062499999999999,29649.046951293945,4700,1,0.3062499999999999,7272.517028808594,4700,1,0.3062499999999999,7161.601119995117,4700,1,0.3062499999999999,6752.488540649414,4700,1,0.3062499999999999,6970.2694091796875,4700,1,0.3062499999999999,11883.077575683594,3007,3007,3007,3007,3007,3007,3007,3007,3007,3007,3007,3007,4690,4691,3007,3007,3007,4690,3007,3007,3007,3007,3007,4690,100,10,0,0,0,10.526315689086914,10,15.789472579956055,0,0,0,0,10.526315689086914,0,0,0,0,10,0,100,0,0,0,0,66481098752,12884893696,1762578432,0
99,1780596628473,57472.44273376465,4700,1,0.3062499999999999,6935.24299621582,4700,1,0.3062499999999999,6798.181823730469,4700,1,0.3062499999999999,12139.251770019531,4700,1,0.3062499999999999,45694.22187805176,4700,1,0.3062499999999999,37851.124755859375,4700,1,0.3062499999999999,47069.26171875,4700,1,0.3062499999999999,29649.71157836914,4700,1,0.3062499999999999,7272.55696105957,4700,1,0.3062499999999999,7161.645477294922,4700,1,0.3062499999999999,6752.526901245117,4700,1,0.3062499999999999,6970.298904418945,4700,1,0.3062499999999999,11888.568328857422,3007,3007,3007,3007,3007,3007,3007,3007,3007,3007,3007,3007,4690,4691,3007,3007,3007,4690,3007,3007,3007,3007,3007,4690,100,5.263157844543457,0,0,0,0,5.263157844543457,10,5,0,0,0,10.526315689086914,0,0,0,0,0,10,95,0,0,0,0,66481098752,12884893696,1765199872,0
99,1780596628573,57473.18881225586,4700,1,0.30000000000000004,6935.24658203125,4700,1,0.3062499999999999,6798.18537902832,4700,1,0.3062499999999999,12139.454345703125,4700,1,0.30000000000000004,45694.47506713867,4700,1,0.30000000000000004,37851.501724243164,4700,1,0.30000000000000004,47069.53536987305,4700,1,0.30000000000000004,29650.533584594727,4700,1,0.30000000000000004,7272.560501098633,4700,1,0.30000000000000004,7161.6497802734375,4700,1,0.30000000000000004,6752.53044128418,4700,1,0.3062499999999999,6970.302017211914,4700,1,0.3062499999999999,11894.19985961914,3007,3007,3007,3007,3007,3007,3007,3007,3007,3007,3007,3007,4690,4691,3007,3007,3007,4690,3007,3007,3007,3007,3007,4690,100,5.263157844543457,0,0,0,0,5.263157844543457,10,5,0,0,0,10.526315689086914,0,0,0,0,0,10,95,0,0,0,0,66481098752,12884893696,1768005632,0
99,1780596628673,57473.90408325195,4700,1,0.3062499999999999,6935.249664306641,4700,1,0.3062499999999999,6798.188461303711,4700,1,0.3062499999999999,12139.70620727539,4700,1,0.3062499999999999,45694.71479797363,4700,1,0.3062499999999999,37851.82928466797,4700,1,0.3062499999999999,47069.81896972656,4700,1,0.3062499999999999,29651.352005004883,4700,1,0.3062499999999999,7272.563583374023,4700,1,0.3062499999999999,7161.653045654297,4700,1,0.3062499999999999,6752.53352355957,4700,1,0.3062499999999999,6970.305099487305,4700,1,0.3062499999999999,11899.869003295898,3007,3007,3007,3007,3007,3007,3007,3007,3007,3007,3007,3007,4690,4691,3007,3007,3007,4690,3007,3007,3007,3007,3007,4690,100,10,0,0,5,10,0,5,5,10,0,0,10.526315689086914,0,0,0,0,22.72727394104004,11.111111640930176,100,0,0,0,0,66481098752,12884893696,1762197504,0
99,1780596628773,57474.617416381836,4700,1,0.30000000000000004,6935.257385253906,4700,1,0.30000000000000004,6798.199325561523,4700,1,0.30000000000000004,12139.968475341797,4700,1,0.30000000000000004,45695.004791259766,4700,1,0.30000000000000004,37852.08653259277,4700,1,0.30000000000000004,47070.07551574707,4700,1,0.30000000000000004,29652.171112060547,4700,1,0.30000000000000004,7272.566665649414,4700,1,0.30000000000000004,7161.656219482422,4700,1,0.30000000000000004,6752.536636352539,4700,1,0.30000000000000004,6970.30827331543,4700,1,0.30000000000000004,11905.488906860352,3007,3007,3007,3007,3007,3007,3007,3007,3007,3007,3007,3007,4690,4691,3007,3007,3007,4690,3007,3007,3007,3007,3007,4690,100,10,0,0,5,10,0,5,5,10,0,0,10.526315689086914,0,0,0,0,22.72727394104004,11.111111640930176,100,0,0,0,0,66481098752,12884893696,1762119680,0
99,1780596628873,57475.33497619629,4700,1,0.30000000000000004,6935.260467529297,4700,1,0.30000000000000004,6798.202407836914,4700,1,0.3062499999999999,12140.250106811523,4700,1,0.30000000000000004,45695.249938964844,4700,1,0.30000000000000004,37852.37617492676,4700,1,0.30000000000000004,47070.35633850098,4700,1,0.30000000000000004,29652.99917602539,4700,1,0.30000000000000004,7272.569778442383,4700,1,0.30000000000000004,7161.6593017578125,4700,1,0.30000000000000004,6752.53971862793,4700,1,0.30000000000000004,6970.31135559082,4700,1,0.30000000000000004,11911.10107421875,3007,3007,3007,3007,3007,3007,3007,3007,3007,3007,3007,3007,4690,4691,3007,3007,3007,4690,3007,3007,3007,3007,3007,4690,95,0,0,0,0,23.809524536132813,0,5,0,10,0,0,11.111111640930176,0,0,0,0,5,11.111111640930176,100,0,0,0,0,66481098752,12884893696,1764372480,0
99,1780596628973,57476.04995727539,4700,1,0.30000000000000004,6935.263519287109,4700,1,0.30000000000000004,6798.205459594727,4700,1,0.30000000000000004,12140.434173583984,4700,1,0.30000000000000004,45695.545837402344,4700,1,0.30000000000000004,37852.678482055664,4700,1,0.30000000000000004,47070.61413574219,4700,1,0.30000000000000004,29653.818435668945,4700,1,0.30000000000000004,7272.572830200195,4700,1,0.30000000000000004,7161.662353515625,4700,1,0.30000000000000004,6752.542770385742,4700,1,0.30000000000000004,6970.314407348633,4700,1,0.30000000000000004,11916.541610717773,3007,3007,3007,3007,3007,3007,3007,3007,3007,3007,3007,3007,4690,4691,3007,3007,3007,4690,3007,3007,3007,3007,3007,4690,95,0,0,0,0,23.809524536132813,0,5,0,10,0,0,11.111111640930176,0,0,0,0,5,11.111111640930176,100,0,0,0,0,66481098752,12884893696,1764646912,0
99,1780596629073,57476.75923156738,4700,1,0.3062499999999999,6935.266677856445,4700,1,0.3062499999999999,6798.208557128906,4700,1,0.3062499999999999,12140.665283203125,4700,1,0.3062499999999999,45695.77194213867,4700,1,0.3062499999999999,37853.044509887695,4700,1,0.3062499999999999,47070.78485107422,4700,1,0.3062499999999999,29654.651901245117,4700,1,0.3062499999999999,7272.575912475586,4700,1,0.3062499999999999,7161.665512084961,4700,1,0.3062499999999999,6752.545852661133,4700,1,0.3062499999999999,6970.317520141602,4700,1,0.3062499999999999,11922.085510253906,3007,3007,3007,3007,3007,3007,3007,3007,3007,3007,3007,3007,4690,4691,3007,3007,3007,4690,3007,3007,3007,3007,3007,4690,95,0,0,0,0,0,0,21.052631378173828,0,0,0,0,20,0,0,0,0,0,19.047618865966797,100,0,0,0,0,66481098752,12884893696,1765773312,0
99,1780596629173,57477.4719543457,4700,1,0.3062499999999999,6935.269760131836,4700,1,0.3062499999999999,6798.215713500977,4700,1,0.3062499999999999,12140.915298461914,4700,1,0.3062499999999999,45695.9453125,4700,1,0.3062499999999999,37853.45785522461,4700,1,0.3062499999999999,47070.901947021484,4700,1,0.3062499999999999,29655.48500061035,4700,1,0.3062499999999999,7272.578994750977,4700,1,0.3062499999999999,7161.668594360352,4700,1,0.3062499999999999,6752.548934936523,4700,1,0.3062499999999999,6970.320602416992,4700,1,0.3062499999999999,11927.62712097168,3007,3007,3007,3007,3007,3007,3007,3007,3007,3007,3007,3007,4690,4691,3007,3007,3007,4690,3007,3007,3007,3007,3007,4690,95,0,0,0,0,0,0,21.052631378173828,0,0,0,0,20,0,0,0,0,0,19.047618865966797,100,0,0,0,0,66481098752,12884893696,1767403520,0
99,1780596629274,57478.18330383301,4700,1,0.30000000000000004,6935.272918701172,4700,1,0.3062499999999999,6798.231948852539,4700,1,0.3062499999999999,12141.286239624023,4700,1,0.30000000000000004,45696.0553894043,4700,1,0.30000000000000004,37853.74690246582,4700,1,0.30000000000000004,47071.0842590332,4700,1,0.3062499999999999,29656.3182220459,4700,1,0.3062499999999999,7272.582077026367,4700,1,0.3062499999999999,7161.671737670898,4700,1,0.3062499999999999,6752.552017211914,4700,1,0.3062499999999999,6970.323715209961,4700,1,0.3062499999999999,11933.10954284668,3007,3007,3007,3007,3007,3007,3007,3007,3007,3007,3007,3007,4690,4691,3007,3007,3007,4690,3007,3007,3007,3007,3007,4690,95.23809814453125,0,0,0,0,15.000000953674316,0,5.263157844543457,0,15.000000953674316,0,0,5,0,0,0,0,21.052631378173828,5.263157844543457,100,0,0,0,0,66481098752,12884893696,1769115648,0
99,1780596629374,57478.88946533203,4700,1,0.30000000000000004,6935.276092529297,4700,1,0.3062499999999999,6798.23503112793,4700,1,0.3062499999999999,12141.544143676758,4700,1,0.30000000000000004,45696.2785949707,4700,1,0.30000000000000004,37854.16401672363,4700,1,0.30000000000000004,47071.11195373535,4700,1,0.30000000000000004,29657.150314331055,4700,1,0.30000000000000004,7272.585250854492,4700,1,0.30000000000000004,7161.674819946289,4700,1,0.30000000000000004,6752.555160522461,4700,1,0.30000000000000004,6970.326797485352,4700,1,0.30000000000000004,11938.638565063477,3007,3007,3007,3007,3007,3007,3007,3007,3007,3007,3007,3007,4690,4691,3007,3007,3007,4690,3007,3007,3007,3007,3007,4690,95.23809814453125,0,0,0,0,15.000000953674316,0,5.263157844543457,0,15.000000953674316,0,0,5,0,0,0,0,21.052631378173828,5.263157844543457,100,0,0,0,0,66481098752,12884893696,1769238528,0
99,1780596629474,57479.60707092285,4700,1,0.3062499999999999,6935.2791748046875,4700,1,0.3062499999999999,6798.23811340332,4700,1,0.3062499999999999,12141.792907714844,4700,1,0.3062499999999999,45696.51725769043,4700,1,0.3062499999999999,37854.53594970703,4700,1,0.3062499999999999,47071.27519226074,4700,1,0.3062499999999999,29657.98667907715,4700,1,0.3062499999999999,7272.588333129883,4700,1,0.3062499999999999,7161.67790222168,4700,1,0.3062499999999999,6752.558242797852,4700,1,0.3062499999999999,6970.329879760742,4700,1,0.3062499999999999,11944.25016784668,3007,3007,3007,3007,3007,3007,3007,3007,3007,3007,3007,3007,4690,4691,3007,3007,3007,4690,3007,3007,3007,3007,3007,4690,94.73684692382813,5,0,0,0,0,0,15.789472579956055,0,10,0,0,10.526315689086914,0,0,0,0,28.571430206298828,0,100,0,0,0,0,66481098752,12884893696,1765072896,0
99,1780596629574,57480.32173156738,4700,1,0.3062499999999999,6935.282287597656,4700,1,0.3062499999999999,6798.242568969727,4700,1,0.3062499999999999,12141.998565673828,4700,1,0.3062499999999999,45696.75135803223,4700,1,0.3062499999999999,37854.9128112793,4700,1,0.3062499999999999,47071.53552246094,4700,1,0.3062499999999999,29658.79913330078,4700,1,0.3062499999999999,7272.591384887695,4700,1,0.3062499999999999,7161.681015014648,4700,1,0.3062499999999999,6752.561294555664,4700,1,0.3062499999999999,6970.332962036133,4700,1,0.3062499999999999,11949.842361450195,3007,3007,3007,3007,3007,3007,3007,3007,3007,3007,3007,3007,4690,4691,3007,3007,3007,4690,3007,3007,3007,3007,3007,4690,94.73684692382813,5,0,0,0,0,0,15.789472579956055,0,10,0,0,10.526315689086914,0,0,0,0,28.571430206298828,0,100,0,0,0,0,66481098752,12884893696,1769095168,0
99,1780596629674,57481.045654296875,4700,1,0.3062499999999999,6935.285446166992,4700,1,0.3062499999999999,6798.245681762695,4700,1,0.3062499999999999,12142.25570678711,4700,1,0.3062499999999999,45696.965576171875,4700,1,0.3062499999999999,37855.32875061035,4700,1,0.3062499999999999,47071.68424987793,4700,1,0.3062499999999999,29659.621841430664,4700,1,0.3062499999999999,7272.594528198242,4700,1,0.3062499999999999,7161.684143066406,4700,1,0.3062499999999999,6752.564437866211,4700,1,0.3062499999999999,6970.336135864258,4700,1,0.3062499999999999,11955.429565429688,3007,3007,3007,3007,3007,3007,3007,3007,3007,3007,3007,3007,4690,4691,3007,3007,3007,4690,3007,3007,3007,3007,3007,4690,100,0,0,0,0,10,0,21.052631378173828,5.263157844543457,14.285715103149414,0,0,5.263157844543457,0,0,0,0,14.285715103149414,5,100,0,0,0,0,66481098752,12884893696,1763692544,0
99,1780596629774,57481.76397705078,4700,1,0.3062499999999999,6935.288619995117,4700,1,0.3062499999999999,6798.248764038086,4700,1,0.3062499999999999,12142.62191772461,4700,1,0.3062499999999999,45697.08418273926,4700,1,0.3062499999999999,37855.69552612305,4700,1,0.3062499999999999,47071.71270751953,4700,1,0.3062499999999999,29660.45002746582,4700,1,0.3062499999999999,7272.597610473633,4700,1,0.3062499999999999,7161.687286376953,4700,1,0.3062499999999999,6752.567520141602,4700,1,0.3062499999999999,6970.339263916016,4700,1,0.3062499999999999,11960.872177124023,3007,3007,3007,3007,3007,3007,3007,3007,3007,3007,3007,3007,4690,4691,3007,3007,3007,4690,3007,3007,3007,3007,3007,4690,100,0,0,0,0,10,0,21.052631378173828,5.263157844543457,14.285715103149414,0,0,5.263157844543457,0,0,0,0,14.285715103149414,5,100,0,0,0,0,66481098752,12884893696,1762287616,0
99,1780596629874,57482.48161315918,4700,1,0.3062499999999999,6935.291702270508,4700,1,0.3062499999999999,6798.251846313477,4700,1,0.3062499999999999,12142.963516235352,4700,1,0.3062499999999999,45697.26290893555,4700,1,0.3062499999999999,37856.040130615234,4700,1,0.3062499999999999,47071.76600646973,4700,1,0.3062499999999999,29661.281021118164,4700,1,0.3062499999999999,7272.600692749023,4700,1,0.3062499999999999,7161.690368652344,4700,1,0.3062499999999999,6752.570602416992,4700,1,0.3062499999999999,6970.342346191406,4700,1,0.3062499999999999,11966.368270874023,3007,3007,3007,3007,3007,3007,3007,3007,3007,3007,3007,3007,4690,4691,3007,3007,3007,4690,3007,3007,3007,3007,3007,4690,95,15.789472579956055,0,0,0,10.526315689086914,0,5.555555820465088,5,10,0,0,5.263157844543457,0,0,0,0,0,0,100,0,0,0,0,66481098752,12884893696,1763573760,0
99,1780596629974,57483.19885253906,4700,1,0.3062499999999999,6935.294784545898,4700,1,0.3062499999999999,6798.254989624023,4700,1,0.3062499999999999,12143.147872924805,4700,1,0.3062499999999999,45697.51254272461,4700,1,0.3062499999999999,37856.28788757324,4700,1,0.3062499999999999,47072.10624694824,4700,1,0.3062499999999999,29662.10629272461,4700,1,0.3062499999999999,7272.603775024414,4700,1,0.3062499999999999,7161.693450927734,4700,1,0.3062499999999999,6752.573684692383,4700,1,0.3062499999999999,6970.345428466797,4700,1,0.3062499999999999,11971.95669555664,3007,3007,3007,3007,3007,3007,3007,3007,3007,3007,3007,3007,4690,4691,3007,3007,3007,4690,3007,3007,3007,3007,3007,4690,95,15.789472579956055,0,0,0,10.526315689086914,0,5.555555820465088,5,10,0,0,5.263157844543457,0,0,0,0,0,0,100,0,0,0,0,66481098752,12884893696,1766522880,0
99,1780596630074,57483.91439819336,4700,1,0.30000000000000004,6935.297943115234,4700,1,0.3062499999999999,6798.258071899414,4700,1,0.3062499999999999,12143.338424682617,4700,1,0.30000000000000004,45697.79553222656,4700,1,0.30000000000000004,37856.58638000488,4700,1,0.30000000000000004,47072.41194152832,4700,1,0.30000000000000004,29662.934158325195,4700,1,0.30000000000000004,7272.606857299805,4700,1,0.30000000000000004,7161.696594238281,4700,1,0.3062499999999999,6752.576766967773,4700,1,0.3062499999999999,6970.348541259766,4700,1,0.3062499999999999,11977.570693969727,3007,3007,3007,3007,3007,3007,3007,3007,3007,3007,3007,3007,4690,4691,3007,3007,3007,4690,3007,3007,3007,3007,3007,4690,95,9.523809432983398,0,0,0,5,0,0,10,5.555555820465088,0,0,15.789472579956055,0,0,0,0,20,5,100,0,0,0,0,66481098752,12884893696,1767907328,0
99,1780596630174,57484.62548828125,4700,1,0.3062499999999999,6935.301025390625,4700,1,0.3062499999999999,6798.261154174805,4700,1,0.3062499999999999,12143.40608215332,4700,1,0.3062499999999999,45698.069564819336,4700,1,0.3062499999999999,37856.86657714844,4700,1,0.3062499999999999,47072.76641845703,4700,1,0.3062499999999999,29663.755081176758,4700,1,0.3062499999999999,7272.609939575195,4700,1,0.3062499999999999,7161.699676513672,4700,1,0.3062499999999999,6752.579849243164,4700,1,0.3062499999999999,6970.351623535156,4700,1,0.3062499999999999,11983.233795166016,3007,3007,3007,3007,3007,3007,3007,3007,3007,3007,3007,3007,4690,4691,3007,3007,3007,4690,3007,3007,3007,3007,3007,4690,95,9.523809432983398,0,0,0,5,0,0,10,5.555555820465088,0,0,15.789472579956055,0,0,0,0,20,5,100,0,0,0,0,66481098752,12884893696,1769177088,0
99,1780596630274,57485.35643005371,4700,1,0.3062499999999999,6935.304183959961,4700,1,0.3062499999999999,6798.264358520508,4700,1,0.3062499999999999,12143.74299621582,4700,1,0.3062499999999999,45698.30403137207,4700,1,0.3062499999999999,37857.13943481445,4700,1,0.3062499999999999,47073.08039855957,4700,1,0.3062499999999999,29664.55094909668,4700,1,0.3062499999999999,7272.613021850586,4700,1,0.3062499999999999,7161.702819824219,4700,1,0.3062499999999999,6752.582931518555,4700,1,0.3062499999999999,6970.354705810547,4700,1,0.3062499999999999,11988.911117553711,3007,3007,3007,3007,3007,3007,3007,3007,3007,3007,3007,3007,4690,4691,3007,3007,3007,4690,3007,3007,3007,3007,3007,4690,100,10.526315689086914,0,0,0,0,0,0,5.555555820465088,9.523809432983398,0,0,15.789472579956055,0,0,0,0,21.052631378173828,5.263157844543457,100,0,0,0,0,66481098752,12884893696,1771851776,0
99,1780596630374,57486.08923339844,4700,1,0.3062499999999999,6935.307235717773,4700,1,0.3062499999999999,6798.267471313477,4700,1,0.3062499999999999,12143.998992919922,4700,1,0.3062499999999999,45698.65948486328,4700,1,0.3062499999999999,37857.42558288574,4700,1,0.3062499999999999,47073.3387298584,4700,1,0.3062499999999999,29665.336868286133,4700,1,0.3062499999999999,7272.616073608398,4700,1,0.3062499999999999,7161.705871582031,4700,1,0.3062499999999999,6752.585983276367,4700,1,0.3062499999999999,6970.357757568359,4700,1,0.3062499999999999,11994.505935668945,3007,3007,3007,3007,3007,3007,3007,3007,3007,3007,3007,3007,4690,4691,3007,3007,3007,4690,3007,3007,3007,3007,3007,4690,100,10.526315689086914,0,0,0,0,0,0,5.555555820465088,9.523809432983398,0,0,15.789472579956055,0,0,0,0,21.052631378173828,5.263157844543457,100,0,0,0,0,66481098752,12884893696,1775116288,0
99,1780596630474,57486.818420410156,4700,1,0.3062499999999999,6935.310317993164,4700,1,0.3062499999999999,6798.270584106445,4700,1,0.3062499999999999,12144.220611572266,4700,1,0.3062499999999999,45699.0128326416,4700,1,0.3062499999999999,37857.70408630371,4700,1,0.3062499999999999,47073.61503601074,4700,1,0.3062499999999999,29666.13752746582,4700,1,0.3062499999999999,7272.619186401367,4700,1,0.3062499999999999,7161.708953857422,4700,1,0.3062499999999999,6752.589065551758,4700,1,0.3062499999999999,6970.36083984375,4700,1,0.3062499999999999,12000.251647949219,3007,3007,3007,3007,3007,3007,3007,3007,3007,3007,3007,3007,4690,4691,3007,3007,3007,4690,3007,3007,3007,3007,3007,4690,100,15.000000953674316,0,0,0,0,0,0,0,0,0,0,15.789472579956055,0,0,0,0,15.789472579956055,16.666667938232422,100,0,0,0,0,66481098752,12884893696,1777483776,0
99,1780596630574,57487.57534790039,4700,1,0.3062499999999999,6935.313568115234,4700,1,0.3062499999999999,6798.273727416992,4700,1,0.3062499999999999,12144.366104125977,4700,1,0.3062499999999999,45699.34812927246,4700,1,0.3062499999999999,37857.99417114258,4700,1,0.3062499999999999,47073.876220703125,4700,1,0.3062499999999999,29666.945053100586,4700,1,0.3062499999999999,7272.622451782227,4700,1,0.3062499999999999,7161.712188720703,4700,1,0.3062499999999999,6752.592269897461,4700,1,0.3062499999999999,6970.364028930664,4700,1,0.3062499999999999,12005.824722290039,3007,3007,3007,3007,3007,3007,3007,3007,3007,3007,3007,3007,4690,4691,3007,3007,3007,4690,3007,3007,3007,3007,3007,4690,100,15.000000953674316,0,0,0,0,0,0,0,0,0,0,15.789472579956055,0,0,0,0,15.789472579956055,16.666667938232422,100,0,0,0,0,66481098752,12884893696,1778520064,0
99,1780596630674,57488.33656311035,4700,1,0.3062499999999999,6935.316650390625,4700,1,0.3062499999999999,6798.276840209961,4700,1,0.3062499999999999,12144.619979858398,4700,1,0.3062499999999999,45699.562759399414,4700,1,0.3062499999999999,37858.27864074707,4700,1,0.3062499999999999,47074.18965148926,4700,1,0.3062499999999999,29667.770431518555,4700,1,0.3062499999999999,7272.625564575195,4700,1,0.3062499999999999,7161.715301513672,4700,1,0.3062499999999999,6752.59538269043,4700,1,0.3062499999999999,6970.367156982422,4700,1,0.3062499999999999,12011.401794433594,3007,3007,3007,3007,3007,3007,3007,3007,3007,3007,3007,3007,4690,4691,3007,3007,3007,4690,3007,3007,3007,3007,3007,4690,100,5,0,0,10,5.263157844543457,5.263157844543457,5.263157844543457,5.263157844543457,10,0,0,5.263157844543457,0,0,0,0,10,15.000000953674316,95.23809814453125,0,0,0,0,66481098752,12884893696,1773203456,0
99,1780596630774,57489.07530212402,4700,1,0.30000000000000004,6935.319900512695,4700,1,0.3062499999999999,6798.279983520508,4700,1,0.3062499999999999,12144.841110229492,4700,1,0.30000000000000004,45699.82292175293,4700,1,0.30000000000000004,37858.56672668457,4700,1,0.30000000000000004,47074.49119567871,4700,1,0.30000000000000004,29668.608428955078,4700,1,0.30000000000000004,7272.628646850586,4700,1,0.30000000000000004,7161.718444824219,4700,1,0.30000000000000004,6752.59846496582,4700,1,0.30000000000000004,6970.3702392578125,4700,1,0.3062499999999999,12017.023544311523,3007,3007,3007,3007,3007,3007,3007,3007,3007,3007,3007,3007,4690,4691,3007,3007,3007,4690,3007,3007,3007,3007,3007,4690,100,5,0,0,10,5.263157844543457,5.263157844543457,5.263157844543457,5.263157844543457,10,0,0,5.263157844543457,0,0,0,0,10,15.000000953674316,95.23809814453125,0,0,0,0,66481098752,12884893696,1769455616,0
99,1780596630874,57489.80838012695,4700,1,0.3062499999999999,6935.322982788086,4700,1,0.3062499999999999,6798.283065795898,4700,1,0.3062499999999999,12144.868438720703,4700,1,0.3062499999999999,45700.19416809082,4700,1,0.3062499999999999,37858.85568237305,4700,1,0.3062499999999999,47074.754623413086,4700,1,0.3062499999999999,29669.450225830078,4700,1,0.3062499999999999,7272.631729125977,4700,1,0.3062499999999999,7161.721527099609,4700,1,0.3062499999999999,6752.601547241211,4700,1,0.3062499999999999,6970.373321533203,4700,1,0.3062499999999999,12022.659362792969,3007,3007,3007,3007,3007,3007,3007,3007,3007,3007,3007,3007,4690,4691,3007,3007,3007,4690,3007,3007,3007,3007,3007,4690,95,0,0,0,0,5,5,23.809524536132813,5,15.000000953674316,0,0,10,0,0,0,0,0,10.526315689086914,100,0,0,0,0,66481098752,12884893696,1765351424,0
99,1780596630975,57490.52491760254,4700,1,0.3062499999999999,6935.326065063477,4700,1,0.3062499999999999,6798.286148071289,4700,1,0.3062499999999999,12144.873474121094,4700,1,0.3062499999999999,45700.56690979004,4700,1,0.3062499999999999,37859.16239929199,4700,1,0.3062499999999999,47075.01173400879,4700,1,0.3062499999999999,29670.287185668945,4700,1,0.3062499999999999,7272.634811401367,4700,1,0.3062499999999999,7161.724609375,4700,1,0.3062499999999999,6752.604629516602,4700,1,0.3062499999999999,6970.376449584961,4700,1,0.3062499999999999,12028.18359375,3007,3007,3007,3007,3007,3007,3007,3007,3007,3007,3007,3007,4690,4691,3007,3007,3007,4690,3007,3007,3007,3007,3007,4690,95,0,0,0,0,5,5,23.809524536132813,5,15.000000953674316,0,0,10,0,0,0,0,0,10.526315689086914,100,0,0,0,0,66481098752,12884893696,1767157760,0
99,1780596631075,57491.248046875,4700,1,0.30000000000000004,6935.3292236328125,4700,1,0.30000000000000004,6798.28923034668,4700,1,0.30000000000000004,12144.878372192383,4700,1,0.30000000000000004,45700.950286865234,4700,1,0.30000000000000004,37859.44950866699,4700,1,0.30000000000000004,47075.262435913086,4700,1,0.30000000000000004,29671.11785888672,4700,1,0.30000000000000004,7272.63786315918,4700,1,0.30000000000000004,7161.727722167969,4700,1,0.30000000000000004,6752.607681274414,4700,1,0.30000000000000004,6970.379531860352,4700,1,0.30000000000000004,12033.751998901367,3007,3007,3007,3007,3007,3007,3007,3007,3007,3007,3007,3007,4690,4691,3007,3007,3007,4690,3007,3007,3007,3007,3007,4690,95,0,0,0,0,0,0,16.666667938232422,0,19.047618865966797,0,0,27.272727966308594,0,0,0,0,0,5.263157844543457,100,0,0,0,0,66481098752,12884893696,1768247296,0
99,1780596631175,57491.975509643555,4700,1,0.30000000000000004,6935.332275390625,4700,1,0.30000000000000004,6798.292343139648,4700,1,0.30000000000000004,12144.88345336914,4700,1,0.30000000000000004,45701.34353637695,4700,1,0.30000000000000004,37859.72569274902,4700,1,0.30000000000000004,47075.51417541504,4700,1,0.30000000000000004,29671.956588745117,4700,1,0.30000000000000004,7272.64094543457,4700,1,0.30000000000000004,7161.730804443359,4700,1,0.30000000000000004,6752.610763549805,4700,1,0.30000000000000004,6970.382614135742,4700,1,0.30000000000000004,12039.242309570313,3007,3007,3007,3007,3007,3007,3007,3007,3007,3007,3007,3007,4690,4691,3007,3007,3007,4690,3007,3007,3007,3007,3007,4690,95,0,0,0,0,0,0,16.666667938232422,0,19.047618865966797,0,0,27.272727966308594,0,0,0,0,0,5.263157844543457,100,0,0,0,0,66481098752,12884893696,1769549824,0
99,1780596631275,57492.688903808594,4700,1,0.3062499999999999,6935.335433959961,4700,1,0.3062499999999999,6798.295547485352,4700,1,0.3062499999999999,12145.00210571289,4700,1,0.3062499999999999,45701.57264709473,4700,1,0.3062499999999999,37859.99513244629,4700,1,0.3062499999999999,47075.84637451172,4700,1,0.3062499999999999,29672.795974731445,4700,1,0.3062499999999999,7272.644027709961,4700,1,0.3062499999999999,7161.733947753906,4700,1,0.3062499999999999,6752.613845825195,4700,1,0.3062499999999999,6970.385696411133,4700,1,0.3062499999999999,12044.810806274414,3007,3007,3007,3007,3007,3007,3007,3007,3007,3007,3007,3007,4690,4691,3007,3007,3007,4690,3007,3007,3007,3007,3007,4690,94.73684692382813,0,0,0,0,0,19.047618865966797,5.263157844543457,0,10.526315689086914,0,0,11.111111640930176,0,0,0,0,0,15.000000953674316,100,0,0,0,0,66481098752,12884893696,1766309888,0
99,1780596631375,57493.40255737305,4700,1,0.3062499999999999,6935.338516235352,4700,1,0.3062499999999999,6798.298629760742,4700,1,0.3062499999999999,12145.228118896484,4700,1,0.3062499999999999,45701.7546081543,4700,1,0.3062499999999999,37860.324966430664,4700,1,0.3062499999999999,47076.1082611084,4700,1,0.3062499999999999,29673.634719848633,4700,1,0.3062499999999999,7272.64714050293,4700,1,0.3062499999999999,7161.737030029297,4700,1,0.3062499999999999,6752.616928100586,4700,1,0.3062499999999999,6970.388778686523,4700,1,0.3062499999999999,12050.367446899414,3007,3007,3007,3007,3007,3007,3007,3007,3007,3007,3007,3007,4690,4691,3007,3007,3007,4690,3007,3007,3007,3007,3007,4690,94.73684692382813,0,0,0,0,0,19.047618865966797,5.263157844543457,0,10.526315689086914,0,0,11.111111640930176,0,0,0,0,0,15.000000953674316,100,0,0,0,0,66481098752,12884893696,1767239680,0
99,1780596631475,57494.12063598633,4700,1,0.30000000000000004,6935.341598510742,4700,1,0.3062499999999999,6798.301712036133,4700,1,0.3062499999999999,12145.366912841797,4700,1,0.30000000000000004,45702.02755737305,4700,1,0.30000000000000004,37860.6975402832,4700,1,0.30000000000000004,47076.36259460449,4700,1,0.30000000000000004,29674.462677001953,4700,1,0.30000000000000004,7272.65022277832,4700,1,0.30000000000000004,7161.7401123046875,4700,1,0.30000000000000004,6752.620010375977,4700,1,0.3062499999999999,6970.391860961914,4700,1,0.3062499999999999,12055.974166870117,3007,3007,3007,3007,3007,3007,3007,3007,3007,3007,3007,3007,4690,4691,3007,3007,3007,4690,3007,3007,3007,3007,3007,4690,100,4.761904716491699,0,0,0,9.523809432983398,5.555555820465088,5.555555820465088,0,14.285715103149414,0,0,9.090909004211426,0,0,0,0,15.000000953674316,10.526315689086914,100,0,0,0,0,66481098752,12884893696,1769574400,0
99,1780596631575,57494.877197265625,4700,1,0.3062499999999999,6935.344741821289,4700,1,0.3062499999999999,6798.30485534668,4700,1,0.3062499999999999,12145.520935058594,4700,1,0.3062499999999999,45702.313247680664,4700,1,0.3062499999999999,37861.01997375488,4700,1,0.3062499999999999,47076.68711853027,4700,1,0.3062499999999999,29675.266891479492,4700,1,0.3062499999999999,7272.653305053711,4700,1,0.3062499999999999,7161.743255615234,4700,1,0.3062499999999999,6752.623092651367,4700,1,0.3062499999999999,6970.394943237305,4700,1,0.3062499999999999,12061.577728271484,3007,3007,3007,3007,3007,3007,3007,3007,3007,3007,3007,3007,4690,4691,3007,3007,3007,4690,3007,3007,3007,3007,3007,4690,100,4.761904716491699,0,0,0,9.523809432983398,5.555555820465088,5.555555820465088,0,14.285715103149414,0,0,9.090909004211426,0,0,0,0,15.000000953674316,10.526315689086914,100,0,0,0,0,66481098752,12884893696,1772036096,0
99,1780596631675,57495.6100769043,4700,1,0.30000000000000004,6935.353973388672,4700,1,0.30000000000000004,6798.30793762207,4700,1,0.30000000000000004,12145.723403930664,4700,1,0.30000000000000004,45702.591369628906,4700,1,0.30000000000000004,37861.358825683594,4700,1,0.30000000000000004,47076.92111206055,4700,1,0.30000000000000004,29676.094039916992,4700,1,0.30000000000000004,7272.656356811523,4700,1,0.30000000000000004,7161.746307373047,4700,1,0.30000000000000004,6752.62614440918,4700,1,0.30000000000000004,6970.398025512695,4700,1,0.30000000000000004,12067.156616210938,3007,3007,3007,3007,3007,3007,3007,3007,3007,3007,3007,3007,4690,4691,3007,3007,3007,4690,3007,3007,3007,3007,3007,4690,95.45454406738281,0,0,0,5,0,14.285715103149414,9.523809432983398,5.555555820465088,10,0,0,5.263157844543457,0,0,0,0,5.555555820465088,15.000000953674316,100,0,0,0,0,66481098752,12884893696,1760776192,0
99,1780596631775,57496.32530212402,4700,1,0.3062499999999999,6935.35710144043,4700,1,0.3062499999999999,6798.310989379883,4700,1,0.3062499999999999,12145.884857177734,4700,1,0.3062499999999999,45702.81254577637,4700,1,0.3062499999999999,37861.752365112305,4700,1,0.3062499999999999,47077.12071228027,4700,1,0.3062499999999999,29676.933807373047,4700,1,0.3062499999999999,7272.659439086914,4700,1,0.3062499999999999,7161.749450683594,4700,1,0.3062499999999999,6752.62922668457,4700,1,0.3062499999999999,6970.401077270508,4700,1,0.3062499999999999,12072.632766723633,3007,3007,3007,3007,3007,3007,3007,3007,3007,3007,3007,3007,4690,4691,3007,3007,3007,4690,3007,3007,3007,3007,3007,4690,95.45454406738281,0,0,0,5,0,14.285715103149414,9.523809432983398,5.555555820465088,10,0,0,5.263157844543457,0,0,0,0,5.555555820465088,15.000000953674316,100,0,0,0,0,66481098752,12884893696,1760886784,0
99,1780596631875,57497.04228210449,4700,1,0.3062499999999999,6935.36018371582,4700,1,0.3062499999999999,6798.3140869140625,4700,1,0.3062499999999999,12146.018371582031,4700,1,0.3062499999999999,45703.069595336914,4700,1,0.3062499999999999,37862.10382080078,4700,1,0.3062499999999999,47077.41662597656,4700,1,0.3062499999999999,29677.764221191406,4700,1,0.3062499999999999,7272.662567138672,4700,1,0.3062499999999999,7161.7525634765625,4700,1,0.3062499999999999,6752.632308959961,4700,1,0.3062499999999999,6970.404159545898,4700,1,0.3062499999999999,12078.291244506836,3007,3007,3007,3007,3007,3007,3007,3007,3007,3007,3007,3007,4690,4691,3007,3007,3007,4690,3007,3007,3007,3007,3007,4690,100,0,0,0,0,10,10.526315689086914,0,10.526315689086914,10.526315689086914,0,0,0,0,0,0,0,15.789472579956055,5,100,0,0,0,0,66481098752,12884893696,1761562624,0
99,1780596631975,57497.75132751465,4700,1,0.3062499999999999,6935.363265991211,4700,1,0.3062499999999999,6798.317199707031,4700,1,0.3062499999999999,12146.023345947266,4700,1,0.3062499999999999,45703.29560852051,4700,1,0.3062499999999999,37862.52780151367,4700,1,0.3062499999999999,47077.67384338379,4700,1,0.3062499999999999,29678.61003112793,4700,1,0.3062499999999999,7272.665679931641,4700,1,0.3062499999999999,7161.755645751953,4700,1,0.3062499999999999,6752.635391235352,4700,1,0.3062499999999999,6970.407241821289,4700,1,0.3062499999999999,12083.795440673828,3007,3007,3007,3007,3007,3007,3007,3007,3007,3007,3007,3007,4690,4691,3007,3007,3007,4690,3007,3007,3007,3007,3007,4690,100,0,0,0,0,10,10.526315689086914,0,10.526315689086914,10.526315689086914,0,0,0,0,0,0,0,15.789472579956055,5,100,0,0,0,0,66481098752,12884893696,1765257216,0
99,1780596632075,57498.46090698242,4700,1,0.3062499999999999,6935.3729248046875,4700,1,0.3062499999999999,6798.320281982422,4700,1,0.3062499999999999,12146.02815246582,4700,1,0.3062499999999999,45703.424865722656,4700,1,0.3062499999999999,37862.93672180176,4700,1,0.3062499999999999,47077.99826049805,4700,1,0.3062499999999999,29679.453857421875,4700,1,0.3062499999999999,7272.668762207031,4700,1,0.3062499999999999,7161.7587890625,4700,1,0.3062499999999999,6752.638473510742,4700,1,0.3062499999999999,6970.41032409668,4700,1,0.3062499999999999,12089.331497192383,3007,3007,3007,3007,3007,3007,3007,3007,3007,3007,3007,3007,4690,4691,3007,3007,3007,4690,3007,3007,3007,3007,3007,4690,95,0,0,0,0,0,10,16.666667938232422,5,5.555555820465088,0,0,0,0,0,0,0,25,9.523809432983398,100,0,0,0,0,66481098752,12884893696,1765998592,0
99,1780596632175,57499.229751586914,4700,1,0.3062499999999999,6935.376037597656,4700,1,0.3062499999999999,6798.3233642578125,4700,1,0.3062499999999999,12146.276412963867,4700,1,0.3062499999999999,45703.62629699707,4700,1,0.3062499999999999,37863.26852416992,4700,1,0.3062499999999999,47078.30912780762,4700,1,0.3062499999999999,29680.247604370117,4700,1,0.3062499999999999,7272.671844482422,4700,1,0.3062499999999999,7161.761871337891,4700,1,0.3062499999999999,6752.641555786133,4700,1,0.3062499999999999,6970.41340637207,4700,1,0.3062499999999999,12094.930908203125,3007,3007,3007,3007,3007,3007,3007,3007,3007,3007,3007,3007,4690,4691,3007,3007,3007,4690,3007,3007,3007,3007,3007,4690,95,0,0,0,0,0,10,16.666667938232422,5,5.555555820465088,0,0,0,0,0,0,0,25,9.523809432983398,100,0,0,0,0,66481098752,12884893696,1767374848,0
99,1780596632275,57499.970642089844,4700,1,0.3062499999999999,6935.379241943359,4700,1,0.3062499999999999,6798.32666015625,4700,1,0.3062499999999999,12146.48843383789,4700,1,0.3062499999999999,45703.95852661133,4700,1,0.3062499999999999,37863.49745178223,4700,1,0.3062499999999999,47078.581115722656,4700,1,0.3062499999999999,29681.08317565918,4700,1,0.3062499999999999,7272.674957275391,4700,1,0.3062499999999999,7161.765075683594,4700,1,0.3062499999999999,6752.644668579102,4700,1,0.3062499999999999,6970.416519165039,4700,1,0.3062499999999999,12100.518310546875,3007,3007,3007,3007,3007,3007,3007,3007,3007,3007,3007,3007,4690,4691,3007,3007,3007,4690,3007,3007,3007,3007,3007,4690,95,10,0,0,10,0,5.263157844543457,10,5.263157844543457,10,0,0,14.285715103149414,0,0,0,0,9.523809432983398,14.285715103149414,100,0,0,0,0,66481098752,12884893696,1765539840,0
99,1780596632375,57500.68212890625,4700,1,0.30000000000000004,6935.38232421875,4700,1,0.30000000000000004,6798.329742431641,4700,1,0.30000000000000004,12146.735137939453,4700,1,0.30000000000000004,45704.26338195801,4700,1,0.30000000000000004,37863.64047241211,4700,1,0.30000000000000004,47078.84231567383,4700,1,0.30000000000000004,29681.914306640625,4700,1,0.30000000000000004,7272.678070068359,4700,1,0.30000000000000004,7161.768157958984,4700,1,0.30000000000000004,6752.647766113281,4700,1,0.30000000000000004,6970.41960144043,4700,1,0.30000000000000004,12106.068572998047,3007,3007,3007,3007,3007,3007,3007,3007,3007,3007,3007,3007,4690,4691,3007,3007,3007,4690,3007,3007,3007,3007,3007,4690,95,10,0,0,10,0,5.263157844543457,10,5.263157844543457,10,0,0,14.285715103149414,0,0,0,0,9.523809432983398,14.285715103149414,100,0,0,0,0,66481098752,12884893696,1769103360,0
99,1780596632475,57501.39501953125,4700,1,0.3062499999999999,6935.385406494141,4700,1,0.3062499999999999,6798.332824707031,4700,1,0.3062499999999999,12146.971664428711,4700,1,0.3062499999999999,45704.50015258789,4700,1,0.3062499999999999,37863.647033691406,4700,1,0.3062499999999999,47079.264892578125,4700,1,0.3062499999999999,29682.750885009766,4700,1,0.3062499999999999,7272.681182861328,4700,1,0.3062499999999999,7161.771240234375,4700,1,0.3062499999999999,6752.650817871094,4700,1,0.3062499999999999,6970.422653198242,4700,1,0.3062499999999999,12111.545181274414,3007,3007,3007,3007,3007,3007,3007,3007,3007,3007,3007,3007,4690,4691,3007,3007,3007,4690,3007,3007,3007,3007,3007,4690,100,0,0,0,0,0,9.523809432983398,0,15.789472579956055,15.000000953674316,0,0,5.882352828979492,0,0,0,0,0,25,100,0,0,0,0,66481098752,12884893696,1766469632,0
99,1780596632575,57502.1043548584,4700,1,0.30000000000000004,6935.388519287109,4700,1,0.30000000000000004,6798.335876464844,4700,1,0.30000000000000004,12147.096328735352,4700,1,0.30000000000000004,45704.874267578125,4700,1,0.30000000000000004,37863.8719329834,4700,1,0.30000000000000004,47079.537109375,4700,1,0.30000000000000004,29683.588119506836,4700,1,0.30000000000000004,7272.684326171875,4700,1,0.30000000000000004,7161.780258178711,4700,1,0.30000000000000004,6752.653900146484,4700,1,0.30000000000000004,6970.425735473633,4700,1,0.30000000000000004,12117.092010498047,3007,3007,3007,3007,3007,3007,3007,3007,3007,3007,3007,3007,4690,4691,3007,3007,3007,4690,3007,3007,3007,3007,3007,4690,100,0,0,0,0,0,9.523809432983398,0,15.789472579956055,15.000000953674316,0,0,5.882352828979492,0,0,0,0,0,25,100,0,0,0,0,66481098752,12884893696,1764671488,0
99,1780596632675,57502.87185668945,4700,1,0.3062499999999999,6935.3916015625,4700,1,0.3062499999999999,6798.339080810547,4700,1,0.3062499999999999,12147.314041137695,4700,1,0.3062499999999999,45705.18051147461,4700,1,0.3062499999999999,37864.080657958984,4700,1,0.3062499999999999,47079.85346984863,4700,1,0.3062499999999999,29684.410232543945,4700,1,0.3062499999999999,7272.692855834961,4700,1,0.3062499999999999,7161.78337097168,4700,1,0.3062499999999999,6752.656982421875,4700,1,0.3062499999999999,6970.428817749023,4700,1,0.3062499999999999,12122.712646484375,3007,3007,3007,3007,3007,3007,3007,3007,3007,3007,3007,3007,4690,4691,3007,3007,3007,4690,3007,3007,3007,3007,3007,4690,95.23809814453125,0,0,0,0,0,19.047618865966797,0,10,15.000000953674316,0,0,15.000000953674316,0,0,0,0,10,9.523809432983398,100,0,0,0,0,66481098752,12884893696,1751511040,0
99,1780596632775,57503.627014160156,4700,1,0.3062499999999999,6935.3948974609375,4700,1,0.3062499999999999,6798.3421630859375,4700,1,0.3062499999999999,12147.413162231445,4700,1,0.3062499999999999,45705.44448852539,4700,1,0.3062499999999999,37864.43690490723,4700,1,0.3062499999999999,47080.125717163086,4700,1,0.3062499999999999,29685.25196838379,4700,1,0.3062499999999999,7272.69596862793,4700,1,0.3062499999999999,7161.786560058594,4700,1,0.3062499999999999,6752.660064697266,4700,1,0.3062499999999999,6970.431900024414,4700,1,0.3062499999999999,12128.295822143555,3007,3007,3007,3007,3007,3007,3007,3007,3007,3007,3007,3007,4690,4691,3007,3007,3007,4690,3007,3007,3007,3007,3007,4690,95.23809814453125,0,0,0,0,0,19.047618865966797,0,10,15.000000953674316,0,0,15.000000953674316,0,0,0,0,10,9.523809432983398,100,0,0,0,0,66481098752,12884893696,1752616960,0
99,1780596632875,57504.34045410156,4700,1,0.3062499999999999,6935.397979736328,4700,1,0.3062499999999999,6798.345245361328,4700,1,0.3062499999999999,12147.435089111328,4700,1,0.3062499999999999,45705.85542297363,4700,1,0.3062499999999999,37864.70764160156,4700,1,0.3062499999999999,47080.34619140625,4700,1,0.3062499999999999,29686.09312438965,4700,1,0.3062499999999999,7272.699081420898,4700,1,0.3062499999999999,7161.789642333984,4700,1,0.3062499999999999,6752.663192749023,4700,1,0.3062499999999999,6970.435012817383,4700,1,0.3062499999999999,12133.832275390625,3007,3007,3007,3007,3007,3007,3007,3007,3007,3007,3007,3007,4690,4691,3007,3007,3007,4690,3007,3007,3007,3007,3007,4690,95,0,0,0,5,0,11.111111640930176,0,0,20,0,0,10.526315689086914,0,0,0,0,10,0,100,0,0,0,0,66481098752,12884893696,1752391680,0
99,1780596632975,57505.056091308594,4700,1,0.30000000000000004,6935.401062011719,4700,1,0.30000000000000004,6798.348327636719,4700,1,0.30000000000000004,12147.439834594727,4700,1,0.30000000000000004,45706.204345703125,4700,1,0.30000000000000004,37865.06314086914,4700,1,0.30000000000000004,47080.57843017578,4700,1,0.30000000000000004,29686.921157836914,4700,1,0.30000000000000004,7272.702163696289,4700,1,0.30000000000000004,7161.792724609375,4700,1,0.30000000000000004,6752.666275024414,4700,1,0.30000000000000004,6970.438095092773,4700,1,0.30000000000000004,12139.337829589844,3007,3007,3007,3007,3007,3007,3007,3007,3007,3007,3007,3007,4690,4691,3007,3007,3007,4690,3007,3007,3007,3007,3007,4690,95,0,0,0,5,0,11.111111640930176,0,0,20,0,0,10.526315689086914,0,0,0,0,10,0,100,0,0,0,0,66481098752,12884893696,1751298048,0
99,1780596633076,57505.77687072754,4700,1,0.3062499999999999,6935.405914306641,4700,1,0.3062499999999999,6798.351470947266,4700,1,0.3062499999999999,12147.444869995117,4700,1,0.3062499999999999,45706.616271972656,4700,1,0.3062499999999999,37865.38572692871,4700,1,0.3062499999999999,47080.69711303711,4700,1,0.3062499999999999,29687.73422241211,4700,1,0.3062499999999999,7272.705368041992,4700,1,0.3062499999999999,7161.795837402344,4700,1,0.3062499999999999,6752.669357299805,4700,1,0.3062499999999999,6970.441177368164,4700,1,0.3062499999999999,12144.826766967773,3007,3007,3007,3007,3007,3007,3007,3007,3007,3007,3007,3007,4690,4691,3007,3007,3007,4690,3007,3007,3007,3007,3007,4690,100,0,0,0,0,0,21.052631378173828,5.263157844543457,10,5.263157844543457,0,0,11.111111640930176,0,0,0,0,10,9.523809432983398,100,0,0,0,0,66481098752,12884893696,1754599424,0
99,1780596633176,57506.512924194336,4700,1,0.3062499999999999,6935.408966064453,4700,1,0.3062499999999999,6798.354568481445,4700,1,0.3062499999999999,12147.541244506836,4700,1,0.3062499999999999,45706.97792053223,4700,1,0.3062499999999999,37865.715881347656,4700,1,0.3062499999999999,47080.98588562012,4700,1,0.3062499999999999,29688.526245117188,4700,1,0.3062499999999999,7272.708450317383,4700,1,0.3062499999999999,7161.799011230469,4700,1,0.3062499999999999,6752.672439575195,4700,1,0.3062499999999999,6970.444259643555,4700,1,0.3062499999999999,12150.403732299805,3007,3007,3007,3007,3007,3007,3007,3007,3007,3007,3007,3007,4690,4691,3007,3007,3007,4690,3007,3007,3007,3007,3007,4690,100,0,0,0,0,0,21.052631378173828,5.263157844543457,10,5.263157844543457,0,0,11.111111640930176,0,0,0,0,10,9.523809432983398,100,0,0,0,0,66481098752,12884893696,1758232576,0
99,1780596633276,57507.25329589844,4700,1,0.3062499999999999,6935.412124633789,4700,1,0.3062499999999999,6798.357772827148,4700,1,0.3062499999999999,12147.657150268555,4700,1,0.3062499999999999,45707.285720825195,4700,1,0.3062499999999999,37866.01919555664,4700,1,0.3062499999999999,47081.34797668457,4700,1,0.3062499999999999,29689.318588256836,4700,1,0.3062499999999999,7272.71159362793,4700,1,0.3062499999999999,7161.802154541016,4700,1,0.3062499999999999,6752.675521850586,4700,1,0.3062499999999999,6970.447341918945,4700,1,0.3062499999999999,12156.104782104492,3007,3007,3007,3007,3007,3007,3007,3007,3007,3007,3007,3007,4690,4691,3007,3007,3007,4690,3007,3007,3007,3007,3007,4690,100,0,0,0,0,9.523809432983398,10,10.526315689086914,15.000000953674316,0,0,0,10.526315689086914,0,0,0,0,10.526315689086914,15.000000953674316,100,0,0,0,0,66481098752,12884893696,1755066368,0
99,1780596633376,57507.989318847656,4700,1,0.3062499999999999,6935.415237426758,4700,1,0.3062499999999999,6798.360870361328,4700,1,0.3062499999999999,12147.91178894043,4700,1,0.3062499999999999,45707.570068359375,4700,1,0.3062499999999999,37866.33215332031,4700,1,0.3062499999999999,47081.66487121582,4700,1,0.3062499999999999,29690.11000061035,4700,1,0.3062499999999999,7272.714706420898,4700,1,0.3062499999999999,7161.805236816406,4700,1,0.3062499999999999,6752.678604125977,4700,1,0.3062499999999999,6970.450469970703,4700,1,0.3062499999999999,12161.780807495117,3007,3007,3007,3007,3007,3007,3007,3007,3007,3007,3007,3007,4690,4691,3007,3007,3007,4690,3007,3007,3007,3007,3007,4690,100,0,0,0,0,9.523809432983398,10,10.526315689086914,15.000000953674316,0,0,0,10.526315689086914,0,0,0,0,10.526315689086914,15.000000953674316,100,0,0,0,0,66481098752,12884893696,1751826432,0
99,1780596633476,57508.72480773926,4700,1,0.3062499999999999,6935.418319702148,4700,1,0.3062499999999999,6798.364013671875,4700,1,0.3062499999999999,12148.096237182617,4700,1,0.3062499999999999,45707.93565368652,4700,1,0.3062499999999999,37866.59385681152,4700,1,0.3062499999999999,47082.00207519531,4700,1,0.3062499999999999,29690.901580810547,4700,1,0.3062499999999999,7272.717819213867,4700,1,0.3062499999999999,7161.808319091797,4700,1,0.3062499999999999,6752.681686401367,4700,1,0.3062499999999999,6970.453552246094,4700,1,0.3062499999999999,12167.434677124023,3007,3007,3007,3007,3007,3007,3007,3007,3007,3007,3007,3007,4690,4691,3007,3007,3007,4690,3007,3007,3007,3007,3007,4690,100,4.761904716491699,0,0,0,5.263157844543457,5.555555820465088,18.18181800842285,5.555555820465088,0,0,0,5.263157844543457,0,0,0,0,5.263157844543457,11.111111640930176,100,0,0,0,0,66481098752,12884893696,1745960960,0
99,1780596633576,57509.45979309082,4700,1,0.3062499999999999,6935.421478271484,4700,1,0.3062499999999999,6798.367095947266,4700,1,0.3062499999999999,12148.168838500977,4700,1,0.3062499999999999,45708.29600524902,4700,1,0.3062499999999999,37866.87577819824,4700,1,0.3062499999999999,47082.3596496582,4700,1,0.3062499999999999,29691.69273376465,4700,1,0.3062499999999999,7272.720932006836,4700,1,0.3062499999999999,7161.811462402344,4700,1,0.3062499999999999,6752.684768676758,4700,1,0.3062499999999999,6970.456634521484,4700,1,0.3062499999999999,12173.091918945313,3007,3007,3007,3007,3007,3007,3007,3007,3007,3007,3007,3007,4690,4691,3007,3007,3007,4690,3007,3007,3007,3007,3007,4690,100,4.761904716491699,0,0,0,5.263157844543457,5.555555820465088,18.18181800842285,5.555555820465088,0,0,0,5.263157844543457,0,0,0,0,5.263157844543457,11.111111640930176,100,0,0,0,0,66481098752,12884893696,1749303296,0
99,1780596633676,57510.18814086914,4700,1,0.3062499999999999,6935.427261352539,4700,1,0.3062499999999999,6798.370178222656,4700,1,0.3062499999999999,12148.447372436523,4700,1,0.3062499999999999,45708.629318237305,4700,1,0.3062499999999999,37867.221435546875,4700,1,0.3062499999999999,47082.58039855957,4700,1,0.3062499999999999,29692.48565673828,4700,1,0.3062499999999999,7272.724014282227,4700,1,0.3062499999999999,7161.814544677734,4700,1,0.3062499999999999,6752.6878662109375,4700,1,0.3062499999999999,6970.459716796875,4700,1,0.3062499999999999,12178.792175292969,3007,3007,3007,3007,3007,3007,3007,3007,3007,3007,3007,3007,4690,4691,3007,3007,3007,4690,3007,3007,3007,3007,3007,4690,95.45454406738281,0,0,0,0,5.555555820465088,15.789472579956055,10,0,0,0,0,10,0,0,0,0,15.789472579956055,10.526315689086914,100,0,0,0,0,66481098752,12884893696,1744203776,0
99,1780596633776,57510.91831970215,4700,1,0.3062499999999999,6935.430419921875,4700,1,0.3062499999999999,6798.373260498047,4700,1,0.3062499999999999,12148.501861572266,4700,1,0.3062499999999999,45708.92947387695,4700,1,0.3062499999999999,37867.565017700195,4700,1,0.3062499999999999,47082.9176940918,4700,1,0.3062499999999999,29693.278564453125,4700,1,0.3062499999999999,7272.727066040039,4700,1,0.3062499999999999,7161.817657470703,4700,1,0.3062499999999999,6752.69091796875,4700,1,0.3062499999999999,6970.4627685546875,4700,1,0.3062499999999999,12184.492965698242,3007,3007,3007,3007,3007,3007,3007,3007,3007,3007,3007,3007,4690,4691,3007,3007,3007,4690,3007,3007,3007,3007,3007,4690,95.45454406738281,0,0,0,0,5.555555820465088,15.789472579956055,10,0,0,0,0,10,0,0,0,0,15.789472579956055,10.526315689086914,100,0,0,0,0,66481098752,12884893696,1747927040,0
99,1780596633876,57511.63591003418,4700,1,0.3062499999999999,6935.433517456055,4700,1,0.3062499999999999,6798.376388549805,4700,1,0.3062499999999999,12148.752029418945,4700,1,0.3062499999999999,45709.221267700195,4700,1,0.3062499999999999,37867.84080505371,4700,1,0.3062499999999999,47083.18516540527,4700,1,0.3062499999999999,29694.106536865234,4700,1,0.3062499999999999,7272.73014831543,4700,1,0.3062499999999999,7161.820739746094,4700,1,0.3062499999999999,6752.694000244141,4700,1,0.3062499999999999,6970.465850830078,4700,1,0.3062499999999999,12190.08413696289,3007,3007,3007,3007,3007,3007,3007,3007,3007,3007,3007,3007,4690,4691,3007,3007,3007,4690,3007,3007,3007,3007,3007,4690,100,5,0,0,0,0,10.526315689086914,5.263157844543457,14.285715103149414,0,0,0,5,0,0,0,0,10.526315689086914,5.263157844543457,100,0,0,0,0,66481098752,12884893696,1749270528,0
99,1780596633976,57512.350830078125,4700,1,0.3062499999999999,6935.436614990234,4700,1,0.3062499999999999,6798.379470825195,4700,1,0.3062499999999999,12148.997924804688,4700,1,0.3062499999999999,45709.4903717041,4700,1,0.3062499999999999,37868.07940673828,4700,1,0.3062499999999999,47083.49180603027,4700,1,0.3062499999999999,29694.935974121094,4700,1,0.3062499999999999,7272.733291625977,4700,1,0.3062499999999999,7161.823822021484,4700,1,0.3062499999999999,6752.697113037109,4700,1,0.3062499999999999,6970.468933105469,4700,1,0.3062499999999999,12195.750534057617,3007,3007,3007,3007,3007,3007,3007,3007,3007,3007,3007,3007,4690,4691,3007,3007,3007,4690,3007,3007,3007,3007,3007,4690,100,5,0,0,0,0,10.526315689086914,5.263157844543457,14.285715103149414,0,0,0,5,0,0,0,0,10.526315689086914,5.263157844543457,100,0,0,0,0,66481098752,12884893696,1752403968,0
99,1780596634076,57513.07270812988,4700,1,0.3062499999999999,6935.43977355957,4700,1,0.3062499999999999,6798.382553100586,4700,1,0.3062499999999999,12149.322814941406,4700,1,0.3062499999999999,45709.70553588867,4700,1,0.3062499999999999,37868.128494262695,4700,1,0.3062499999999999,47083.82490539551,4700,1,0.3062499999999999,29695.757049560547,4700,1,0.3062499999999999,7272.736404418945,4700,1,0.3062499999999999,7161.826965332031,4700,1,0.3062499999999999,6752.7001953125,4700,1,0.3062499999999999,6970.472015380859,4700,1,0.3062499999999999,12201.227996826172,3007,3007,3007,3007,3007,3007,3007,3007,3007,3007,3007,3007,4690,4691,3007,3007,3007,4690,3007,3007,3007,3007,3007,4690,94.44444274902344,0,0,0,0,10,20,0,11.111111640930176,14.285715103149414,0,0,0,0,0,0,0,10,10,100,0,0,0,0,66481098752,12884893696,1753067520,0
99,1780596634176,57513.788345336914,4700,1,0.30000000000000004,6935.442855834961,4700,1,0.3062499999999999,6798.385635375977,4700,1,0.3062499999999999,12149.600555419922,4700,1,0.30000000000000004,45709.997650146484,4700,1,0.3062499999999999,37868.33090209961,4700,1,0.3062499999999999,47084.10549926758,4700,1,0.3062499999999999,29696.584747314453,4700,1,0.3062499999999999,7272.739486694336,4700,1,0.3062499999999999,7161.830047607422,4700,1,0.3062499999999999,6752.703277587891,4700,1,0.3062499999999999,6970.47509765625,4700,1,0.3062499999999999,12206.820861816406,3007,3007,3007,3007,3007,3007,3007,3007,3007,3007,3007,3007,4690,4691,3007,3007,3007,4690,3007,3007,3007,3007,3007,4690,94.44444274902344,0,0,0,0,10,20,0,11.111111640930176,14.285715103149414,0,0,0,0,0,0,0,10,10,100,0,0,0,0,66481098752,12884893696,1755619328,0
99,1780596634276,57514.50422668457,4700,1,0.30000000000000004,6935.446014404297,4700,1,0.3062499999999999,6798.38883972168,4700,1,0.3062499999999999,12149.893096923828,4700,1,0.30000000000000004,45710.23809814453,4700,1,0.30000000000000004,37868.65023803711,4700,1,0.30000000000000004,47084.30229187012,4700,1,0.30000000000000004,29697.416046142578,4700,1,0.30000000000000004,7272.742568969727,4700,1,0.3062499999999999,7161.833190917969,4700,1,0.3062499999999999,6752.706359863281,4700,1,0.3062499999999999,6970.478179931641,4700,1,0.3062499999999999,12212.385681152344,3007,3007,3007,3007,3007,3007,3007,3007,3007,3007,3007,3007,4690,4691,3007,3007,3007,4690,3007,3007,3007,3007,3007,4690,100,5,0,0,0,0,20,20,10.526315689086914,10,0,0,0,0,0,0,0,0,0,100,0,0,0,0,66481098752,12884893696,1758834688,0
99,1780596634376,57515.215240478516,4700,1,0.30000000000000004,6935.4490966796875,4700,1,0.30000000000000004,6798.391952514648,4700,1,0.30000000000000004,12150.189849853516,4700,1,0.30000000000000004,45710.511962890625,4700,1,0.30000000000000004,37868.924896240234,4700,1,0.30000000000000004,47084.47880554199,4700,1,0.30000000000000004,29698.250244140625,4700,1,0.30000000000000004,7272.745651245117,4700,1,0.30000000000000004,7161.836273193359,4700,1,0.30000000000000004,6752.709442138672,4700,1,0.30000000000000004,6970.481262207031,4700,1,0.30000000000000004,12217.933380126953,3007,3007,3007,3007,3007,3007,3007,3007,3007,3007,3007,3007,4690,4691,3007,3007,3007,4690,3007,3007,3007,3007,3007,4690,100,5,0,0,0,0,20,20,10.526315689086914,10,0,0,0,0,0,0,0,0,0,100,0,0,0,0,66481098752,12884893696,1761677312,0
99,1780596634476,57515.940017700195,4700,1,0.3062499999999999,6935.452178955078,4700,1,0.3062499999999999,6798.395034790039,4700,1,0.3062499999999999,12150.431610107422,4700,1,0.3062499999999999,45710.808532714844,4700,1,0.3062499999999999,37869.19386291504,4700,1,0.3062499999999999,47084.755935668945,4700,1,0.3062499999999999,29699.078247070313,4700,1,0.3062499999999999,7272.748733520508,4700,1,0.3062499999999999,7161.83935546875,4700,1,0.3062499999999999,6752.7125244140625,4700,1,0.3062499999999999,6970.484344482422,4700,1,0.3062499999999999,12223.555877685547,3007,3007,3007,3007,3007,3007,3007,3007,3007,3007,3007,3007,4690,4691,3007,3007,3007,4690,3007,3007,3007,3007,3007,4690,94.73684692382813,0,0,0,0,0,5.263157844543457,15.789472579956055,19.047618865966797,15.000000953674316,0,0,11.111111640930176,0,0,0,0,0,0,100,0,0,0,0,66481098752,12884893696,1763246080,0
99,1780596634576,57516.64811706543,4700,1,0.3062499999999999,6935.45539855957,4700,1,0.3062499999999999,6798.398178100586,4700,1,0.3062499999999999,12150.609985351563,4700,1,0.3062499999999999,45711.08480834961,4700,1,0.3062499999999999,37869.48078918457,4700,1,0.3062499999999999,47085.04934692383,4700,1,0.3062499999999999,29699.89926147461,4700,1,0.3062499999999999,7272.751892089844,4700,1,0.3062499999999999,7161.842544555664,4700,1,0.3062499999999999,6752.715667724609,4700,1,0.3062499999999999,6970.487518310547,4700,1,0.3062499999999999,12229.094131469727,3007,3007,3007,3007,3007,3007,3007,3007,3007,3007,3007,3007,4690,4691,3007,3007,3007,4690,3007,3007,3007,3007,3007,4690,94.73684692382813,0,0,0,0,0,5.263157844543457,15.789472579956055,19.047618865966797,15.000000953674316,0,0,11.111111640930176,0,0,0,0,0,0,100,0,0,0,0,66481098752,12884893696,1762058240,0
99,1780596634676,57517.36227416992,4700,1,0.3062499999999999,6935.458480834961,4700,1,0.3062499999999999,6798.401321411133,4700,1,0.3062499999999999,12150.89810180664,4700,1,0.3062499999999999,45711.35760498047,4700,1,0.3062499999999999,37869.740814208984,4700,1,0.3062499999999999,47085.30941772461,4700,1,0.3062499999999999,29700.72930908203,4700,1,0.3062499999999999,7272.754974365234,4700,1,0.3062499999999999,7161.845626831055,4700,1,0.3062499999999999,6752.71875,4700,1,0.3062499999999999,6970.4906005859375,4700,1,0.3062499999999999,12234.710250854492,3007,3007,3007,3007,3007,3007,3007,3007,3007,3007,3007,3007,4690,4691,3007,3007,3007,4690,3007,3007,3007,3007,3007,4690,95,15.000000953674316,0,0,0,0,0,20,5.263157844543457,5.555555820465088,0,0,11.111111640930176,0,0,0,0,0,5.263157844543457,100,0,0,0,0,66481098752,12884893696,1757528064,0
99,1780596634776,57518.07646179199,4700,1,0.3062499999999999,6935.462142944336,4700,1,0.3062499999999999,6798.404403686523,4700,1,0.3062499999999999,12151.157363891602,4700,1,0.3062499999999999,45711.628677368164,4700,1,0.3062499999999999,37870.02764892578,4700,1,0.3062499999999999,47085.57652282715,4700,1,0.3062499999999999,29701.559036254883,4700,1,0.3062499999999999,7272.758056640625,4700,1,0.3062499999999999,7161.848770141602,4700,1,0.3062499999999999,6752.721832275391,4700,1,0.3062499999999999,6970.493682861328,4700,1,0.3062499999999999,12240.346008300781,3007,3007,3007,3007,3007,3007,3007,3007,3007,3007,3007,3007,4690,4691,3007,3007,3007,4690,3007,3007,3007,3007,3007,4690,95,15.000000953674316,0,0,0,0,0,20,5.263157844543457,5.555555820465088,0,0,11.111111640930176,0,0,0,0,0,5.263157844543457,100,0,0,0,0,66481098752,12884893696,1758580736,0
99,1780596634876,57518.79104614258,4700,1,0.3062499999999999,6935.465225219727,4700,1,0.3062499999999999,6798.407485961914,4700,1,0.3062499999999999,12151.403732299805,4700,1,0.3062499999999999,45711.911071777344,4700,1,0.3062499999999999,37870.2869720459,4700,1,0.3062499999999999,47085.87168884277,4700,1,0.3062499999999999,29702.388961791992,4700,1,0.3062499999999999,7272.761138916016,4700,1,0.3062499999999999,7161.851852416992,4700,1,0.3062499999999999,6752.724914550781,4700,1,0.3062499999999999,6970.496765136719,4700,1,0.3062499999999999,12245.940231323242,3007,3007,3007,3007,3007,3007,3007,3007,3007,3007,3007,3007,4690,4691,3007,3007,3007,4690,3007,3007,3007,3007,3007,4690,95,10.526315689086914,0,0,0,0,0,5.882352828979492,10.526315689086914,0,0,0,15.789472579956055,0,0,0,0,0,0,100,0,0,0,0,66481098752,12884893696,1759555584,0
99,1780596634976,57519.50732421875,4700,1,0.3062499999999999,6935.468307495117,4700,1,0.3062499999999999,6798.410568237305,4700,1,0.3062499999999999,12151.654815673828,4700,1,0.3062499999999999,45712.26348876953,4700,1,0.3062499999999999,37870.422927856445,4700,1,0.3062499999999999,47086.14393615723,4700,1,0.3062499999999999,29703.21368408203,4700,1,0.3062499999999999,7272.76432800293,4700,1,0.3062499999999999,7161.854934692383,4700,1,0.3062499999999999,6752.72802734375,4700,1,0.3062499999999999,6970.499847412109,4700,1,0.3062499999999999,12251.511749267578,3007,3007,3007,3007,3007,3007,3007,3007,3007,3007,3007,3007,4690,4691,3007,3007,3007,4690,3007,3007,3007,3007,3007,4690,95,10.526315689086914,0,0,0,0,0,5.882352828979492,10.526315689086914,0,0,0,15.789472579956055,0,0,0,0,0,0,100,0,0,0,0,66481098752,12884893696,1762689024,0
99,1780596635077,57520.21838378906,4700,1,0.30000000000000004,6935.471466064453,4700,1,0.30000000000000004,6798.413711547852,4700,1,0.3062499999999999,12151.927215576172,4700,1,0.30000000000000004,45712.53298950195,4700,1,0.30000000000000004,37870.66389465332,4700,1,0.30000000000000004,47086.459381103516,4700,1,0.30000000000000004,29704.032150268555,4700,1,0.30000000000000004,7272.767471313477,4700,1,0.30000000000000004,7161.85807800293,4700,1,0.30000000000000004,6752.731109619141,4700,1,0.30000000000000004,6970.5029296875,4700,1,0.30000000000000004,12257.086669921875,3007,3007,3007,3007,3007,3007,3007,3007,3007,3007,3007,3007,4690,4691,3007,3007,3007,4690,3007,3007,3007,3007,3007,4690,94.73684692382813,10.526315689086914,0,0,0,0,10,18.18181800842285,19.047618865966797,19.047618865966797,0,0,22.72727394104004,0,0,0,0,0,4.761904716491699,100,0,0,0,0,66481098752,12884893696,1763319808,0
99,1780596635177,57520.95231628418,4700,1,0.30000000000000004,6935.474548339844,4700,1,0.30000000000000004,6798.416793823242,4700,1,0.30000000000000004,12152.259078979492,4700,1,0.30000000000000004,45712.83219909668,4700,1,0.30000000000000004,37870.92973327637,4700,1,0.30000000000000004,47086.731185913086,4700,1,0.30000000000000004,29704.812728881836,4700,1,0.30000000000000004,7272.7706298828125,4700,1,0.30000000000000004,7161.861129760742,4700,1,0.30000000000000004,6752.734191894531,4700,1,0.30000000000000004,6970.506011962891,4700,1,0.30000000000000004,12262.782592773438,3007,3007,3007,3007,3007,3007,3007,3007,3007,3007,3007,3007,4690,4691,3007,3007,3007,4690,3007,3007,3007,3007,3007,4690,94.73684692382813,10.526315689086914,0,0,0,0,10,18.18181800842285,19.047618865966797,19.047618865966797,0,0,22.72727394104004,0,0,0,0,0,4.761904716491699,100,0,0,0,0,66481098752,12884893696,1766060032,0
99,1780596635277,57521.68571472168,4700,1,0.3062499999999999,6935.4776611328125,4700,1,0.3062499999999999,6798.419982910156,4700,1,0.3062499999999999,12152.557235717773,4700,1,0.3062499999999999,45713.15574645996,4700,1,0.3062499999999999,37871.20364379883,4700,1,0.3062499999999999,47087.01527404785,4700,1,0.3062499999999999,29705.601821899414,4700,1,0.3062499999999999,7272.773712158203,4700,1,0.3062499999999999,7161.864273071289,4700,1,0.3062499999999999,6752.737243652344,4700,1,0.3062499999999999,6970.509063720703,4700,1,0.3062499999999999,12268.406280517578,3007,3007,3007,3007,3007,3007,3007,3007,3007,3007,3007,3007,4690,4691,3007,3007,3007,4690,3007,3007,3007,3007,3007,4690,100,5.263157844543457,0,0,0,5.555555820465088,5.263157844543457,19.047618865966797,15.000000953674316,0,0,0,6.25,0,0,0,0,0,0,100,0,0,0,0,66481098752,12884893696,1765601280,0
99,1780596635377,57522.420181274414,4700,1,0.3062499999999999,6935.480743408203,4700,1,0.3062499999999999,6798.423095703125,4700,1,0.3062499999999999,12152.854797363281,4700,1,0.3062499999999999,45713.50051879883,4700,1,0.3062499999999999,37871.45927429199,4700,1,0.3062499999999999,47087.287994384766,4700,1,0.3062499999999999,29706.389907836914,4700,1,0.3062499999999999,7272.776885986328,4700,1,0.3062499999999999,7161.867370605469,4700,1,0.3062499999999999,6752.740310668945,4700,1,0.3062499999999999,6970.512145996094,4700,1,0.3062499999999999,12274.094528198242,3007,3007,3007,3007,3007,3007,3007,3007,3007,3007,3007,3007,4690,4691,3007,3007,3007,4690,3007,3007,3007,3007,3007,4690,100,5.263157844543457,0,0,0,5.555555820465088,5.263157844543457,19.047618865966797,15.000000953674316,0,0,0,6.25,0,0,0,0,0,0,100,0,0,0,0,66481098752,12884893696,1764364288,0
99,1780596635477,57523.15577697754,4700,1,0.3062499999999999,6935.483825683594,4700,1,0.3062499999999999,6798.426208496094,4700,1,0.3062499999999999,12152.907302856445,4700,1,0.3062499999999999,45713.88163757324,4700,1,0.3062499999999999,37871.73098754883,4700,1,0.3062499999999999,47087.634368896484,4700,1,0.3062499999999999,29707.17984008789,4700,1,0.3062499999999999,7272.779968261719,4700,1,0.3062499999999999,7161.870452880859,4700,1,0.3062499999999999,6752.743392944336,4700,1,0.3062499999999999,6970.515228271484,4700,1,0.3062499999999999,12279.781936645508,3007,3007,3007,3007,3007,3007,3007,3007,3007,3007,3007,3007,4690,4691,3007,3007,3007,4690,3007,3007,3007,3007,3007,4690,100,5.263157844543457,0,0,0,13.636363983154297,15.789472579956055,0,5.263157844543457,0,0,0,15.000000953674316,0,0,0,0,9.523809432983398,10.526315689086914,100,0,0,0,0,66481098752,12884893696,1762865152,0
99,1780596635577,57523.891342163086,4700,1,0.3062499999999999,6935.48698425293,4700,1,0.3062499999999999,6798.429290771484,4700,1,0.3062499999999999,12153.165542602539,4700,1,0.3062499999999999,45714.19581604004,4700,1,0.3062499999999999,37871.91279602051,4700,1,0.3062499999999999,47087.999755859375,4700,1,0.3062499999999999,29707.96792602539,4700,1,0.3062499999999999,7272.783050537109,4700,1,0.3062499999999999,7161.873596191406,4700,1,0.3062499999999999,6752.746475219727,4700,1,0.3062499999999999,6970.518310546875,4700,1,0.3062499999999999,12285.414962768555,3007,3007,3007,3007,3007,3007,3007,3007,3007,3007,3007,3007,4690,4691,3007,3007,3007,4690,3007,3007,3007,3007,3007,4690,100,5.263157844543457,0,0,0,13.636363983154297,15.789472579956055,0,5.263157844543457,0,0,0,15.000000953674316,0,0,0,0,9.523809432983398,10.526315689086914,100,0,0,0,0,66481098752,12884893696,1762721792,0
99,1780596635677,57524.624740600586,4700,1,0.3062499999999999,6935.496917724609,4700,1,0.3062499999999999,6798.432373046875,4700,1,0.3062499999999999,12153.376327514648,4700,1,0.3062499999999999,45714.48143005371,4700,1,0.3062499999999999,37872.23944091797,4700,1,0.3062499999999999,47088.32653808594,4700,1,0.3062499999999999,29708.75602722168,4700,1,0.3062499999999999,7272.7861328125,4700,1,0.3062499999999999,7161.876678466797,4700,1,0.3062499999999999,6752.749557495117,4700,1,0.3062499999999999,6970.521392822266,4700,1,0.3062499999999999,12291.170806884766,3007,3007,3007,3007,3007,3007,3007,3007,3007,3007,3007,3007,4690,4691,3007,3007,3007,4690,3007,3007,3007,3007,3007,4690,100,0,0,0,0,15.000000953674316,20,9.523809432983398,10.526315689086914,0,0,0,5.263157844543457,0,0,0,0,5.263157844543457,15.000000953674316,100,0,0,0,0,66481098752,12884893696,1755922432,0
99,1780596635777,57525.35203552246,4700,1,0.3062499999999999,6935.500076293945,4700,1,0.3062499999999999,6798.435516357422,4700,1,0.3062499999999999,12153.698516845703,4700,1,0.3062499999999999,45714.76657104492,4700,1,0.3062499999999999,37872.502532958984,4700,1,0.3062499999999999,47088.61167907715,4700,1,0.3062499999999999,29709.545623779297,4700,1,0.3062499999999999,7272.789978027344,4700,1,0.3062499999999999,7161.879821777344,4700,1,0.3062499999999999,6752.752639770508,4700,1,0.3062499999999999,6970.524475097656,4700,1,0.3062499999999999,12296.798767089844,3007,3007,3007,3007,3007,3007,3007,3007,3007,3007,3007,3007,4690,4691,3007,3007,3007,4690,3007,3007,3007,3007,3007,4690,100,0,0,0,0,15.000000953674316,20,9.523809432983398,10.526315689086914,0,0,0,5.263157844543457,0,0,0,0,5.263157844543457,15.000000953674316,100,0,0,0,0,66481098752,12884893696,1753980928,0
99,1780596635877,57526.08744812012,4700,1,0.3062499999999999,6935.503158569336,4700,1,0.3062499999999999,6798.4385986328125,4700,1,0.3062499999999999,12154.055618286133,4700,1,0.3062499999999999,45714.97384643555,4700,1,0.3062499999999999,37872.808334350586,4700,1,0.3062499999999999,47088.88961791992,4700,1,0.3062499999999999,29710.33642578125,4700,1,0.3062499999999999,7272.793121337891,4700,1,0.3062499999999999,7161.882904052734,4700,1,0.3062499999999999,6752.755722045898,4700,1,0.3062499999999999,6970.527557373047,4700,1,0.3062499999999999,12302.443572998047,3007,3007,3007,3007,3007,3007,3007,3007,3007,3007,3007,3007,4690,4691,3007,3007,3007,4690,3007,3007,3007,3007,3007,4690,100,15.789472579956055,0,0,0,0,11.111111640930176,10.526315689086914,14.285715103149414,0,0,0,0,0,0,0,0,5,0,100,0,0,0,0,66481098752,12884893696,1758117888,0
99,1780596635977,57526.82339477539,4700,1,0.30000000000000004,6935.506210327148,4700,1,0.30000000000000004,6798.441650390625,4700,1,0.30000000000000004,12154.39437866211,4700,1,0.30000000000000004,45715.34776306152,4700,1,0.30000000000000004,37872.93667602539,4700,1,0.30000000000000004,47089.12496948242,4700,1,0.30000000000000004,29711.119140625,4700,1,0.30000000000000004,7272.796173095703,4700,1,0.30000000000000004,7161.885955810547,4700,1,0.30000000000000004,6752.758773803711,4700,1,0.30000000000000004,6970.530609130859,4700,1,0.30000000000000004,12308.055740356445,3007,3007,3007,3007,3007,3007,3007,3007,3007,3007,3007,3007,4690,4691,3007,3007,3007,4690,3007,3007,3007,3007,3007,4690,100,15.789472579956055,0,0,0,0,11.111111640930176,10.526315689086914,14.285715103149414,0,0,0,0,0,0,0,0,5,0,100,0,0,0,0,66481098752,12884893696,1756184576,0
99,1780596636077,57527.55773925781,4700,1,0.3062499999999999,6935.509368896484,4700,1,0.3062499999999999,6798.444732666016,4700,1,0.3062499999999999,12154.72526550293,4700,1,0.3062499999999999,45715.68565368652,4700,1,0.3062499999999999,37873.18225097656,4700,1,0.3062499999999999,47089.365966796875,4700,1,0.3062499999999999,29711.907196044922,4700,1,0.3062499999999999,7272.799255371094,4700,1,0.3062499999999999,7161.889099121094,4700,1,0.3062499999999999,6752.761856079102,4700,1,0.3062499999999999,6970.53369140625,4700,1,0.3062499999999999,12313.693664550781,3007,3007,3007,3007,3007,3007,3007,3007,3007,3007,3007,3007,4690,4691,3007,3007,3007,4690,3007,3007,3007,3007,3007,4690,100,19.047618865966797,0,0,0,0,20,5.263157844543457,0,0,0,0,15.000000953674316,0,0,0,0,0,14.285715103149414,100,0,0,0,0,66481098752,12884893696,1758396416,0
99,1780596636177,57528.29252624512,4700,1,0.3062499999999999,6935.512451171875,4700,1,0.3062499999999999,6798.4478759765625,4700,1,0.3062499999999999,12155.074203491211,4700,1,0.3062499999999999,45715.8341217041,4700,1,0.3062499999999999,37873.52632141113,4700,1,0.3062499999999999,47089.65252685547,4700,1,0.3062499999999999,29712.69839477539,4700,1,0.3062499999999999,7272.802337646484,4700,1,0.3062499999999999,7161.892181396484,4700,1,0.3062499999999999,6752.764938354492,4700,1,0.3062499999999999,6970.536773681641,4700,1,0.3062499999999999,12319.409317016602,3007,3007,3007,3007,3007,3007,3007,3007,3007,3007,3007,3007,4690,4691,3007,3007,3007,4690,3007,3007,3007,3007,3007,4690,100,19.047618865966797,0,0,0,0,20,5.263157844543457,0,0,0,0,15.000000953674316,0,0,0,0,0,14.285715103149414,100,0,0,0,0,66481098752,12884893696,1759293440,0
99,1780596636277,57529.01333618164,4700,1,0.3062499999999999,6935.515609741211,4700,1,0.3062499999999999,6798.451065063477,4700,1,0.3062499999999999,12155.240097045898,4700,1,0.3062499999999999,45716.041763305664,4700,1,0.3062499999999999,37873.90870666504,4700,1,0.3062499999999999,47089.95768737793,4700,1,0.3062499999999999,29713.51350402832,4700,1,0.3062499999999999,7272.805465698242,4700,1,0.3062499999999999,7161.895355224609,4700,1,0.3062499999999999,6752.768020629883,4700,1,0.3062499999999999,6970.539855957031,4700,1,0.3062499999999999,12325.045761108398,3007,3007,3007,3007,3007,3007,3007,3007,3007,3007,3007,3007,4690,4691,3007,3007,3007,4690,3007,3007,3007,3007,3007,4690,100,15.000000953674316,0,0,0,0,10,15.789472579956055,10.526315689086914,0,0,0,0,0,0,0,0,15.789472579956055,5.263157844543457,100,0,0,0,0,66481098752,12884893696,1757569024,0
99,1780596636377,57529.72625732422,4700,1,0.30000000000000004,6935.518692016602,4700,1,0.3062499999999999,6798.454147338867,4700,1,0.3062499999999999,12155.418502807617,4700,1,0.30000000000000004,45716.188049316406,4700,1,0.3062499999999999,37874.28709411621,4700,1,0.3062499999999999,47090.22644042969,4700,1,0.3062499999999999,29714.350021362305,4700,1,0.3062499999999999,7272.808547973633,4700,1,0.3062499999999999,7161.8984375,4700,1,0.3062499999999999,6752.771102905273,4700,1,0.3062499999999999,6970.542938232422,4700,1,0.3062499999999999,12330.654769897461,3007,3007,3007,3007,3007,3007,3007,3007,3007,3007,3007,3007,4690,4691,3007,3007,3007,4690,3007,3007,3007,3007,3007,4690,100,15.000000953674316,0,0,0,0,10,15.789472579956055,10.526315689086914,0,0,0,0,0,0,0,0,15.789472579956055,5.263157844543457,100,0,0,0,0,66481098752,12884893696,1759948800,0
99,1780596636477,57530.43672180176,4700,1,0.30000000000000004,6935.521774291992,4700,1,0.3062499999999999,6798.457229614258,4700,1,0.3062499999999999,12155.59326171875,4700,1,0.30000000000000004,45716.361572265625,4700,1,0.30000000000000004,37874.66993713379,4700,1,0.30000000000000004,47090.468002319336,4700,1,0.30000000000000004,29715.195846557617,4700,1,0.30000000000000004,7272.811630249023,4700,1,0.3062499999999999,7161.901519775391,4700,1,0.3062499999999999,6752.774185180664,4700,1,0.3062499999999999,6970.5460205078125,4700,1,0.3062499999999999,12336.144027709961,3007,3007,3007,3007,3007,3007,3007,3007,3007,3007,3007,3007,4690,4691,3007,3007,3007,4690,3007,3007,3007,3007,3007,4690,94.73684692382813,0,0,0,0,5.555555820465088,5.555555820465088,20,0,15.789472579956055,0,0,0,0,0,0,0,10,0,100,0,0,0,0,66481098752,12884893696,1760112640,0
99,1780596636577,57531.14009094238,4700,1,0.30000000000000004,6935.524917602539,4700,1,0.30000000000000004,6798.460372924805,4700,1,0.30000000000000004,12155.727722167969,4700,1,0.30000000000000004,45716.61215209961,4700,1,0.30000000000000004,37874.952575683594,4700,1,0.30000000000000004,47090.79560852051,4700,1,0.30000000000000004,29716.026412963867,4700,1,0.30000000000000004,7272.814682006836,4700,1,0.30000000000000004,7161.904632568359,4700,1,0.30000000000000004,6752.777236938477,4700,1,0.30000000000000004,6970.549102783203,4700,1,0.30000000000000004,12341.767395019531,3007,3007,3007,3007,3007,3007,3007,3007,3007,3007,3007,3007,4690,4691,3007,3007,3007,4690,3007,3007,3007,3007,3007,4690,94.73684692382813,0,0,0,0,5.555555820465088,5.555555820465088,20,0,15.789472579956055,0,0,0,0,0,0,0,10,0,100,0,0,0,0,66481098752,12884893696,1761300480,0
99,1780596636677,57531.8525390625,4700,1,0.3062499999999999,6935.527969360352,4700,1,0.3062499999999999,6798.463424682617,4700,1,0.3062499999999999,12155.90495300293,4700,1,0.3062499999999999,45716.71919250488,4700,1,0.3062499999999999,37875.27436828613,4700,1,0.3062499999999999,47091.154296875,4700,1,0.3062499999999999,29716.866134643555,4700,1,0.3062499999999999,7272.817764282227,4700,1,0.3062499999999999,7161.90771484375,4700,1,0.3062499999999999,6752.780319213867,4700,1,0.3062499999999999,6970.552154541016,4700,1,0.3062499999999999,12347.23989868164,3007,3007,3007,3007,3007,3007,3007,3007,3007,3007,3007,3007,4690,4691,3007,3007,3007,4690,3007,3007,3007,3007,3007,4690,95.23809814453125,0,0,0,0,5,14.285715103149414,10,0,15.000000953674316,0,0,0,0,0,0,0,10.526315689086914,23.809524536132813,100,0,0,0,0,66481098752,12884893696,1755475968,0
99,1780596636777,57532.56510925293,4700,1,0.3062499999999999,6935.53337097168,4700,1,0.3062499999999999,6798.466583251953,4700,1,0.3062499999999999,12156.178527832031,4700,1,0.3062499999999999,45716.87275695801,4700,1,0.3062499999999999,37875.57849121094,4700,1,0.3062499999999999,47091.45935058594,4700,1,0.3062499999999999,29717.70135498047,4700,1,0.3062499999999999,7272.820846557617,4700,1,0.3062499999999999,7161.910858154297,4700,1,0.3062499999999999,6752.783401489258,4700,1,0.3062499999999999,6970.555236816406,4700,1,0.3062499999999999,12352.797927856445,3007,3007,3007,3007,3007,3007,3007,3007,3007,3007,3007,3007,4690,4691,3007,3007,3007,4690,3007,3007,3007,3007,3007,4690,95.23809814453125,0,0,0,0,5,14.285715103149414,10,0,15.000000953674316,0,0,0,0,0,0,0,10.526315689086914,23.809524536132813,100,0,0,0,0,66481098752,12884893696,1759023104,0
99,1780596636877,57533.279296875,4700,1,0.3062499999999999,6935.53645324707,4700,1,0.3062499999999999,6798.4754638671875,4700,1,0.3062499999999999,12156.470748901367,4700,1,0.3062499999999999,45717.13084411621,4700,1,0.3062499999999999,37875.64241027832,4700,1,0.3062499999999999,47091.822204589844,4700,1,0.3062499999999999,29718.531997680664,4700,1,0.3062499999999999,7272.823959350586,4700,1,0.3062499999999999,7161.9139404296875,4700,1,0.3062499999999999,6752.786483764648,4700,1,0.3062499999999999,6970.558319091797,4700,1,0.3062499999999999,12358.304565429688,3007,3007,3007,3007,3007,3007,3007,3007,3007,3007,3007,3007,4690,4691,3007,3007,3007,4690,3007,3007,3007,3007,3007,4690,95,20,0,0,0,9.523809432983398,5.555555820465088,0,5,5.555555820465088,0,0,0,0,0,0,0,21.7391300201416,0,100,0,0,0,0,66481098752,12884893696,1762484224,0
99,1780596636978,57533.988845825195,4700,1,0.30000000000000004,6935.539535522461,4700,1,0.3062499999999999,6798.485000610352,4700,1,0.3062499999999999,12156.813949584961,4700,1,0.3062499999999999,45717.177673339844,4700,1,0.3062499999999999,37875.68354797363,4700,1,0.3062499999999999,47092.2024230957,4700,1,0.3062499999999999,29719.367889404297,4700,1,0.3062499999999999,7272.827041625977,4700,1,0.3062499999999999,7161.917022705078,4700,1,0.3062499999999999,6752.789566040039,4700,1,0.3062499999999999,6970.5614013671875,4700,1,0.3062499999999999,12363.676834106445,3007,3007,3007,3007,3007,3007,3007,3007,3007,3007,3007,3007,4690,4691,3007,3007,3007,4690,3007,3007,3007,3007,3007,4690,95,20,0,0,0,9.523809432983398,5.555555820465088,0,5,5.555555820465088,0,0,0,0,0,0,0,21.7391300201416,0,100,0,0,0,0,66481098752,12884893696,1763233792,0
99,1780596637078,57534.70236206055,4700,1,0.3062499999999999,6935.543411254883,4700,1,0.3062499999999999,6798.498641967773,4700,1,0.3062499999999999,12157.060043334961,4700,1,0.3062499999999999,45717.334228515625,4700,1,0.3062499999999999,37875.86047363281,4700,1,0.3062499999999999,47092.61885070801,4700,1,0.3062499999999999,29720.195114135742,4700,1,0.3062499999999999,7272.830123901367,4700,1,0.3062499999999999,7161.920166015625,4700,1,0.3062499999999999,6752.79264831543,4700,1,0.3062499999999999,6970.564483642578,4700,1,0.3062499999999999,12369.255737304688,3007,3007,3007,3007,3007,3007,3007,3007,3007,3007,3007,3007,4690,4691,3007,3007,3007,4690,3007,3007,3007,3007,3007,4690,100,0,0,0,0,0,5,0,21.052631378173828,15.000000953674316,0,0,0,0,0,0,0,0,15.789472579956055,100,0,0,0,0,66481098752,12884893696,1764089856,0
99,1780596637178,57535.413177490234,4700,1,0.30000000000000004,6935.546493530273,4700,1,0.30000000000000004,6798.510635375977,4700,1,0.30000000000000004,12157.303131103516,4700,1,0.30000000000000004,45717.52233886719,4700,1,0.30000000000000004,37875.94595336914,4700,1,0.30000000000000004,47093.04071044922,4700,1,0.30000000000000004,29721.031127929688,4700,1,0.30000000000000004,7272.833236694336,4700,1,0.30000000000000004,7161.923278808594,4700,1,0.30000000000000004,6752.79573059082,4700,1,0.30000000000000004,6970.567565917969,4700,1,0.30000000000000004,12374.746704101563,3007,3007,3007,3007,3007,3007,3007,3007,3007,3007,3007,3007,4690,4691,3007,3007,3007,4690,3007,3007,3007,3007,3007,4690,100,0,0,0,0,0,5,0,21.052631378173828,15.000000953674316,0,0,0,0,0,0,0,0,15.789472579956055,100,0,0,0,0,66481098752,12884893696,1766907904,0
99,1780596637278,57536.123962402344,4700,1,0.3062499999999999,6935.54963684082,4700,1,0.3062499999999999,6798.521774291992,4700,1,0.3062499999999999,12157.459274291992,4700,1,0.3062499999999999,45717.81477355957,4700,1,0.3062499999999999,37876.09411621094,4700,1,0.3062499999999999,47093.40556335449,4700,1,0.3062499999999999,29721.851959228516,4700,1,0.3062499999999999,7272.836288452148,4700,1,0.3062499999999999,7161.926422119141,4700,1,0.3062499999999999,6752.798812866211,4700,1,0.3062499999999999,6970.570648193359,4700,1,0.3062499999999999,12380.298629760742,3007,3007,3007,3007,3007,3007,3007,3007,3007,3007,3007,3007,4690,4691,3007,3007,3007,4690,3007,3007,3007,3007,3007,4690,95.45454406738281,9.523809432983398,0,0,0,0,10,13.636363983154297,22.22222328186035,10.526315689086914,0,0,0,0,0,0,0,0,19.047618865966797,100,0,0,0,0,66481098752,12884893696,1766686720,0
99,1780596637378,57536.83346557617,4700,1,0.30000000000000004,6935.552688598633,4700,1,0.30000000000000004,6798.532897949219,4700,1,0.30000000000000004,12157.483688354492,4700,1,0.30000000000000004,45718.06767272949,4700,1,0.30000000000000004,37876.32649230957,4700,1,0.30000000000000004,47093.83106994629,4700,1,0.30000000000000004,29722.68492126465,4700,1,0.30000000000000004,7272.839401245117,4700,1,0.30000000000000004,7161.929473876953,4700,1,0.30000000000000004,6752.801864624023,4700,1,0.30000000000000004,6970.573699951172,4700,1,0.30000000000000004,12385.805892944336,3007,3007,3007,3007,3007,3007,3007,3007,3007,3007,3007,3007,4690,4691,3007,3007,3007,4690,3007,3007,3007,3007,3007,4690,95.45454406738281,9.523809432983398,0,0,0,0,10,13.636363983154297,22.22222328186035,10.526315689086914,0,0,0,0,0,0,0,0,19.047618865966797,100,0,0,0,0,66481098752,12884893696,1768542208,0
99,1780596637478,57537.54635620117,4700,1,0.3062499999999999,6935.555770874023,4700,1,0.3062499999999999,6798.54377746582,4700,1,0.3062499999999999,12157.488784790039,4700,1,0.3062499999999999,45718.32000732422,4700,1,0.3062499999999999,37876.54182434082,4700,1,0.3062499999999999,47094.26501464844,4700,1,0.3062499999999999,29723.51222229004,4700,1,0.3062499999999999,7272.842483520508,4700,1,0.3062499999999999,7161.932556152344,4700,1,0.3062499999999999,6752.804931640625,4700,1,0.3062499999999999,6970.5767822265625,4700,1,0.3062499999999999,12391.380187988281,3007,3007,3007,3007,3007,3007,3007,3007,3007,3007,3007,3007,4690,4691,3007,3007,3007,4690,3007,3007,3007,3007,3007,4690,95,0,0,0,0,4.761904716491699,0,14.285715103149414,22.22222328186035,15.000000953674316,0,0,0,0,0,0,0,0,25,100,0,0,0,0,66481098752,12884893696,1767587840,0
99,1780596637578,57538.263412475586,4700,1,0.3062499999999999,6935.55891418457,4700,1,0.3062499999999999,6798.557601928711,4700,1,0.3062499999999999,12157.595428466797,4700,1,0.3062499999999999,45718.659271240234,4700,1,0.3062499999999999,37876.77510070801,4700,1,0.3062499999999999,47094.6227722168,4700,1,0.3062499999999999,29724.33201599121,4700,1,0.3062499999999999,7272.845565795898,4700,1,0.3062499999999999,7161.941390991211,4700,1,0.3062499999999999,6752.808013916016,4700,1,0.3062499999999999,6970.579864501953,4700,1,0.3062499999999999,12397.001739501953,3007,3007,3007,3007,3007,3007,3007,3007,3007,3007,3007,3007,4690,4691,3007,3007,3007,4690,3007,3007,3007,3007,3007,4690,95,0,0,0,0,4.761904716491699,0,14.285715103149414,22.22222328186035,15.000000953674316,0,0,0,0,0,0,0,0,25,100,0,0,0,0,66481098752,12884893696,1768386560,0
99,1780596637678,57538.97738647461,4700,1,0.3062499999999999,6935.562438964844,4700,1,0.3062499999999999,6798.567306518555,4700,1,0.3062499999999999,12157.855041503906,4700,1,0.3062499999999999,45718.908615112305,4700,1,0.3062499999999999,37877.068603515625,4700,1,0.3062499999999999,47094.908615112305,4700,1,0.3062499999999999,29725.16439819336,4700,1,0.3062499999999999,7272.848648071289,4700,1,0.3062499999999999,7161.944473266602,4700,1,0.3062499999999999,6752.811096191406,4700,1,0.3062499999999999,6970.582946777344,4700,1,0.3062499999999999,12402.584671020508,3007,3007,3007,3007,3007,3007,3007,3007,3007,3007,3007,3007,4690,4691,3007,3007,3007,4690,3007,3007,3007,3007,3007,4690,95,14.285715103149414,0,0,0,0,5.263157844543457,20,20,15.000000953674316,0,0,0,0,0,0,0,0,5.263157844543457,100,0,0,0,0,66481098752,12884893696,1757392896,0
99,1780596637778,57539.691329956055,4700,1,0.3062499999999999,6935.565582275391,4700,1,0.3062499999999999,6798.582672119141,4700,1,0.3062499999999999,12158.099914550781,4700,1,0.3062499999999999,45719.24346923828,4700,1,0.3062499999999999,37877.223220825195,4700,1,0.3062499999999999,47095.18891906738,4700,1,0.3062499999999999,29725.99887084961,4700,1,0.3062499999999999,7272.851776123047,4700,1,0.3062499999999999,7161.947616577148,4700,1,0.3062499999999999,6752.814178466797,4700,1,0.3062499999999999,6970.586029052734,4700,1,0.3062499999999999,12408.089874267578,3007,3007,3007,3007,3007,3007,3007,3007,3007,3007,3007,3007,4690,4691,3007,3007,3007,4690,3007,3007,3007,3007,3007,4690,95,14.285715103149414,0,0,0,0,5.263157844543457,20,20,15.000000953674316,0,0,0,0,0,0,0,0,5.263157844543457,100,0,0,0,0,66481098752,12884893696,1757884416,0
99,1780596637878,57540.40849304199,4700,1,0.30000000000000004,6935.568664550781,4700,1,0.3062499999999999,6798.597351074219,4700,1,0.3062499999999999,12158.342681884766,4700,1,0.30000000000000004,45719.52816772461,4700,1,0.30000000000000004,37877.50614929199,4700,1,0.30000000000000004,47095.46943664551,4700,1,0.30000000000000004,29726.82553100586,4700,1,0.30000000000000004,7272.854904174805,4700,1,0.30000000000000004,7161.950729370117,4700,1,0.30000000000000004,6752.8172607421875,4700,1,0.3062499999999999,6970.589111328125,4700,1,0.3062499999999999,12413.744888305664,3007,3007,3007,3007,3007,3007,3007,3007,3007,3007,3007,3007,4690,4691,3007,3007,3007,4690,3007,3007,3007,3007,3007,4690,100,0,0,0,0,0,19.047618865966797,5.555555820465088,20,10,0,0,10,0,0,0,0,0,0,100,0,0,0,0,66481098752,12884893696,1760133120,0
99,1780596637978,57541.11364746094,4700,1,0.3062499999999999,6935.571746826172,4700,1,0.3062499999999999,6798.609893798828,4700,1,0.3062499999999999,12158.582473754883,4700,1,0.3062499999999999,45719.7705078125,4700,1,0.3062499999999999,37877.807540893555,4700,1,0.3062499999999999,47095.74691772461,4700,1,0.3062499999999999,29727.6515045166,4700,1,0.3062499999999999,7272.857986450195,4700,1,0.3062499999999999,7161.953811645508,4700,1,0.3062499999999999,6752.820343017578,4700,1,0.3062499999999999,6970.592193603516,4700,1,0.3062499999999999,12419.368759155273,3007,3007,3007,3007,3007,3007,3007,3007,3007,3007,3007,3007,4690,4691,3007,3007,3007,4690,3007,3007,3007,3007,3007,4690,100,0,0,0,0,0,19.047618865966797,5.555555820465088,20,10,0,0,10,0,0,0,0,0,0,100,0,0,0,0,66481098752,12884893696,1758355456,0
99,1780596638078,57541.82766723633,4700,1,0.30000000000000004,6935.575012207031,4700,1,0.30000000000000004,6798.6229248046875,4700,1,0.30000000000000004,12158.82894897461,4700,1,0.30000000000000004,45720.10908508301,4700,1,0.30000000000000004,37877.86087036133,4700,1,0.30000000000000004,47096.06898498535,4700,1,0.30000000000000004,29728.48745727539,4700,1,0.30000000000000004,7272.861038208008,4700,1,0.30000000000000004,7161.956924438477,4700,1,0.30000000000000004,6752.823425292969,4700,1,0.30000000000000004,6970.595275878906,4700,1,0.30000000000000004,12424.911743164063,3007,3007,3007,3007,3007,3007,3007,3007,3007,3007,3007,3007,4690,4691,3007,3007,3007,4690,3007,3007,3007,3007,3007,4690,94.73684692382813,0,0,0,0,0,10.526315689086914,10,20,5.555555820465088,0,0,5.263157844543457,0,0,0,0,0,9.523809432983398,100,0,0,0,0,66481098752,12884893696,1752199168,0
99,1780596638178,57542.54295349121,4700,1,0.30000000000000004,6935.587661743164,4700,1,0.30000000000000004,6798.626068115234,4700,1,0.30000000000000004,12159.08740234375,4700,1,0.30000000000000004,45720.364013671875,4700,1,0.30000000000000004,37877.86752319336,4700,1,0.30000000000000004,47096.476150512695,4700,1,0.30000000000000004,29729.32749938965,4700,1,0.30000000000000004,7272.864120483398,4700,1,0.30000000000000004,7161.960006713867,4700,1,0.30000000000000004,6752.826477050781,4700,1,0.30000000000000004,6970.598327636719,4700,1,0.30000000000000004,12430.332626342773,3007,3007,3007,3007,3007,3007,3007,3007,3007,3007,3007,3007,4690,4691,3007,3007,3007,4690,3007,3007,3007,3007,3007,4690,94.73684692382813,0,0,0,0,0,10.526315689086914,10,20,5.555555820465088,0,0,5.263157844543457,0,0,0,0,0,9.523809432983398,100,0,0,0,0,66481098752,12884893696,1749336064,0
99,1780596638278,57543.257263183594,4700,1,0.3062499999999999,6935.598526000977,4700,1,0.3062499999999999,6798.629302978516,4700,1,0.3062499999999999,12159.32974243164,4700,1,0.3062499999999999,45720.72196960449,4700,1,0.3062499999999999,37877.87437438965,4700,1,0.3062499999999999,47096.78022766113,4700,1,0.3062499999999999,29730.165267944336,4700,1,0.3062499999999999,7272.867202758789,4700,1,0.3062499999999999,7161.963150024414,4700,1,0.3062499999999999,6752.829559326172,4700,1,0.3062499999999999,6970.601409912109,4700,1,0.3062499999999999,12435.7783203125,3007,3007,3007,3007,3007,3007,3007,3007,3007,3007,3007,3007,4690,4691,3007,3007,3007,4690,3007,3007,3007,3007,3007,4690,95.23809814453125,10.526315689086914,0,0,0,0,10.526315689086914,0,15.000000953674316,22.72727394104004,0,0,5.263157844543457,0,0,0,0,0,19.047618865966797,100,0,0,0,0,66481098752,12884893696,1751904256,0
99,1780596638378,57543.97425842285,4700,1,0.3062499999999999,6935.615234375,4700,1,0.3062499999999999,6798.632385253906,4700,1,0.3062499999999999,12159.577941894531,4700,1,0.3062499999999999,45721.0447845459,4700,1,0.3062499999999999,37878.156494140625,4700,1,0.3062499999999999,47096.99089050293,4700,1,0.3062499999999999,29730.993423461914,4700,1,0.3062499999999999,7272.87028503418,4700,1,0.3062499999999999,7161.966278076172,4700,1,0.3062499999999999,6752.832672119141,4700,1,0.3062499999999999,6970.6044921875,4700,1,0.3062499999999999,12441.35952758789,3007,3007,3007,3007,3007,3007,3007,3007,3007,3007,3007,3007,4690,4691,3007,3007,3007,4690,3007,3007,3007,3007,3007,4690,95.23809814453125,10.526315689086914,0,0,0,0,10.526315689086914,0,15.000000953674316,22.72727394104004,0,0,5.263157844543457,0,0,0,0,0,19.047618865966797,100,0,0,0,0,66481098752,12884893696,1755238400,0
99,1780596638478,57544.67947387695,4700,1,0.3062499999999999,6935.659103393555,4700,1,0.3062499999999999,6798.660980224609,4700,1,0.3062499999999999,12159.804916381836,4700,1,0.3062499999999999,45721.345291137695,4700,1,0.3062499999999999,37878.33869934082,4700,1,0.3062499999999999,47097.19599914551,4700,1,0.3062499999999999,29731.684631347656,4700,1,0.3062499999999999,7272.902679443359,4700,1,0.3062499999999999,7162.003768920898,4700,1,0.3062499999999999,6752.860534667969,4700,1,0.3062499999999999,6970.642929077148,4700,1,0.3062499999999999,12446.829086303711,3007,3007,3007,3007,3007,3007,3007,3007,3007,3007,3007,3007,4690,4691,3007,3007,3007,4690,3007,3007,3007,3007,3007,4690,95,10,4.761904716491699,0,0,0,5.263157844543457,4.761904716491699,5.263157844543457,5.555555820465088,0,0,23.809524536132813,0,0,0,0,0,0,90.47618865966797,0,0,0,0,66481098752,12884893696,1761677312,0
99,1780596638579,57545.39497375488,4700,1,0.30000000000000004,6935.676208496094,4700,1,0.3062499999999999,6798.668441772461,4700,1,0.3062499999999999,12159.95687866211,4700,1,0.3062499999999999,45721.59683227539,4700,1,0.3062499999999999,37878.601821899414,4700,1,0.3062499999999999,47097.53494262695,4700,1,0.3062499999999999,29732.516067504883,4700,1,0.3062499999999999,7272.90705871582,4700,1,0.3062499999999999,7162.00830078125,4700,1,0.3062499999999999,6752.865188598633,4700,1,0.3062499999999999,6970.646957397461,4700,1,0.3062499999999999,12452.369018554688,3007,3007,3007,3007,3007,3007,3007,3007,3007,3007,3007,3007,4690,4691,3007,3007,3007,4690,3007,3007,3007,3007,3007,4690,95,10,4.761904716491699,0,0,0,5.263157844543457,4.761904716491699,5.263157844543457,5.555555820465088,0,0,23.809524536132813,0,0,0,0,0,0,90.47618865966797,0,0,0,0,66481098752,12884893696,1756721152,0
99,1780596638679,57546.10629272461,4700,1,0.3062499999999999,6935.679290771484,4700,1,0.3062499999999999,6798.671524047852,4700,1,0.3062499999999999,12160.06918334961,4700,1,0.3062499999999999,45721.88259887695,4700,1,0.3062499999999999,37878.90408325195,4700,1,0.3062499999999999,47097.81660461426,4700,1,0.3062499999999999,29733.349365234375,4700,1,0.3062499999999999,7272.910140991211,4700,1,0.3062499999999999,7162.011383056641,4700,1,0.3062499999999999,6752.868560791016,4700,1,0.3062499999999999,6970.650039672852,4700,1,0.3062499999999999,12457.977935791016,3007,3007,3007,3007,3007,3007,3007,3007,3007,3007,3007,3007,4690,4691,3007,3007,3007,4690,3007,3007,3007,3007,3007,4690,100,10,0,0,0,0,15.789472579956055,5.263157844543457,15.000000953674316,10.526315689086914,0,0,0,0,0,0,0,9.523809432983398,5.263157844543457,100,0,0,0,0,66481098752,12884893696,1748287488,0
99,1780596638779,57546.80937194824,4700,1,0.3062499999999999,6935.682418823242,4700,1,0.3062499999999999,6798.67463684082,4700,1,0.3062499999999999,12160.12240600586,4700,1,0.3062499999999999,45722.19512939453,4700,1,0.3062499999999999,37879.180404663086,4700,1,0.3062499999999999,47098.14698791504,4700,1,0.3062499999999999,29734.175842285156,4700,1,0.3062499999999999,7272.913238525391,4700,1,0.3062499999999999,7162.014495849609,4700,1,0.3062499999999999,6752.871673583984,4700,1,0.3062499999999999,6970.661666870117,4700,1,0.3062499999999999,12463.583435058594,3007,3007,3007,3007,3007,3007,3007,3007,3007,3007,3007,3007,4690,4691,3007,3007,3007,4690,3007,3007,3007,3007,3007,4690,100,10,0,0,0,0,15.789472579956055,5.263157844543457,15.000000953674316,10.526315689086914,0,0,0,0,0,0,0,9.523809432983398,5.263157844543457,100,0,0,0,0,66481098752,12884893696,1748717568,0
99,1780596638879,57547.52278137207,4700,1,0.30000000000000004,6935.685607910156,4700,1,0.30000000000000004,6798.6781005859375,4700,1,0.30000000000000004,12160.471084594727,4700,1,0.30000000000000004,45722.4250793457,4700,1,0.30000000000000004,37879.32894897461,4700,1,0.30000000000000004,47098.416076660156,4700,1,0.30000000000000004,29735.004974365234,4700,1,0.30000000000000004,7272.9163818359375,4700,1,0.30000000000000004,7162.017608642578,4700,1,0.30000000000000004,6752.874786376953,4700,1,0.30000000000000004,6970.664749145508,4700,1,0.30000000000000004,12469.107559204102,3007,3007,3007,3007,3007,3007,3007,3007,3007,3007,3007,3007,4690,4691,3007,3007,3007,4690,3007,3007,3007,3007,3007,4690,94.73684692382813,15.000000953674316,0,0,0,5.263157844543457,5.882352828979492,10,5,15.000000953674316,0,0,4.761904716491699,0,0,0,0,0,0,100,0,0,0,0,66481098752,12884893696,1752444928,0
99,1780596638979,57548.23501586914,4700,1,0.3062499999999999,6935.688690185547,4700,1,0.3062499999999999,6798.685363769531,4700,1,0.3062499999999999,12160.724624633789,4700,1,0.3062499999999999,45722.660232543945,4700,1,0.3062499999999999,37879.60806274414,4700,1,0.3062499999999999,47098.73588562012,4700,1,0.3062499999999999,29735.833404541016,4700,1,0.3062499999999999,7272.919479370117,4700,1,0.3062499999999999,7162.020690917969,4700,1,0.3062499999999999,6752.877868652344,4700,1,0.3062499999999999,6970.667892456055,4700,1,0.3062499999999999,12474.714782714844,3007,3007,3007,3007,3007,3007,3007,3007,3007,3007,3007,3007,4690,4691,3007,3007,3007,4690,3007,3007,3007,3007,3007,4690,94.73684692382813,15.000000953674316,0,0,0,5.263157844543457,5.882352828979492,10,5,15.000000953674316,0,0,4.761904716491699,0,0,0,0,0,0,100,0,0,0,0,66481098752,12884893696,1754861568,0
99,1780596639079,57548.94415283203,4700,1,0.3062499999999999,6935.691741943359,4700,1,0.3062499999999999,6798.688415527344,4700,1,0.3062499999999999,12160.852996826172,4700,1,0.3062499999999999,45722.86363220215,4700,1,0.3062499999999999,37879.8971862793,4700,1,0.3062499999999999,47099.100357055664,4700,1,0.3062499999999999,29736.664596557617,4700,1,0.3062499999999999,7272.922637939453,4700,1,0.3062499999999999,7162.0238037109375,4700,1,0.3062499999999999,6752.880950927734,4700,1,0.3062499999999999,6970.6710205078125,4700,1,0.3062499999999999,12480.21614074707,3007,3007,3007,3007,3007,3007,3007,3007,3007,3007,3007,3007,4690,4691,3007,3007,3007,4690,3007,3007,3007,3007,3007,4690,95,10,0,0,0,0,14.285715103149414,5,10.526315689086914,15.000000953674316,0,0,0,0,0,0,0,0,20,100,0,0,0,0,66481098752,12884893696,1756819456,0
99,1780596639179,57549.65905761719,4700,1,0.3062499999999999,6935.69482421875,4700,1,0.3062499999999999,6798.691497802734,4700,1,0.3062499999999999,12161.122695922852,4700,1,0.3062499999999999,45722.86863708496,4700,1,0.3062499999999999,37880.29162597656,4700,1,0.3062499999999999,47099.36685180664,4700,1,0.3062499999999999,29737.495025634766,4700,1,0.3062499999999999,7272.925872802734,4700,1,0.3062499999999999,7162.026885986328,4700,1,0.3062499999999999,6752.884033203125,4700,1,0.3062499999999999,6970.674102783203,4700,1,0.3062499999999999,12485.667465209961,3007,3007,3007,3007,3007,3007,3007,3007,3007,3007,3007,3007,4690,4691,3007,3007,3007,4690,3007,3007,3007,3007,3007,4690,95,10,0,0,0,0,14.285715103149414,5,10.526315689086914,15.000000953674316,0,0,0,0,0,0,0,0,20,100,0,0,0,0,66481098752,12884893696,1759776768,0
99,1780596639279,57550.37106323242,4700,1,0.30000000000000004,6935.698181152344,4700,1,0.3062499999999999,6798.703460693359,4700,1,0.3062499999999999,12161.374282836914,4700,1,0.30000000000000004,45722.87324523926,4700,1,0.30000000000000004,37880.571533203125,4700,1,0.30000000000000004,47099.74983215332,4700,1,0.30000000000000004,29738.32551574707,4700,1,0.3062499999999999,7272.929061889648,4700,1,0.3062499999999999,7162.029968261719,4700,1,0.3062499999999999,6752.887115478516,4700,1,0.3062499999999999,6970.67724609375,4700,1,0.3062499999999999,12491.096450805664,3007,3007,3007,3007,3007,3007,3007,3007,3007,3007,3007,3007,4690,4691,3007,3007,3007,4690,3007,3007,3007,3007,3007,4690,95.23809814453125,10.526315689086914,0,0,0,0,0,10.526315689086914,14.285715103149414,14.285715103149414,0,0,0,0,0,0,0,5.263157844543457,20,100,0,0,0,0,66481098752,12884893696,1762033664,0
99,1780596639379,57551.073471069336,4700,1,0.30000000000000004,6935.7012939453125,4700,1,0.30000000000000004,6798.708435058594,4700,1,0.30000000000000004,12161.622787475586,4700,1,0.30000000000000004,45722.968673706055,4700,1,0.30000000000000004,37880.7918548584,4700,1,0.30000000000000004,47100.1375579834,4700,1,0.30000000000000004,29739.155212402344,4700,1,0.30000000000000004,7272.932189941406,4700,1,0.30000000000000004,7162.033126831055,4700,1,0.30000000000000004,6752.890197753906,4700,1,0.30000000000000004,6970.680419921875,4700,1,0.30000000000000004,12496.61164855957,3007,3007,3007,3007,3007,3007,3007,3007,3007,3007,3007,3007,4690,4691,3007,3007,3007,4690,3007,3007,3007,3007,3007,4690,95.23809814453125,10.526315689086914,0,0,0,0,0,10.526315689086914,14.285715103149414,14.285715103149414,0,0,0,0,0,0,0,5.263157844543457,20,100,0,0,0,0,66481098752,12884893696,1759756288,0
99,1780596639479,57551.791275024414,4700,1,0.3062499999999999,6935.704376220703,4700,1,0.3062499999999999,6798.711517333984,4700,1,0.3062499999999999,12161.878799438477,4700,1,0.3062499999999999,45723.216064453125,4700,1,0.3062499999999999,37881.07438659668,4700,1,0.3062499999999999,47100.44136047363,4700,1,0.3062499999999999,29739.970611572266,4700,1,0.3062499999999999,7272.935241699219,4700,1,0.3062499999999999,7162.036209106445,4700,1,0.3062499999999999,6752.893325805664,4700,1,0.3062499999999999,6970.683502197266,4700,1,0.3062499999999999,12502.230087280273,3007,3007,3007,3007,3007,3007,3007,3007,3007,3007,3007,3007,4690,4691,3007,3007,3007,4690,3007,3007,3007,3007,3007,4690,94.73684692382813,0,0,0,0,0,5.555555820465088,0,10.526315689086914,10.526315689086914,0,0,0,0,0,0,0,15.000000953674316,11.764705657958984,100,0,0,0,0,66481098752,12884893696,1760960512,0
99,1780596639579,57552.5016784668,4700,1,0.30000000000000004,6935.707427978516,4700,1,0.30000000000000004,6798.714569091797,4700,1,0.30000000000000004,12162.128799438477,4700,1,0.30000000000000004,45723.45372009277,4700,1,0.30000000000000004,37881.327392578125,4700,1,0.30000000000000004,47100.74447631836,4700,1,0.30000000000000004,29740.80291748047,4700,1,0.30000000000000004,7272.938385009766,4700,1,0.30000000000000004,7162.039291381836,4700,1,0.30000000000000004,6752.896408081055,4700,1,0.30000000000000004,6970.686630249023,4700,1,0.30000000000000004,12507.765548706055,3007,3007,3007,3007,3007,3007,3007,3007,3007,3007,3007,3007,4690,4691,3007,3007,3007,4690,3007,3007,3007,3007,3007,4690,94.73684692382813,0,0,0,0,0,5.555555820465088,0,10.526315689086914,10.526315689086914,0,0,0,0,0,0,0,15.000000953674316,11.764705657958984,100,0,0,0,0,66481098752,12884893696,1761857536,0
99,1780596639679,57553.21505737305,4700,1,0.3062499999999999,6935.71061706543,4700,1,0.3062499999999999,6798.721420288086,4700,1,0.3062499999999999,12162.380752563477,4700,1,0.3062499999999999,45723.72346496582,4700,1,0.3062499999999999,37881.54341125488,4700,1,0.3062499999999999,47101.052795410156,4700,1,0.3062499999999999,29741.632369995117,4700,1,0.3062499999999999,7272.9415283203125,4700,1,0.3062499999999999,7162.042404174805,4700,1,0.3062499999999999,6752.899551391602,4700,1,0.3062499999999999,6970.689834594727,4700,1,0.3062499999999999,12513.348876953125,3007,3007,3007,3007,3007,3007,3007,3007,3007,3007,3007,3007,4690,4691,3007,3007,3007,4690,3007,3007,3007,3007,3007,4690,95,0,0,0,0,0,5.555555820465088,0,15.000000953674316,10.526315689086914,0,0,0,0,0,0,0,15.000000953674316,18.18181800842285,100,0,0,0,0,66481098752,12884893696,1755697152,0
99,1780596639779,57553.93199157715,4700,1,0.3062499999999999,6935.71369934082,4700,1,0.3062499999999999,6798.724502563477,4700,1,0.3062499999999999,12162.631576538086,4700,1,0.3062499999999999,45723.99252319336,4700,1,0.3062499999999999,37881.80534362793,4700,1,0.3062499999999999,47101.357482910156,4700,1,0.3062499999999999,29742.45425415039,4700,1,0.3062499999999999,7272.944610595703,4700,1,0.3062499999999999,7162.045486450195,4700,1,0.3062499999999999,6752.902633666992,4700,1,0.3062499999999999,6970.692916870117,4700,1,0.3062499999999999,12518.996109008789,3007,3007,3007,3007,3007,3007,3007,3007,3007,3007,3007,3007,4690,4691,3007,3007,3007,4690,3007,3007,3007,3007,3007,4690,95,0,0,0,0,0,5.555555820465088,0,15.000000953674316,10.526315689086914,0,0,0,0,0,0,0,15.000000953674316,18.18181800842285,100,0,0,0,0,66481098752,12884893696,1757138944,0
99,1780596639879,57554.64091491699,4700,1,0.3062499999999999,6935.716827392578,4700,1,0.3062499999999999,6798.727676391602,4700,1,0.3062499999999999,12162.827713012695,4700,1,0.3062499999999999,45724.19966125488,4700,1,0.3062499999999999,37881.98468017578,4700,1,0.3062499999999999,47101.75703430176,4700,1,0.3062499999999999,29743.28350830078,4700,1,0.3062499999999999,7272.94775390625,4700,1,0.3062499999999999,7162.048599243164,4700,1,0.3062499999999999,6752.905715942383,4700,1,0.3062499999999999,6970.696075439453,4700,1,0.3062499999999999,12524.536239624023,3007,3007,3007,3007,3007,3007,3007,3007,3007,3007,3007,3007,4690,4691,3007,3007,3007,4690,3007,3007,3007,3007,3007,4690,100,0,0,0,0,9.523809432983398,10.526315689086914,0,21.052631378173828,14.285715103149414,0,0,0,0,0,0,0,10,0,100,0,0,0,0,66481098752,12884893696,1750237184,0
99,1780596639979,57555.352798461914,4700,1,0.3062499999999999,6935.719909667969,4700,1,0.3062499999999999,6798.730758666992,4700,1,0.3062499999999999,12163.119750976563,4700,1,0.3062499999999999,45724.44941711426,4700,1,0.3062499999999999,37882.215087890625,4700,1,0.3062499999999999,47102.05973815918,4700,1,0.3062499999999999,29744.107711791992,4700,1,0.3062499999999999,7272.950836181641,4700,1,0.3062499999999999,7162.051681518555,4700,1,0.3062499999999999,6752.908798217773,4700,1,0.3062499999999999,6970.699157714844,4700,1,0.3062499999999999,12530.229919433594,3007,3007,3007,3007,3007,3007,3007,3007,3007,3007,3007,3007,4690,4691,3007,3007,3007,4690,3007,3007,3007,3007,3007,4690,100,0,0,0,0,9.523809432983398,10.526315689086914,0,21.052631378173828,14.285715103149414,0,0,0,0,0,0,0,10,0,100,0,0,0,0,66481098752,12884893696,1751224320,0
99,1780596640079,57556.05813598633,4700,1,0.3062499999999999,6935.723068237305,4700,1,0.3062499999999999,6798.73779296875,4700,1,0.30000000000000004,12163.366943359375,4700,1,0.3062499999999999,45724.68519592285,4700,1,0.3062499999999999,37882.24270629883,4700,1,0.3062499999999999,47102.48924255371,4700,1,0.3062499999999999,29744.935928344727,4700,1,0.3062499999999999,7272.953994750977,4700,1,0.3062499999999999,7162.054794311523,4700,1,0.3062499999999999,6752.911880493164,4700,1,0.3062499999999999,6970.70231628418,4700,1,0.3062499999999999,12535.743942260742,3007,3007,3007,3007,3007,3007,3007,3007,3007,3007,3007,3007,4690,4691,3007,3007,3007,4690,3007,3007,3007,3007,3007,4690,95.45454406738281,0,0,0,0,15.000000953674316,5.263157844543457,0,5.555555820465088,19.047618865966797,0,0,0,0,0,0,0,0,28.571430206298828,100,0,0,0,0,66481098752,12884893696,1752158208,0
99,1780596640179,57556.77931213379,4700,1,0.30000000000000004,6935.726150512695,4700,1,0.30000000000000004,6798.740875244141,4700,1,0.30000000000000004,12163.615356445313,4700,1,0.30000000000000004,45724.914474487305,4700,1,0.30000000000000004,37882.35932922363,4700,1,0.30000000000000004,47102.9083404541,4700,1,0.30000000000000004,29745.73683166504,4700,1,0.30000000000000004,7272.957046508789,4700,1,0.30000000000000004,7162.057846069336,4700,1,0.30000000000000004,6752.914932250977,4700,1,0.30000000000000004,6970.705429077148,4700,1,0.30000000000000004,12541.276092529297,3007,3007,3007,3007,3007,3007,3007,3007,3007,3007,3007,3007,4690,4691,3007,3007,3007,4690,3007,3007,3007,3007,3007,4690,95.45454406738281,0,0,0,0,15.000000953674316,5.263157844543457,0,5.555555820465088,19.047618865966797,0,0,0,0,0,0,0,0,28.571430206298828,100,0,0,0,0,66481098752,12884893696,1750130688,0
99,1780596640279,57557.51284790039,4700,1,0.3062499999999999,6935.729202270508,4700,1,0.3062499999999999,6798.745513916016,4700,1,0.3062499999999999,12163.870162963867,4700,1,0.3062499999999999,45725.191802978516,4700,1,0.3062499999999999,37882.618896484375,4700,1,0.3062499999999999,47103.27624511719,4700,1,0.3062499999999999,29746.525451660156,4700,1,0.3062499999999999,7272.96012878418,4700,1,0.3062499999999999,7162.060958862305,4700,1,0.3062499999999999,6752.918014526367,4700,1,0.3062499999999999,6970.708587646484,4700,1,0.3062499999999999,12546.980239868164,3007,3007,3007,3007,3007,3007,3007,3007,3007,3007,3007,3007,4690,4691,3007,3007,3007,4690,3007,3007,3007,3007,3007,4690,94.73684692382813,0,0,0,0,5.263157844543457,15.000000953674316,10,28.571430206298828,5,0,0,0,0,0,0,0,0,21.052631378173828,100,0,0,0,0,66481098752,12884893696,1751597056,0
99,1780596640379,57558.227951049805,4700,1,0.3062499999999999,6935.732284545898,4700,1,0.3062499999999999,6798.748672485352,4700,1,0.3062499999999999,12163.904693603516,4700,1,0.3062499999999999,45725.5525970459,4700,1,0.3062499999999999,37882.90451049805,4700,1,0.3062499999999999,47103.567810058594,4700,1,0.3062499999999999,29747.34928894043,4700,1,0.3062499999999999,7272.963272094727,4700,1,0.3062499999999999,7162.064041137695,4700,1,0.3062499999999999,6752.921096801758,4700,1,0.3062499999999999,6970.71174621582,4700,1,0.3062499999999999,12552.522079467773,3007,3007,3007,3007,3007,3007,3007,3007,3007,3007,3007,3007,4690,4691,3007,3007,3007,4690,3007,3007,3007,3007,3007,4690,94.73684692382813,0,0,0,0,5.263157844543457,15.000000953674316,10,28.571430206298828,5,0,0,0,0,0,0,0,0,21.052631378173828,100,0,0,0,0,66481098752,12884893696,1753849856,0
99,1780596640479,57558.94201660156,4700,1,0.3062499999999999,6935.7353515625,4700,1,0.3062499999999999,6798.751815795898,4700,1,0.3062499999999999,12164.031524658203,4700,1,0.3062499999999999,45725.913009643555,4700,1,0.3062499999999999,37883.06678771973,4700,1,0.3062499999999999,47103.8701171875,4700,1,0.3062499999999999,29748.177322387695,4700,1,0.3062499999999999,7272.966354370117,4700,1,0.3062499999999999,7162.067123413086,4700,1,0.3062499999999999,6752.924179077148,4700,1,0.3062499999999999,6970.714859008789,4700,1,0.3062499999999999,12558.090286254883,3007,3007,3007,3007,3007,3007,3007,3007,3007,3007,3007,3007,4690,4691,3007,3007,3007,4690,3007,3007,3007,3007,3007,4690,100,4.761904716491699,0,0,0,0,28.571430206298828,0,20,5.263157844543457,0,0,0,0,0,0,0,15.000000953674316,0,100,0,0,0,0,66481098752,12884893696,1751699456,0
99,1780596640579,57559.658432006836,4700,1,0.30000000000000004,6935.738433837891,4700,1,0.3062499999999999,6798.754898071289,4700,1,0.3062499999999999,12164.354125976563,4700,1,0.30000000000000004,45726.27314758301,4700,1,0.30000000000000004,37883.07345581055,4700,1,0.3062499999999999,47104.09948730469,4700,1,0.3062499999999999,29749.002655029297,4700,1,0.3062499999999999,7272.969497680664,4700,1,0.3062499999999999,7162.070205688477,4700,1,0.3062499999999999,6752.927261352539,4700,1,0.3062499999999999,6970.718017578125,4700,1,0.3062499999999999,12563.555282592773,3007,3007,3007,3007,3007,3007,3007,3007,3007,3007,3007,3007,4690,4691,3007,3007,3007,4690,3007,3007,3007,3007,3007,4690,100,4.761904716491699,0,0,0,0,28.571430206298828,0,20,5.263157844543457,0,0,0,0,0,0,0,15.000000953674316,0,100,0,0,0,0,66481098752,12884893696,1752141824,0
99,1780596640680,57560.38299560547,4700,1,0.30000000000000004,6935.741516113281,4700,1,0.30000000000000004,6798.75798034668,4700,1,0.30000000000000004,12164.608505249023,4700,1,0.30000000000000004,45726.66247558594,4700,1,0.30000000000000004,37883.079833984375,4700,1,0.30000000000000004,47104.339599609375,4700,1,0.30000000000000004,29749.83674621582,4700,1,0.30000000000000004,7272.972579956055,4700,1,0.30000000000000004,7162.073287963867,4700,1,0.30000000000000004,6752.93034362793,4700,1,0.30000000000000004,6970.721099853516,4700,1,0.30000000000000004,12568.958633422852,3007,3007,3007,3007,3007,3007,3007,3007,3007,3007,3007,3007,4690,4691,3007,3007,3007,4690,3007,3007,3007,3007,3007,4690,95.45454406738281,5.263157844543457,0,0,5,0,20,0,5.263157844543457,15.000000953674316,0,0,15.000000953674316,0,0,0,0,0,0,100,0,0,0,0,66481098752,12884893696,1747468288,0
99,1780596640780,57561.110931396484,4700,1,0.3062499999999999,6935.744598388672,4700,1,0.3062499999999999,6798.76106262207,4700,1,0.3062499999999999,12164.727981567383,4700,1,0.3062499999999999,45727.0518951416,4700,1,0.3062499999999999,37883.373107910156,4700,1,0.3062499999999999,47104.50003051758,4700,1,0.3062499999999999,29750.66668701172,4700,1,0.3062499999999999,7272.975662231445,4700,1,0.3062499999999999,7162.076385498047,4700,1,0.3062499999999999,6752.93342590332,4700,1,0.3062499999999999,6970.728973388672,4700,1,0.3062499999999999,12574.484191894531,3007,3007,3007,3007,3007,3007,3007,3007,3007,3007,3007,3007,4690,4691,3007,3007,3007,4690,3007,3007,3007,3007,3007,4690,95.45454406738281,5.263157844543457,0,0,5,0,20,0,5.263157844543457,15.000000953674316,0,0,15.000000953674316,0,0,0,0,0,0,100,0,0,0,0,66481098752,12884893696,1743122432,0
99,1780596640880,57561.83027648926,4700,1,0.30000000000000004,6935.7476806640625,4700,1,0.30000000000000004,6798.764236450195,4700,1,0.30000000000000004,12164.738403320313,4700,1,0.30000000000000004,45727.3897857666,4700,1,0.30000000000000004,37883.71110534668,4700,1,0.30000000000000004,47104.67930603027,4700,1,0.30000000000000004,29751.495544433594,4700,1,0.30000000000000004,7272.978775024414,4700,1,0.30000000000000004,7162.079437255859,4700,1,0.30000000000000004,6752.936508178711,4700,1,0.30000000000000004,6970.732147216797,4700,1,0.30000000000000004,12580.020736694336,3007,3007,3007,3007,3007,3007,3007,3007,3007,3007,3007,3007,4690,4691,3007,3007,3007,4690,3007,3007,3007,3007,3007,4690,94.11764526367188,0,0,0,9.090909004211426,0,16.666667938232422,0,5.263157844543457,15.000000953674316,0,0,0,0,0,0,0,5.555555820465088,0,100,0,0,0,0,66481098752,12884893696,1746731008,0
99,1780596640980,57562.541900634766,4700,1,0.3062499999999999,6935.750732421875,4700,1,0.3062499999999999,6798.767288208008,4700,1,0.3062499999999999,12164.77377319336,4700,1,0.3062499999999999,45727.689880371094,4700,1,0.3062499999999999,37884.06579589844,4700,1,0.3062499999999999,47104.9423828125,4700,1,0.3062499999999999,29752.324584960938,4700,1,0.3062499999999999,7272.981857299805,4700,1,0.3062499999999999,7162.08251953125,4700,1,0.3062499999999999,6752.939559936523,4700,1,0.3062499999999999,6970.735198974609,4700,1,0.3062499999999999,12585.57992553711,3007,3007,3007,3007,3007,3007,3007,3007,3007,3007,3007,3007,4690,4691,3007,3007,3007,4690,3007,3007,3007,3007,3007,4690,94.11764526367188,0,0,0,9.090909004211426,0,16.666667938232422,0,5.263157844543457,15.000000953674316,0,0,0,0,0,0,0,5.555555820465088,0,100,0,0,0,0,66481098752,12884893696,1749217280,0
99,1780596641080,57563.25357055664,4700,1,0.3062499999999999,6935.75390625,4700,1,0.3062499999999999,6798.770370483398,4700,1,0.3062499999999999,12165.001647949219,4700,1,0.3062499999999999,45727.981369018555,4700,1,0.3062499999999999,37884.323501586914,4700,1,0.3062499999999999,47105.245025634766,4700,1,0.3062499999999999,29753.150512695313,4700,1,0.3062499999999999,7272.985015869141,4700,1,0.3062499999999999,7162.085601806641,4700,1,0.3062499999999999,6752.942642211914,4700,1,0.3062499999999999,6970.738357543945,4700,1,0.3062499999999999,12591.225357055664,3007,3007,3007,3007,3007,3007,3007,3007,3007,3007,3007,3007,4690,4691,3007,3007,3007,4690,3007,3007,3007,3007,3007,4690,95.23809814453125,0,0,0,0,5.263157844543457,0,5,21.052631378173828,19.047618865966797,0,0,16.666667938232422,0,0,0,0,5,0,100,0,0,0,0,66481098752,12884893696,1750532096,0
99,1780596641180,57563.96420288086,4700,1,0.3062499999999999,6935.756988525391,4700,1,0.3062499999999999,6798.773452758789,4700,1,0.3062499999999999,12165.256225585938,4700,1,0.3062499999999999,45728.278411865234,4700,1,0.3062499999999999,37884.58055114746,4700,1,0.3062499999999999,47105.516342163086,4700,1,0.3062499999999999,29753.978942871094,4700,1,0.3062499999999999,7272.988098144531,4700,1,0.3062499999999999,7162.0887451171875,4700,1,0.3062499999999999,6752.945724487305,4700,1,0.3062499999999999,6970.741439819336,4700,1,0.3062499999999999,12596.853149414063,3007,3007,3007,3007,3007,3007,3007,3007,3007,3007,3007,3007,4690,4691,3007,3007,3007,4690,3007,3007,3007,3007,3007,4690,95.23809814453125,0,0,0,0,5.263157844543457,0,5,21.052631378173828,19.047618865966797,0,0,16.666667938232422,0,0,0,0,5,0,100,0,0,0,0,66481098752,12884893696,1751654400,0
99,1780596641280,57564.67710876465,4700,1,0.3062499999999999,6935.760070800781,4700,1,0.3062499999999999,6798.776809692383,4700,1,0.3062499999999999,12165.349502563477,4700,1,0.3062499999999999,45728.56883239746,4700,1,0.3062499999999999,37884.92140197754,4700,1,0.3062499999999999,47105.7998046875,4700,1,0.3062499999999999,29754.804229736328,4700,1,0.3062499999999999,7272.991180419922,4700,1,0.3062499999999999,7162.091827392578,4700,1,0.3062499999999999,6752.948806762695,4700,1,0.3062499999999999,6970.744598388672,4700,1,0.3062499999999999,12602.431930541992,3007,3007,3007,3007,3007,3007,3007,3007,3007,3007,3007,3007,4690,4691,3007,3007,3007,4690,3007,3007,3007,3007,3007,4690,94.73684692382813,0,0,0,0,14.285715103149414,0,14.285715103149414,11.111111640930176,0,0,0,25,0,0,0,0,5,0,100,0,0,0,0,66481098752,12884893696,1754787840,0
99,1780596641380,57565.39093017578,4700,1,0.30000000000000004,6935.763153076172,4700,1,0.3062499999999999,6798.779891967773,4700,1,0.3062499999999999,12165.354293823242,4700,1,0.30000000000000004,45728.87358093262,4700,1,0.30000000000000004,37885.28796386719,4700,1,0.30000000000000004,47106.06025695801,4700,1,0.30000000000000004,29755.63217163086,4700,1,0.30000000000000004,7272.994338989258,4700,1,0.3062499999999999,7162.094909667969,4700,1,0.3062499999999999,6752.951889038086,4700,1,0.3062499999999999,6970.747756958008,4700,1,0.3062499999999999,12607.937561035156,3007,3007,3007,3007,3007,3007,3007,3007,3007,3007,3007,3007,4690,4691,3007,3007,3007,4690,3007,3007,3007,3007,3007,4690,94.73684692382813,0,0,0,0,14.285715103149414,0,14.285715103149414,11.111111640930176,0,0,0,25,0,0,0,0,5,0,100,0,0,0,0,66481098752,12884893696,1751310336,0
99,1780596641480,57566.09600830078,4700,1,0.3062499999999999,6935.7662353515625,4700,1,0.3062499999999999,6798.782974243164,4700,1,0.3062499999999999,12165.35954284668,4700,1,0.3062499999999999,45729.31478881836,4700,1,0.3062499999999999,37885.5419921875,4700,1,0.3062499999999999,47106.23878479004,4700,1,0.3062499999999999,29756.450256347656,4700,1,0.3062499999999999,7272.997421264648,4700,1,0.3062499999999999,7162.097991943359,4700,1,0.3062499999999999,6752.954971313477,4700,1,0.3062499999999999,6970.750839233398,4700,1,0.3062499999999999,12613.488800048828,3007,3007,3007,3007,3007,3007,3007,3007,3007,3007,3007,3007,4690,4691,3007,3007,3007,4690,3007,3007,3007,3007,3007,4690,94.73684692382813,0,0,0,0,14.285715103149414,0,14.285715103149414,11.111111640930176,0,0,0,25,0,0,0,0,5,0,100,0,0,0,0,66481098752,12884893696,1752391680,0
99,1780596641580,57566.8049621582,4700,1,0.30000000000000004,6935.769317626953,4700,1,0.30000000000000004,6798.786056518555,4700,1,0.30000000000000004,12165.364761352539,4700,1,0.30000000000000004,45729.702575683594,4700,1,0.30000000000000004,37885.87208557129,4700,1,0.30000000000000004,47106.37840270996,4700,1,0.30000000000000004,29757.286529541016,4700,1,0.30000000000000004,7273.000549316406,4700,1,0.30000000000000004,7162.101043701172,4700,1,0.30000000000000004,6752.958053588867,4700,1,0.30000000000000004,6970.753982543945,4700,1,0.30000000000000004,12618.957305908203,3007,3007,3007,3007,3007,3007,3007,3007,3007,3007,3007,3007,4690,4691,3007,3007,3007,4690,3007,3007,3007,3007,3007,4690,96.66666412353516,0,0,0,0,0,17.241378784179688,10,6.896551609039307,16.129032135009766,0,0,20.689655303955078,0,0,0,0,3.5714287757873535,0,100,0,0,0,0,66481098752,12884893696,1752920064,0
99,1780596641680,57567.514389038086,4700,1,0.30000000000000004,6935.772369384766,4700,1,0.30000000000000004,6798.789169311523,4700,1,0.30000000000000004,12165.37028503418,4700,1,0.30000000000000004,45729.9670715332,4700,1,0.30000000000000004,37886.22352600098,4700,1,0.30000000000000004,47106.68780517578,4700,1,0.30000000000000004,29758.121292114258,4700,1,0.30000000000000004,7273.003631591797,4700,1,0.30000000000000004,7162.1041259765625,4700,1,0.30000000000000004,6752.96110534668,4700,1,0.30000000000000004,6970.757217407227,4700,1,0.30000000000000004,12624.520202636719,3007,3007,3007,3007,3007,3007,3007,3007,3007,3007,3007,3007,4690,4691,3007,3007,3007,4690,3007,3007,3007,3007,3007,4690,96.66666412353516,0,0,0,0,0,17.241378784179688,10,6.896551609039307,16.129032135009766,0,0,20.689655303955078,0,0,0,0,3.5714287757873535,0,100,0,0,0,0,66481098752,12884893696,1747226624,0
99,1780596641780,57568.22482299805,4700,1,0.3062499999999999,6935.775451660156,4700,1,0.3062499999999999,6798.792251586914,4700,1,0.3062499999999999,12165.444808959961,4700,1,0.3062499999999999,45730.241470336914,4700,1,0.3062499999999999,37886.54951477051,4700,1,0.3062499999999999,47107.00030517578,4700,1,0.3062499999999999,29758.95639038086,4700,1,0.3062499999999999,7273.0067138671875,4700,1,0.3062499999999999,7162.107208251953,4700,1,0.3062499999999999,6752.96418762207,4700,1,0.3062499999999999,6970.760314941406,4700,1,0.3062499999999999,12630.072296142578,3007,3007,3007,3007,3007,3007,3007,3007,3007,3007,3007,3007,4690,4691,3007,3007,3007,4690,3007,3007,3007,3007,3007,4690,100,9.523809432983398,0,0,0,0,5.882352828979492,5,5.263157844543457,10.526315689086914,0,0,0,0,0,0,0,20,9.523809432983398,100,0,0,0,0,66481098752,12884893696,1750511616,0
99,1780596641880,57568.93751525879,4700,1,0.3062499999999999,6935.778533935547,4700,1,0.3062499999999999,6798.795333862305,4700,1,0.3062499999999999,12165.486312866211,4700,1,0.3062499999999999,45730.50434875488,4700,1,0.3062499999999999,37886.83583068848,4700,1,0.3062499999999999,47107.374084472656,4700,1,0.3062499999999999,29759.793411254883,4700,1,0.3062499999999999,7273.009857177734,4700,1,0.3062499999999999,7162.110290527344,4700,1,0.3062499999999999,6752.967269897461,4700,1,0.3062499999999999,6970.763473510742,4700,1,0.3062499999999999,12635.69465637207,3007,3007,3007,3007,3007,3007,3007,3007,3007,3007,3007,3007,4690,4691,3007,3007,3007,4690,3007,3007,3007,3007,3007,4690,100,9.523809432983398,0,0,0,0,5.882352828979492,5,5.263157844543457,10.526315689086914,0,0,0,0,0,0,0,20,9.523809432983398,100,0,0,0,0,66481098752,12884893696,1752268800,0
99,1780596641980,57569.650955200195,4700,1,0.30000000000000004,6935.7816162109375,4700,1,0.3062499999999999,6798.798416137695,4700,1,0.3062499999999999,12165.721939086914,4700,1,0.3062499999999999,45730.779205322266,4700,1,0.3062499999999999,37887.12350463867,4700,1,0.3062499999999999,47107.65768432617,4700,1,0.3062499999999999,29760.626251220703,4700,1,0.3062499999999999,7273.012939453125,4700,1,0.3062499999999999,7162.113372802734,4700,1,0.3062499999999999,6752.970352172852,4700,1,0.3062499999999999,6970.766555786133,4700,1,0.3062499999999999,12641.295303344727,3007,3007,3007,3007,3007,3007,3007,3007,3007,3007,3007,3007,4690,4691,3007,3007,3007,4690,3007,3007,3007,3007,3007,4690,95,0,0,0,0,0,15.789472579956055,0,10,10,0,0,0,0,0,0,0,16.666667938232422,10.526315689086914,100,0,0,0,0,66481098752,12884893696,1753845760,0
99,1780596642080,57570.36817932129,4700,1,0.30000000000000004,6935.784698486328,4700,1,0.3062499999999999,6798.801559448242,4700,1,0.3062499999999999,12165.956085205078,4700,1,0.30000000000000004,45731.00785827637,4700,1,0.30000000000000004,37887.396575927734,4700,1,0.30000000000000004,47107.96206665039,4700,1,0.30000000000000004,29761.455810546875,4700,1,0.30000000000000004,7273.016082763672,4700,1,0.3062499999999999,7162.116455078125,4700,1,0.3062499999999999,6752.973434448242,4700,1,0.3062499999999999,6970.776916503906,4700,1,0.3062499999999999,12646.905807495117,3007,3007,3007,3007,3007,3007,3007,3007,3007,3007,3007,3007,4690,4691,3007,3007,3007,4690,3007,3007,3007,3007,3007,4690,95,0,0,0,0,0,15.789472579956055,0,10,10,0,0,0,0,0,0,0,16.666667938232422,10.526315689086914,100,0,0,0,0,66481098752,12884893696,1754619904,0
99,1780596642180,57571.095611572266,4700,1,0.3062499999999999,6935.787780761719,4700,1,0.3062499999999999,6798.804641723633,4700,1,0.3062499999999999,12166.120590209961,4700,1,0.3062499999999999,45731.273513793945,4700,1,0.3062499999999999,37887.59916687012,4700,1,0.3062499999999999,47108.32214355469,4700,1,0.3062499999999999,29762.279891967773,4700,1,0.3062499999999999,7273.0191650390625,4700,1,0.3062499999999999,7162.119537353516,4700,1,0.3062499999999999,6752.976516723633,4700,1,0.3062499999999999,6970.779998779297,4700,1,0.3062499999999999,12652.491821289063,3007,3007,3007,3007,3007,3007,3007,3007,3007,3007,3007,3007,4690,4691,3007,3007,3007,4690,3007,3007,3007,3007,3007,4690,95.23809814453125,0,0,0,5,0,5.263157844543457,9.523809432983398,10.526315689086914,5.555555820465088,0,0,9.523809432983398,0,0,0,0,14.285715103149414,20,100,0,0,0,0,66481098752,12884893696,1750884352,0
99,1780596642280,57571.80732727051,4700,1,0.30000000000000004,6935.7908935546875,4700,1,0.30000000000000004,6798.807907104492,4700,1,0.30000000000000004,12166.15121459961,4700,1,0.30000000000000004,45731.678787231445,4700,1,0.30000000000000004,37887.825912475586,4700,1,0.30000000000000004,47108.60948181152,4700,1,0.30000000000000004,29763.096069335938,4700,1,0.30000000000000004,7273.022247314453,4700,1,0.30000000000000004,7162.122634887695,4700,1,0.30000000000000004,6752.979568481445,4700,1,0.30000000000000004,6970.783142089844,4700,1,0.30000000000000004,12658.037292480469,3007,3007,3007,3007,3007,3007,3007,3007,3007,3007,3007,3007,4690,4691,3007,3007,3007,4690,3007,3007,3007,3007,3007,4690,95.23809814453125,0,0,0,5,0,5.263157844543457,9.523809432983398,10.526315689086914,5.555555820465088,0,0,9.523809432983398,0,0,0,0,14.285715103149414,20,100,0,0,0,0,66481098752,12884893696,1748013056,0
99,1780596642380,57572.52282714844,4700,1,0.3062499999999999,6935.7939453125,4700,1,0.3062499999999999,6798.810958862305,4700,1,0.3062499999999999,12166.33869934082,4700,1,0.3062499999999999,45731.96766662598,4700,1,0.3062499999999999,37888.154052734375,4700,1,0.3062499999999999,47108.860275268555,4700,1,0.3062499999999999,29763.92123413086,4700,1,0.3062499999999999,7273.025817871094,4700,1,0.3062499999999999,7162.125701904297,4700,1,0.3062499999999999,6752.982650756836,4700,1,0.3062499999999999,6970.78630065918,4700,1,0.3062499999999999,12663.611129760742,3007,3007,3007,3007,3007,3007,3007,3007,3007,3007,3007,3007,4690,4691,3007,3007,3007,4690,3007,3007,3007,3007,3007,4690,100,0,0,0,0,5,0,5.555555820465088,10.526315689086914,10,0,0,20,0,0,0,0,0,0,100,0,0,0,0,66481098752,12884893696,1746034688,0
99,1780596642480,57573.23767089844,4700,1,0.3062499999999999,6935.797027587891,4700,1,0.3062499999999999,6798.81413269043,4700,1,0.3062499999999999,12166.413482666016,4700,1,0.3062499999999999,45732.34620666504,4700,1,0.3062499999999999,37888.44429016113,4700,1,0.3062499999999999,47109.106384277344,4700,1,0.3062499999999999,29764.756271362305,4700,1,0.3062499999999999,7273.028900146484,4700,1,0.3062499999999999,7162.1287841796875,4700,1,0.3062499999999999,6752.985733032227,4700,1,0.3062499999999999,6970.78938293457,4700,1,0.3062499999999999,12669.215087890625,3007,3007,3007,3007,3007,3007,3007,3007,3007,3007,3007,3007,4690,4691,3007,3007,3007,4690,3007,3007,3007,3007,3007,4690,100,0,0,0,0,5,0,5.555555820465088,10.526315689086914,10,0,0,20,0,0,0,0,0,0,100,0,0,0,0,66481098752,12884893696,1746812928,0
99,1780596642580,57573.950439453125,4700,1,0.3062499999999999,6935.800247192383,4700,1,0.3062499999999999,6798.817733764648,4700,1,0.3062499999999999,12166.418380737305,4700,1,0.3062499999999999,45732.73956298828,4700,1,0.3062499999999999,37888.74397277832,4700,1,0.3062499999999999,47109.34272766113,4700,1,0.3062499999999999,29765.588623046875,4700,1,0.3062499999999999,7273.050186157227,4700,1,0.3062499999999999,7162.131988525391,4700,1,0.3062499999999999,6752.98908996582,4700,1,0.3062499999999999,6970.792739868164,4700,1,0.3062499999999999,12674.779754638672,3007,3007,3007,3007,3007,3007,3007,3007,3007,3007,3007,3007,4690,4691,3007,3007,3007,4690,3007,3007,3007,3007,3007,4690,95,9.523809432983398,0,0,0,4.761904716491699,9.523809432983398,28.571430206298828,0,19.047618865966797,0,0,11.764705657958984,0,0,0,0,4.761904716491699,10.526315689086914,100,0,0,0,0,66481098752,12884893696,1747890176,0
99,1780596642681,57574.66879272461,4700,1,0.30000000000000004,6935.803329467773,4700,1,0.3062499999999999,6798.82096862793,4700,1,0.3062499999999999,12166.46450805664,4700,1,0.3062499999999999,45733.12010192871,4700,1,0.3062499999999999,37889.01542663574,4700,1,0.3062499999999999,47109.6414642334,4700,1,0.3062499999999999,29766.40625,4700,1,0.3062499999999999,7273.0533447265625,4700,1,0.3062499999999999,7162.135070800781,4700,1,0.3062499999999999,6752.992172241211,4700,1,0.3062499999999999,6970.795852661133,4700,1,0.3062499999999999,12680.35757446289,3007,3007,3007,3007,3007,3007,3007,3007,3007,3007,3007,3007,4690,4691,3007,3007,3007,4690,3007,3007,3007,3007,3007,4690,95,9.523809432983398,0,0,0,4.761904716491699,9.523809432983398,28.571430206298828,0,19.047618865966797,0,0,11.764705657958984,0,0,0,0,4.761904716491699,10.526315689086914,100,0,0,0,0,66481098752,12884893696,1742675968,0
99,1780596642781,57575.4015045166,4700,1,0.30000000000000004,6935.806442260742,4700,1,0.3062499999999999,6798.824188232422,4700,1,0.3062499999999999,12166.55014038086,4700,1,0.30000000000000004,45733.49853515625,4700,1,0.3062499999999999,37889.33546447754,4700,1,0.3062499999999999,47109.94192504883,4700,1,0.3062499999999999,29767.197692871094,4700,1,0.3062499999999999,7273.056427001953,4700,1,0.3062499999999999,7162.138153076172,4700,1,0.3062499999999999,6752.995254516602,4700,1,0.3062499999999999,6970.799026489258,4700,1,0.3062499999999999,12686.04655456543,3007,3007,3007,3007,3007,3007,3007,3007,3007,3007,3007,3007,4690,4691,3007,3007,3007,4690,3007,3007,3007,3007,3007,4690,100,0,0,0,0,9.523809432983398,20,10.526315689086914,5,5,0,0,15.789472579956055,0,0,0,0,0,5.263157844543457,100,0,0,0,0,66481098752,12884893696,1745547264,0
99,1780596642881,57576.1261138916,4700,1,0.30000000000000004,6935.809524536133,4700,1,0.30000000000000004,6798.827301025391,4700,1,0.30000000000000004,12166.797866821289,4700,1,0.30000000000000004,45733.827239990234,4700,1,0.30000000000000004,37889.587326049805,4700,1,0.30000000000000004,47110.29301452637,4700,1,0.30000000000000004,29767.988708496094,4700,1,0.30000000000000004,7273.0595703125,4700,1,0.30000000000000004,7162.1412353515625,4700,1,0.30000000000000004,6752.998336791992,4700,1,0.30000000000000004,6970.802185058594,4700,1,0.30000000000000004,12691.714797973633,3007,3007,3007,3007,3007,3007,3007,3007,3007,3007,3007,3007,4690,4691,3007,3007,3007,4690,3007,3007,3007,3007,3007,4690,100,0,0,0,0,9.523809432983398,20,10.526315689086914,5,5,0,0,15.789472579956055,0,0,0,0,0,5.263157844543457,100,0,0,0,0,66481098752,12884893696,1749368832,0
99,1780596642981,57576.85934448242,4700,1,0.3062499999999999,6935.812606811523,4700,1,0.3062499999999999,6798.830383300781,4700,1,0.3062499999999999,12167.096145629883,4700,1,0.3062499999999999,45734.17149353027,4700,1,0.3062499999999999,37889.881423950195,4700,1,0.3062499999999999,47110.54789733887,4700,1,0.3062499999999999,29768.77247619629,4700,1,0.3062499999999999,7273.062652587891,4700,1,0.3062499999999999,7162.144287109375,4700,1,0.3062499999999999,6753.001419067383,4700,1,0.3062499999999999,6970.805267333984,4700,1,0.3062499999999999,12697.389633178711,3007,3007,3007,3007,3007,3007,3007,3007,3007,3007,3007,3007,4690,4691,3007,3007,3007,4690,3007,3007,3007,3007,3007,4690,100,0,0,0,0,9.523809432983398,20,10.526315689086914,5,5,0,0,15.789472579956055,0,0,0,0,0,5.263157844543457,100,0,0,0,0,66481098752,12884893696,1744941056,0
99,1780596643081,57577.591720581055,4700,1,0.3062499999999999,6935.815658569336,4700,1,0.3062499999999999,6798.833435058594,4700,1,0.3062499999999999,12167.354125976563,4700,1,0.3062499999999999,45734.52018737793,4700,1,0.3062499999999999,37890.152114868164,4700,1,0.3062499999999999,47110.86360168457,4700,1,0.3062499999999999,29769.563598632813,4700,1,0.3062499999999999,7273.065811157227,4700,1,0.3062499999999999,7162.147369384766,4700,1,0.3062499999999999,6753.004470825195,4700,1,0.3062499999999999,6970.808380126953,4700,1,0.3062499999999999,12703.01708984375,3007,3007,3007,3007,3007,3007,3007,3007,3007,3007,3007,3007,4690,4691,3007,3007,3007,4690,3007,3007,3007,3007,3007,4690,100,0,0,0,0,5.555555820465088,0,23.809524536132813,15.789472579956055,0,0,0,15.789472579956055,0,0,0,0,0,10,100,0,0,0,0,66481098752,12884893696,1748131840,0
99,1780596643181,57578.32470703125,4700,1,0.3062499999999999,6935.818801879883,4700,1,0.3062499999999999,6798.836654663086,4700,1,0.3062499999999999,12167.634155273438,4700,1,0.3062499999999999,45734.829498291016,4700,1,0.3062499999999999,37890.46661376953,4700,1,0.3062499999999999,47111.17068481445,4700,1,0.3062499999999999,29770.35516357422,4700,1,0.3062499999999999,7273.068923950195,4700,1,0.3062499999999999,7162.150497436523,4700,1,0.3062499999999999,6753.007553100586,4700,1,0.3062499999999999,6970.811508178711,4700,1,0.3062499999999999,12708.723999023438,3007,3007,3007,3007,3007,3007,3007,3007,3007,3007,3007,3007,4690,4691,3007,3007,3007,4690,3007,3007,3007,3007,3007,4690,100,5.263157844543457,0,0,0,9.090909004211426,10.526315689086914,20,5.263157844543457,0,0,0,15.000000953674316,0,0,0,0,0,15.000000953674316,100,0,0,0,0,66481098752,12884893696,1743831040,0
99,1780596643281,57579.0959777832,4700,1,0.3062499999999999,6935.821929931641,4700,1,0.3062499999999999,6798.840042114258,4700,1,0.3062499999999999,12167.924407958984,4700,1,0.3062499999999999,45735.086837768555,4700,1,0.3062499999999999,37890.74526977539,4700,1,0.3062499999999999,47111.45104980469,4700,1,0.3062499999999999,29771.15640258789,4700,1,0.3062499999999999,7273.072036743164,4700,1,0.3062499999999999,7162.153610229492,4700,1,0.3062499999999999,6753.010635375977,4700,1,0.3062499999999999,6970.814651489258,4700,1,0.3062499999999999,12714.361404418945,3007,3007,3007,3007,3007,3007,3007,3007,3007,3007,3007,3007,4690,4691,3007,3007,3007,4690,3007,3007,3007,3007,3007,4690,100,5.263157844543457,0,0,0,9.090909004211426,10.526315689086914,20,5.263157844543457,0,0,0,15.000000953674316,0,0,0,0,0,15.000000953674316,100,0,0,0,0,66481098752,12884893696,1741541376,0
99,1780596643381,57579.82655334473,4700,1,0.3062499999999999,6935.825012207031,4700,1,0.3062499999999999,6798.843124389648,4700,1,0.3062499999999999,12168.199752807617,4700,1,0.3062499999999999,45735.32293701172,4700,1,0.3062499999999999,37891.0594329834,4700,1,0.3062499999999999,47111.73011779785,4700,1,0.3062499999999999,29771.99299621582,4700,1,0.3062499999999999,7273.075225830078,4700,1,0.3062499999999999,7162.156692504883,4700,1,0.3062499999999999,6753.013717651367,4700,1,0.3062499999999999,6970.817794799805,4700,1,0.3062499999999999,12720.008880615234,3007,3007,3007,3007,3007,3007,3007,3007,3007,3007,3007,3007,4690,4691,3007,3007,3007,4690,3007,3007,3007,3007,3007,4690,95.23809814453125,0,0,0,10,0,14.285715103149414,9.523809432983398,5,5.263157844543457,0,0,0,0,0,0,0,5.555555820465088,15.000000953674316,100,0,0,0,0,66481098752,12884893696,1741725696,0
99,1780596643481,57580.53770446777,4700,1,0.3062499999999999,6935.828094482422,4700,1,0.3062499999999999,6798.846206665039,4700,1,0.3062499999999999,12168.474472045898,4700,1,0.3062499999999999,45735.60397338867,4700,1,0.3062499999999999,37891.32313537598,4700,1,0.3062499999999999,47111.99501037598,4700,1,0.3062499999999999,29772.831161499023,4700,1,0.3062499999999999,7273.078308105469,4700,1,0.3062499999999999,7162.159774780273,4700,1,0.3062499999999999,6753.016799926758,4700,1,0.3062499999999999,6970.820877075195,4700,1,0.3062499999999999,12725.667846679688,3007,3007,3007,3007,3007,3007,3007,3007,3007,3007,3007,3007,4690,4691,3007,3007,3007,4690,3007,3007,3007,3007,3007,4690,95.23809814453125,0,0,0,10,0,14.285715103149414,9.523809432983398,5,5.263157844543457,0,0,0,0,0,0,0,5.555555820465088,15.000000953674316,100,0,0,0,0,66481098752,12884893696,1742655488,0
99,1780596643581,57581.25309753418,4700,1,0.3062499999999999,6935.8311767578125,4700,1,0.3062499999999999,6798.84944152832,4700,1,0.3062499999999999,12168.759567260742,4700,1,0.3062499999999999,45735.863677978516,4700,1,0.3062499999999999,37891.60127258301,4700,1,0.3062499999999999,47112.26461791992,4700,1,0.3062499999999999,29773.664642333984,4700,1,0.3062499999999999,7273.081451416016,4700,1,0.3062499999999999,7162.162857055664,4700,1,0.3062499999999999,6753.019927978516,4700,1,0.3062499999999999,6970.824035644531,4700,1,0.3062499999999999,12731.287063598633,3007,3007,3007,3007,3007,3007,3007,3007,3007,3007,3007,3007,4690,4691,3007,3007,3007,4690,3007,3007,3007,3007,3007,4690,95,5,0,0,0,10,15.789472579956055,0,0,10,0,0,0,0,0,0,0,5.882352828979492,11.111111640930176,100,0,0,0,0,66481098752,12884893696,1742610432,0
99,1780596643681,57581.96174621582,4700,1,0.3062499999999999,6935.834320068359,4700,1,0.3062499999999999,6798.852584838867,4700,1,0.3062499999999999,12169.090698242188,4700,1,0.3062499999999999,45736.09637451172,4700,1,0.3062499999999999,37891.926513671875,4700,1,0.3062499999999999,47112.36389160156,4700,1,0.3062499999999999,29774.490127563477,4700,1,0.3062499999999999,7273.084564208984,4700,1,0.3062499999999999,7162.165908813477,4700,1,0.3062499999999999,6753.023010253906,4700,1,0.3062499999999999,6970.827224731445,4700,1,0.3062499999999999,12736.819320678711,3007,3007,3007,3007,3007,3007,3007,3007,3007,3007,3007,3007,4690,4691,3007,3007,3007,4690,3007,3007,3007,3007,3007,4690,95,5,0,0,0,10,15.789472579956055,0,0,10,0,0,0,0,0,0,0,5.882352828979492,11.111111640930176,100,0,0,0,0,66481098752,12884893696,1735110656,0
99,1780596643781,57582.694564819336,4700,1,0.30000000000000004,6935.837371826172,4700,1,0.30000000000000004,6798.85563659668,4700,1,0.30000000000000004,12169.395614624023,4700,1,0.30000000000000004,45736.33084106445,4700,1,0.30000000000000004,37892.242431640625,4700,1,0.30000000000000004,47112.65753173828,4700,1,0.30000000000000004,29775.289428710938,4700,1,0.30000000000000004,7273.087646484375,4700,1,0.30000000000000004,7162.168991088867,4700,1,0.30000000000000004,6753.026062011719,4700,1,0.30000000000000004,6970.830276489258,4700,1,0.30000000000000004,12742.55387878418,3007,3007,3007,3007,3007,3007,3007,3007,3007,3007,3007,3007,4690,4691,3007,3007,3007,4690,3007,3007,3007,3007,3007,4690,100,0,0,0,0,10.526315689086914,19.047618865966797,5.555555820465088,0,10,0,0,0,0,0,0,0,15.000000953674316,19.047618865966797,100,0,0,0,0,66481098752,12884893696,1737347072,0
99,1780596643881,57583.44903564453,4700,1,0.3062499999999999,6935.8404541015625,4700,1,0.3062499999999999,6798.85871887207,4700,1,0.3062499999999999,12169.641311645508,4700,1,0.3062499999999999,45736.62774658203,4700,1,0.3062499999999999,37892.56326293945,4700,1,0.3062499999999999,47112.87712097168,4700,1,0.3062499999999999,29776.11782836914,4700,1,0.3062499999999999,7273.0908203125,4700,1,0.3062499999999999,7162.172088623047,4700,1,0.3062499999999999,6753.029144287109,4700,1,0.3062499999999999,6970.833419799805,4700,1,0.3062499999999999,12748.069625854492,3007,3007,3007,3007,3007,3007,3007,3007,3007,3007,3007,3007,4690,4691,3007,3007,3007,4690,3007,3007,3007,3007,3007,4690,100,0,0,0,0,10.526315689086914,19.047618865966797,5.555555820465088,0,10,0,0,0,0,0,0,0,15.000000953674316,19.047618865966797,100,0,0,0,0,66481098752,12884893696,1739726848,0
99,1780596643981,57584.17102050781,4700,1,0.3062499999999999,6935.843536376953,4700,1,0.3062499999999999,6798.86198425293,4700,1,0.3062499999999999,12169.820251464844,4700,1,0.3062499999999999,45736.93096923828,4700,1,0.3062499999999999,37892.862716674805,4700,1,0.3062499999999999,47113.13545227051,4700,1,0.3062499999999999,29776.94841003418,4700,1,0.3062499999999999,7273.093902587891,4700,1,0.3062499999999999,7162.1751708984375,4700,1,0.3062499999999999,6753.0322265625,4700,1,0.3062499999999999,6970.836502075195,4700,1,0.3062499999999999,12753.631042480469,3007,3007,3007,3007,3007,3007,3007,3007,3007,3007,3007,3007,4690,4691,3007,3007,3007,4690,3007,3007,3007,3007,3007,4690,95,0,0,0,0,10.526315689086914,5.263157844543457,13.636363983154297,4.761904716491699,10.526315689086914,0,0,20,0,0,0,0,13.636363983154297,15.000000953674316,100,0,0,0,0,66481098752,12884893696,1738698752,0
99,1780596644081,57584.88148498535,4700,1,0.3062499999999999,6935.846618652344,4700,1,0.3062499999999999,6798.86506652832,4700,1,0.3062499999999999,12169.825729370117,4700,1,0.3062499999999999,45737.267501831055,4700,1,0.3062499999999999,37893.179779052734,4700,1,0.3062499999999999,47113.42594909668,4700,1,0.3062499999999999,29777.77978515625,4700,1,0.3062499999999999,7273.097152709961,4700,1,0.3062499999999999,7162.178253173828,4700,1,0.3062499999999999,6753.035308837891,4700,1,0.3062499999999999,6970.839660644531,4700,1,0.3062499999999999,12759.204025268555,3007,3007,3007,3007,3007,3007,3007,3007,3007,3007,3007,3007,4690,4691,3007,3007,3007,4690,3007,3007,3007,3007,3007,4690,95,0,0,0,0,10.526315689086914,5.263157844543457,13.636363983154297,4.761904716491699,10.526315689086914,0,0,20,0,0,0,0,13.636363983154297,15.000000953674316,100,0,0,0,0,66481098752,12884893696,1739280384,0
99,1780596644181,57585.64747619629,4700,1,0.3062499999999999,6935.849700927734,4700,1,0.3062499999999999,6798.868148803711,4700,1,0.3062499999999999,12170.006652832031,4700,1,0.3062499999999999,45737.56309509277,4700,1,0.3062499999999999,37893.37033081055,4700,1,0.3062499999999999,47113.7272644043,4700,1,0.3062499999999999,29778.600341796875,4700,1,0.3062499999999999,7273.107925415039,4700,1,0.3062499999999999,7162.181335449219,4700,1,0.3062499999999999,6753.038391113281,4700,1,0.3062499999999999,6970.842742919922,4700,1,0.3062499999999999,12764.736770629883,3007,3007,3007,3007,3007,3007,3007,3007,3007,3007,3007,3007,4690,4691,3007,3007,3007,4690,3007,3007,3007,3007,3007,4690,100,0,0,0,13.636363983154297,0,10,0,5,18.18181800842285,0,0,10.526315689086914,0,0,0,0,5,15.789472579956055,100,0,0,0,0,66481098752,12884893696,1740578816,0
99,1780596644281,57586.3639831543,4700,1,0.30000000000000004,6935.852783203125,4700,1,0.3062499999999999,6798.871505737305,4700,1,0.3062499999999999,12170.252853393555,4700,1,0.30000000000000004,45737.63218688965,4700,1,0.30000000000000004,37893.622955322266,4700,1,0.30000000000000004,47114.14338684082,4700,1,0.30000000000000004,29779.430114746094,4700,1,0.3062499999999999,7273.11100769043,4700,1,0.3062499999999999,7162.1844482421875,4700,1,0.3062499999999999,6753.041473388672,4700,1,0.3062499999999999,6970.845932006836,4700,1,0.3062499999999999,12770.289367675781,3007,3007,3007,3007,3007,3007,3007,3007,3007,3007,3007,3007,4690,4691,3007,3007,3007,4690,3007,3007,3007,3007,3007,4690,100,0,0,0,13.636363983154297,0,10,0,5,18.18181800842285,0,0,10.526315689086914,0,0,0,0,5,15.789472579956055,100,0,0,0,0,66481098752,12884893696,1744470016,0
99,1780596644381,57587.06573486328,4700,1,0.3062499999999999,6935.855865478516,4700,1,0.3062499999999999,6798.874740600586,4700,1,0.3062499999999999,12170.389877319336,4700,1,0.3062499999999999,45737.86323547363,4700,1,0.3062499999999999,37893.99607849121,4700,1,0.3062499999999999,47114.39044189453,4700,1,0.3062499999999999,29780.25746154785,4700,1,0.3062499999999999,7273.114120483398,4700,1,0.3062499999999999,7162.187576293945,4700,1,0.3062499999999999,6753.044586181641,4700,1,0.3062499999999999,6970.849105834961,4700,1,0.3062499999999999,12775.800323486328,3007,3007,3007,3007,3007,3007,3007,3007,3007,3007,3007,3007,4690,4691,3007,3007,3007,4690,3007,3007,3007,3007,3007,4690,95,0,0,0,0,0,0,10.526315689086914,11.111111640930176,5.555555820465088,0,0,5,0,0,0,0,5.555555820465088,10.526315689086914,100,0,0,0,0,66481098752,12884893696,1745707008,0
99,1780596644482,57587.7780456543,4700,1,0.3062499999999999,6935.858917236328,4700,1,0.3062499999999999,6798.877792358398,4700,1,0.3062499999999999,12170.753631591797,4700,1,0.3062499999999999,45737.92579650879,4700,1,0.3062499999999999,37894.27655029297,4700,1,0.3062499999999999,47114.65449523926,4700,1,0.3062499999999999,29781.091110229492,4700,1,0.3062499999999999,7273.117202758789,4700,1,0.3062499999999999,7162.190628051758,4700,1,0.3062499999999999,6753.047637939453,4700,1,0.3062499999999999,6970.852157592773,4700,1,0.3062499999999999,12781.280090332031,3007,3007,3007,3007,3007,3007,3007,3007,3007,3007,3007,3007,4690,4691,3007,3007,3007,4690,3007,3007,3007,3007,3007,4690,95,0,0,0,0,0,0,10.526315689086914,11.111111640930176,5.555555820465088,0,0,5,0,0,0,0,5.555555820465088,10.526315689086914,100,0,0,0,0,66481098752,12884893696,1748189184,0
99,1780596644582,57588.48539733887,4700,1,0.3062499999999999,6935.86198425293,4700,1,0.3062499999999999,6798.880874633789,4700,1,0.3062499999999999,12170.837921142578,4700,1,0.3062499999999999,45738.17559814453,4700,1,0.3062499999999999,37894.69613647461,4700,1,0.3062499999999999,47114.856842041016,4700,1,0.3062499999999999,29781.926727294922,4700,1,0.3062499999999999,7273.120346069336,4700,1,0.3062499999999999,7162.193710327148,4700,1,0.3062499999999999,6753.050720214844,4700,1,0.3062499999999999,6970.85530090332,4700,1,0.3062499999999999,12786.843780517578,3007,3007,3007,3007,3007,3007,3007,3007,3007,3007,3007,3007,4690,4691,3007,3007,3007,4690,3007,3007,3007,3007,3007,4690,94.73684692382813,5,0,0,0,15.000000953674316,0,14.285715103149414,5.263157844543457,10.526315689086914,0,0,5,0,0,0,0,20,9.523809432983398,100,0,0,0,0,66481098752,12884893696,1751523328,0
99,1780596644682,57589.19415283203,4700,1,0.3062499999999999,6935.86506652832,4700,1,0.3062499999999999,6798.88395690918,4700,1,0.3062499999999999,12171.062423706055,4700,1,0.3062499999999999,45738.43229675293,4700,1,0.3062499999999999,37895.02944946289,4700,1,0.3062499999999999,47115.11148071289,4700,1,0.3062499999999999,29782.765594482422,4700,1,0.3062499999999999,7273.123428344727,4700,1,0.3062499999999999,7162.196792602539,4700,1,0.3062499999999999,6753.053802490234,4700,1,0.3062499999999999,6970.8583984375,4700,1,0.3062499999999999,12792.428894042969,3007,3007,3007,3007,3007,3007,3007,3007,3007,3007,3007,3007,4690,4691,3007,3007,3007,4690,3007,3007,3007,3007,3007,4690,94.73684692382813,5,0,0,0,15.000000953674316,0,14.285715103149414,5.263157844543457,10.526315689086914,0,0,5,0,0,0,0,20,9.523809432983398,100,0,0,0,0,66481098752,12884893696,1745203200,0
99,1780596644782,57589.899673461914,4700,1,0.3062499999999999,6935.868148803711,4700,1,0.3062499999999999,6798.887176513672,4700,1,0.3062499999999999,12171.095993041992,4700,1,0.3062499999999999,45738.705993652344,4700,1,0.3062499999999999,37895.43273925781,4700,1,0.3062499999999999,47115.36183166504,4700,1,0.3062499999999999,29783.61151123047,4700,1,0.3062499999999999,7273.126571655273,4700,1,0.3062499999999999,7162.19987487793,4700,1,0.3062499999999999,6753.056884765625,4700,1,0.3062499999999999,6970.866226196289,4700,1,0.3062499999999999,12797.970443725586,3007,3007,3007,3007,3007,3007,3007,3007,3007,3007,3007,3007,4690,4691,3007,3007,3007,4690,3007,3007,3007,3007,3007,4690,94.73684692382813,5.263157844543457,0,0,0,0,0,21.052631378173828,13.636363983154297,5.555555820465088,0,0,0,0,0,0,0,11.111111640930176,5,100,0,0,0,0,66481098752,12884893696,1744687104,0
99,1780596644882,57590.60850524902,4700,1,0.3062499999999999,6935.871231079102,4700,1,0.3062499999999999,6798.8902587890625,4700,1,0.3062499999999999,12171.346008300781,4700,1,0.3062499999999999,45738.992919921875,4700,1,0.3062499999999999,37895.76689147949,4700,1,0.3062499999999999,47115.536376953125,4700,1,0.3062499999999999,29784.453002929688,4700,1,0.3062499999999999,7273.129730224609,4700,1,0.3062499999999999,7162.20295715332,4700,1,0.3062499999999999,6753.060043334961,4700,1,0.3062499999999999,6970.869445800781,4700,1,0.3062499999999999,12803.581008911133,3007,3007,3007,3007,3007,3007,3007,3007,3007,3007,3007,3007,4690,4691,3007,3007,3007,4690,3007,3007,3007,3007,3007,4690,94.73684692382813,5.263157844543457,0,0,0,0,0,21.052631378173828,13.636363983154297,5.555555820465088,0,0,0,0,0,0,0,11.111111640930176,5,100,0,0,0,0,66481098752,12884893696,1745956864,0
99,1780596644982,57591.32014465332,4700,1,0.3062499999999999,6935.874313354492,4700,1,0.3062499999999999,6798.893341064453,4700,1,0.3062499999999999,12171.607849121094,4700,1,0.3062499999999999,45739.27635192871,4700,1,0.3062499999999999,37896.04234313965,4700,1,0.3062499999999999,47115.81986999512,4700,1,0.3062499999999999,29785.286056518555,4700,1,0.3062499999999999,7273.1328125,4700,1,0.3062499999999999,7162.206039428711,4700,1,0.3062499999999999,6753.063125610352,4700,1,0.3062499999999999,6970.872528076172,4700,1,0.3062499999999999,12809.243621826172,3007,3007,3007,3007,3007,3007,3007,3007,3007,3007,3007,3007,4690,4691,3007,3007,3007,4690,3007,3007,3007,3007,3007,4690,100,5,0,0,0,0,0,10.526315689086914,0,19.047618865966797,0,0,11.764705657958984,0,0,0,0,9.523809432983398,10.526315689086914,100,0,0,0,0,66481098752,12884893696,1747038208,0
99,1780596645082,57591.99696350098,4700,1,0.30000000000000004,6935.877395629883,4700,1,0.30000000000000004,6798.896545410156,4700,1,0.30000000000000004,12171.821319580078,4700,1,0.30000000000000004,45739.50776672363,4700,1,0.30000000000000004,37896.32159423828,4700,1,0.30000000000000004,47116.04594421387,4700,1,0.30000000000000004,29786.00067138672,4700,1,0.30000000000000004,7273.144805908203,4700,1,0.30000000000000004,7162.210205078125,4700,1,0.30000000000000004,6753.069793701172,4700,1,0.30000000000000004,6970.880172729492,4700,1,0.30000000000000004,12814.574279785156,3007,3007,3007,3007,3007,3007,3007,3007,3007,3007,3007,3007,4690,4691,3007,3007,3007,4690,3007,3007,3007,3007,3007,4690,100,5,0,0,0,0,0,10.526315689086914,0,19.047618865966797,0,0,11.764705657958984,0,0,0,0,9.523809432983398,10.526315689086914,100,0,0,0,0,66481098752,12884893696,1747345408,0
99,1780596645182,57592.641342163086,4700,1,0.3062499999999999,6935.880477905273,4700,1,0.3062499999999999,6798.8997802734375,4700,1,0.3062499999999999,12172.022216796875,4700,1,0.3062499999999999,45739.71592712402,4700,1,0.3062499999999999,37896.53303527832,4700,1,0.3062499999999999,47116.23913574219,4700,1,0.3062499999999999,29786.51594543457,4700,1,0.3062499999999999,7273.147888183594,4700,1,0.3062499999999999,7162.213317871094,4700,1,0.3062499999999999,6753.072845458984,4700,1,0.3062499999999999,6970.883255004883,4700,1,0.3062499999999999,12819.473388671875,3007,3007,3007,3007,3007,3007,3007,3007,3007,3007,3007,3007,4690,4691,3007,3007,3007,4690,3007,3007,3007,3007,3007,4690,95.45454406738281,0,0,0,5,4.761904716491699,0,5.555555820465088,9.090909004211426,15.000000953674316,0,4.761904716491699,14.285715103149414,0,0,0,0,5,19.047618865966797,68.42105102539063,0,0,0,0,66481098752,12884893696,1744261120,0
99,1780596645282,57593.319747924805,4700,1,0.30000000000000004,6935.883529663086,4700,1,0.30000000000000004,6798.903228759766,4700,1,0.30000000000000004,12172.254409790039,4700,1,0.30000000000000004,45739.95245361328,4700,1,0.30000000000000004,37896.77752685547,4700,1,0.30000000000000004,47116.44413757324,4700,1,0.30000000000000004,29787.074966430664,4700,1,0.30000000000000004,7273.15592956543,4700,1,0.30000000000000004,7162.219909667969,4700,1,0.30000000000000004,6753.075927734375,4700,1,0.30000000000000004,6970.886535644531,4700,1,0.30000000000000004,12824.572570800781,3007,3007,3007,3007,3007,3007,3007,3007,3007,3007,3007,3007,4690,4691,3007,3007,3007,4690,3007,3007,3007,3007,3007,4690,95.45454406738281,0,0,0,5,4.761904716491699,0,5.555555820465088,9.090909004211426,15.000000953674316,0,4.761904716491699,14.285715103149414,0,0,0,0,5,19.047618865966797,68.42105102539063,0,0,0,0,66481098752,12884893696,1741742080,0
99,1780596645382,57594.063720703125,4700,1,0.30000000000000004,6935.886642456055,4700,1,0.30000000000000004,6798.906463623047,4700,1,0.30000000000000004,12172.499938964844,4700,1,0.30000000000000004,45740.267669677734,4700,1,0.30000000000000004,37897.041915893555,4700,1,0.30000000000000004,47116.71127319336,4700,1,0.30000000000000004,29787.88848876953,4700,1,0.30000000000000004,7273.161087036133,4700,1,0.30000000000000004,7162.2327880859375,4700,1,0.30000000000000004,6753.079010009766,4700,1,0.30000000000000004,6970.889801025391,4700,1,0.30000000000000004,12830.233444213867,3007,3007,3007,3007,3007,3007,3007,3007,3007,3007,3007,3007,4690,4691,3007,3007,3007,4690,3007,3007,3007,3007,3007,4690,100,10.526315689086914,0,0,5,5.263157844543457,5,5,5,5.263157844543457,0,0,10,0,0,0,0,10.526315689086914,10,80,0,0,0,0,66481098752,12884893696,1744785408,0
99,1780596645482,57594.77947998047,4700,1,0.3062499999999999,6935.889724731445,4700,1,0.3062499999999999,6798.9095458984375,4700,1,0.3062499999999999,12172.804077148438,4700,1,0.3062499999999999,45740.517318725586,4700,1,0.3062499999999999,37897.3055267334,4700,1,0.3062499999999999,47116.96423339844,4700,1,0.3062499999999999,29788.734939575195,4700,1,0.3062499999999999,7273.164169311523,4700,1,0.3062499999999999,7162.235870361328,4700,1,0.3062499999999999,6753.082092285156,4700,1,0.3062499999999999,6970.892883300781,4700,1,0.3062499999999999,12835.849990844727,3007,3007,3007,3007,3007,3007,3007,3007,3007,3007,3007,3007,4690,4691,3007,3007,3007,4690,3007,3007,3007,3007,3007,4690,100,10.526315689086914,0,0,5,5.263157844543457,5,5,5,5.263157844543457,0,0,10,0,0,0,0,10.526315689086914,10,80,0,0,0,0,66481098752,12884893696,1746530304,0
99,1780596645582,57595.49252319336,4700,1,0.30000000000000004,6935.892807006836,4700,1,0.3062499999999999,6798.912750244141,4700,1,0.3062499999999999,12172.993408203125,4700,1,0.30000000000000004,45740.80990600586,4700,1,0.3062499999999999,37897.5862121582,4700,1,0.3062499999999999,47117.23713684082,4700,1,0.3062499999999999,29789.56739807129,4700,1,0.3062499999999999,7273.167388916016,4700,1,0.3062499999999999,7162.239013671875,4700,1,0.3062499999999999,6753.085174560547,4700,1,0.3062499999999999,6970.896041870117,4700,1,0.3062499999999999,12841.439926147461,3007,3007,3007,3007,3007,3007,3007,3007,3007,3007,3007,3007,4690,4691,3007,3007,3007,4690,3007,3007,3007,3007,3007,4690,95,5,0,0,0,10,15.000000953674316,15.789472579956055,5.555555820465088,14.285715103149414,0,0,0,0,0,0,0,0,4.761904716491699,100,0,0,0,0,66481098752,12884893696,1746079744,0
99,1780596645682,57596.20721435547,4700,1,0.30000000000000004,6935.895889282227,4700,1,0.3062499999999999,6798.915832519531,4700,1,0.3062499999999999,12173.14761352539,4700,1,0.30000000000000004,45741.19013977051,4700,1,0.30000000000000004,37897.780014038086,4700,1,0.30000000000000004,47117.50019836426,4700,1,0.30000000000000004,29790.395385742188,4700,1,0.30000000000000004,7273.1705322265625,4700,1,0.30000000000000004,7162.242095947266,4700,1,0.30000000000000004,6753.088317871094,4700,1,0.30000000000000004,6970.901611328125,4700,1,0.30000000000000004,12846.969543457031,3007,3007,3007,3007,3007,3007,3007,3007,3007,3007,3007,3007,4690,4691,3007,3007,3007,4690,3007,3007,3007,3007,3007,4690,95,5,0,0,0,10,15.000000953674316,15.789472579956055,5.555555820465088,14.285715103149414,0,0,0,0,0,0,0,0,4.761904716491699,100,0,0,0,0,66481098752,12884893696,1728749568,0
99,1780596645782,57596.920166015625,4700,1,0.3062499999999999,6935.898971557617,4700,1,0.3062499999999999,6798.918914794922,4700,1,0.3062499999999999,12173.39419555664,4700,1,0.3062499999999999,45741.40412902832,4700,1,0.3062499999999999,37897.88688659668,4700,1,0.3062499999999999,47117.90830993652,4700,1,0.3062499999999999,29791.221771240234,4700,1,0.3062499999999999,7273.173645019531,4700,1,0.3062499999999999,7162.245178222656,4700,1,0.3062499999999999,6753.091400146484,4700,1,0.3062499999999999,6970.904693603516,4700,1,0.3062499999999999,12852.485900878906,3007,3007,3007,3007,3007,3007,3007,3007,3007,3007,3007,3007,4690,4691,3007,3007,3007,4690,3007,3007,3007,3007,3007,4690,100,5.263157844543457,0,0,0,0,10,0,18.18181800842285,10,0,0,15.000000953674316,0,0,0,0,5,15.789472579956055,100,0,0,0,0,66481098752,12884893696,1730945024,0
99,1780596645882,57597.6340637207,4700,1,0.3062499999999999,6935.902084350586,4700,1,0.3062499999999999,6798.9219970703125,4700,1,0.3062499999999999,12173.501998901367,4700,1,0.3062499999999999,45741.731201171875,4700,1,0.3062499999999999,37898.1164855957,4700,1,0.3062499999999999,47118.210876464844,4700,1,0.3062499999999999,29792.051681518555,4700,1,0.3062499999999999,7273.176696777344,4700,1,0.3062499999999999,7162.248291015625,4700,1,0.3062499999999999,6753.094451904297,4700,1,0.3062499999999999,6970.907806396484,4700,1,0.3062499999999999,12857.916229248047,3007,3007,3007,3007,3007,3007,3007,3007,3007,3007,3007,3007,4690,4691,3007,3007,3007,4690,3007,3007,3007,3007,3007,4690,100,5.263157844543457,0,0,0,0,10,0,18.18181800842285,10,0,0,15.000000953674316,0,0,0,0,5,15.789472579956055,100,0,0,0,0,66481098752,12884893696,1731772416,0
99,1780596645982,57598.348373413086,4700,1,0.30000000000000004,6935.905166625977,4700,1,0.30000000000000004,6798.925201416016,4700,1,0.30000000000000004,12173.506896972656,4700,1,0.30000000000000004,45742.11317443848,4700,1,0.30000000000000004,37898.42956542969,4700,1,0.30000000000000004,47118.42939758301,4700,1,0.30000000000000004,29792.890060424805,4700,1,0.30000000000000004,7273.179779052734,4700,1,0.30000000000000004,7162.251373291016,4700,1,0.30000000000000004,6753.0975341796875,4700,1,0.30000000000000004,6970.910888671875,4700,1,0.30000000000000004,12863.467651367188,3007,3007,3007,3007,3007,3007,3007,3007,3007,3007,3007,3007,4690,4691,3007,3007,3007,4690,3007,3007,3007,3007,3007,4690,95,0,0,0,0,0,10.526315689086914,5,9.523809432983398,5.555555820465088,0,0,21.052631378173828,0,0,0,0,15.000000953674316,5.263157844543457,100,0,0,0,0,66481098752,12884893696,1732550656,0
99,1780596646082,57599.06628417969,4700,1,0.3062499999999999,6935.908248901367,4700,1,0.3062499999999999,6798.928283691406,4700,1,0.3062499999999999,12173.511642456055,4700,1,0.3062499999999999,45742.372314453125,4700,1,0.3062499999999999,37898.83255004883,4700,1,0.3062499999999999,47118.70851135254,4700,1,0.3062499999999999,29793.722595214844,4700,1,0.3062499999999999,7273.182922363281,4700,1,0.3062499999999999,7162.2545166015625,4700,1,0.3062499999999999,6753.100677490234,4700,1,0.3062499999999999,6970.914047241211,4700,1,0.3062499999999999,12869.055252075195,3007,3007,3007,3007,3007,3007,3007,3007,3007,3007,3007,3007,4690,4691,3007,3007,3007,4690,3007,3007,3007,3007,3007,4690,95,0,0,0,0,0,10.526315689086914,5,9.523809432983398,5.555555820465088,0,0,21.052631378173828,0,0,0,0,15.000000953674316,5.263157844543457,100,0,0,0,0,66481098752,12884893696,1737207808,0
99,1780596646182,57599.77908325195,4700,1,0.3062499999999999,6935.911331176758,4700,1,0.3062499999999999,6798.931365966797,4700,1,0.3062499999999999,12173.516372680664,4700,1,0.3062499999999999,45742.781494140625,4700,1,0.3062499999999999,37899.16212463379,4700,1,0.3062499999999999,47118.76023864746,4700,1,0.3062499999999999,29794.56610107422,4700,1,0.3062499999999999,7273.186004638672,4700,1,0.3062499999999999,7162.257598876953,4700,1,0.3062499999999999,6753.103759765625,4700,1,0.3062499999999999,6970.917190551758,4700,1,0.3062499999999999,12874.472076416016,3007,3007,3007,3007,3007,3007,3007,3007,3007,3007,3007,3007,4690,4691,3007,3007,3007,4690,3007,3007,3007,3007,3007,4690,95.23809814453125,0,0,0,0,0,15.000000953674316,0,0,15.000000953674316,0,0,15.789472579956055,0,0,0,0,11.111111640930176,5.263157844543457,100,0,0,0,0,66481098752,12884893696,1739915264,0
99,1780596646282,57600.49296569824,4700,1,0.3062499999999999,6935.914413452148,4700,1,0.3062499999999999,6798.934600830078,4700,1,0.3062499999999999,12173.521224975586,4700,1,0.3062499999999999,45743.03689575195,4700,1,0.3062499999999999,37899.43542480469,4700,1,0.3062499999999999,47119.1477355957,4700,1,0.3062499999999999,29795.402130126953,4700,1,0.3062499999999999,7273.18928527832,4700,1,0.3062499999999999,7162.260681152344,4700,1,0.3062499999999999,6753.106842041016,4700,1,0.3062499999999999,6970.920364379883,4700,1,0.3062499999999999,12879.955017089844,3007,3007,3007,3007,3007,3007,3007,3007,3007,3007,3007,3007,4690,4691,3007,3007,3007,4690,3007,3007,3007,3007,3007,4690,95.23809814453125,0,0,0,0,0,15.000000953674316,0,0,15.000000953674316,0,0,15.789472579956055,0,0,0,0,11.111111640930176,5.263157844543457,100,0,0,0,0,66481098752,12884893696,1740824576,0
99,1780596646383,57601.20698547363,4700,1,0.3062499999999999,6935.917495727539,4700,1,0.3062499999999999,6798.937835693359,4700,1,0.3062499999999999,12173.762725830078,4700,1,0.3062499999999999,45743.31462097168,4700,1,0.3062499999999999,37899.70733642578,4700,1,0.3062499999999999,47119.44975280762,4700,1,0.3062499999999999,29796.230041503906,4700,1,0.3062499999999999,7273.192367553711,4700,1,0.3062499999999999,7162.263824462891,4700,1,0.3062499999999999,6753.109924316406,4700,1,0.3062499999999999,6970.923522949219,4700,1,0.3062499999999999,12885.641860961914,3007,3007,3007,3007,3007,3007,3007,3007,3007,3007,3007,3007,4690,4691,3007,3007,3007,4690,3007,3007,3007,3007,3007,4690,94.44444274902344,0,0,0,0,9.523809432983398,0,0,21.052631378173828,5.555555820465088,0,0,11.111111640930176,0,0,0,0,0,14.285715103149414,100,0,0,0,0,66481098752,12884893696,1743290368,0
99,1780596646483,57601.91227722168,4700,1,0.3062499999999999,6935.92057800293,4700,1,0.3062499999999999,6798.94091796875,4700,1,0.3062499999999999,12173.968078613281,4700,1,0.3062499999999999,45743.568771362305,4700,1,0.3062499999999999,37900.00605773926,4700,1,0.3062499999999999,47119.75601196289,4700,1,0.3062499999999999,29797.057662963867,4700,1,0.3062499999999999,7273.195419311523,4700,1,0.3062499999999999,7162.266876220703,4700,1,0.3062499999999999,6753.112976074219,4700,1,0.3062499999999999,6970.926605224609,4700,1,0.3062499999999999,12891.285095214844,3007,3007,3007,3007,3007,3007,3007,3007,3007,3007,3007,3007,4690,4691,3007,3007,3007,4690,3007,3007,3007,3007,3007,4690,94.44444274902344,0,0,0,0,9.523809432983398,0,0,21.052631378173828,5.555555820465088,0,0,11.111111640930176,0,0,0,0,0,14.285715103149414,100,0,0,0,0,66481098752,12884893696,1742016512,0
99,1780596646583,57602.64125061035,4700,1,0.3062499999999999,6935.923751831055,4700,1,0.3062499999999999,6798.944061279297,4700,1,0.3062499999999999,12174.23599243164,4700,1,0.3062499999999999,45743.840576171875,4700,1,0.3062499999999999,37900.32972717285,4700,1,0.3062499999999999,47120.08290100098,4700,1,0.3062499999999999,29797.860778808594,4700,1,0.3062499999999999,7273.198654174805,4700,1,0.3062499999999999,7162.270111083984,4700,1,0.3062499999999999,6753.116149902344,4700,1,0.3062499999999999,6970.929779052734,4700,1,0.3062499999999999,12896.984848022461,3007,3007,3007,3007,3007,3007,3007,3007,3007,3007,3007,3007,4690,4691,3007,3007,3007,4690,3007,3007,3007,3007,3007,4690,94.44444274902344,0,0,0,0,9.523809432983398,0,0,21.052631378173828,5.555555820465088,0,0,11.111111640930176,0,0,0,0,0,14.285715103149414,100,0,0,0,0,66481098752,12884893696,1743826944,0
99,1780596646683,57603.35545349121,4700,1,0.3062499999999999,6935.926834106445,4700,1,0.3062499999999999,6798.947174072266,4700,1,0.3062499999999999,12174.502365112305,4700,1,0.3062499999999999,45744.1544342041,4700,1,0.3062499999999999,37900.62471008301,4700,1,0.3062499999999999,47120.277435302734,4700,1,0.3062499999999999,29798.693435668945,4700,1,0.3062499999999999,7273.201843261719,4700,1,0.3062499999999999,7162.273208618164,4700,1,0.3062499999999999,6753.119277954102,4700,1,0.3062499999999999,6970.932891845703,4700,1,0.3062499999999999,12902.499069213867,3007,3007,3007,3007,3007,3007,3007,3007,3007,3007,3007,3007,4690,4691,3007,3007,3007,4690,3007,3007,3007,3007,3007,4690,100,0,0,0,0,20,9.523809432983398,5.555555820465088,11.111111640930176,14.285715103149414,0,0,10,0,0,0,0,10,0,100,0,0,0,0,66481098752,12884893696,1737363456,0
99,1780596646783,57604.068786621094,4700,1,0.3062499999999999,6935.929916381836,4700,1,0.3062499999999999,6798.950256347656,4700,1,0.3062499999999999,12174.769241333008,4700,1,0.3062499999999999,45744.43426513672,4700,1,0.3062499999999999,37900.8967590332,4700,1,0.3062499999999999,47120.55603027344,4700,1,0.3062499999999999,29799.5252532959,4700,1,0.3062499999999999,7273.204925537109,4700,1,0.3062499999999999,7162.276290893555,4700,1,0.3062499999999999,6753.122360229492,4700,1,0.3062499999999999,6970.939147949219,4700,1,0.3062499999999999,12908.114486694336,3007,3007,3007,3007,3007,3007,3007,3007,3007,3007,3007,3007,4690,4691,3007,3007,3007,4690,3007,3007,3007,3007,3007,4690,95.23809814453125,19.047618865966797,0,0,0,0,5.555555820465088,19.047618865966797,5,10.526315689086914,0,0,9.523809432983398,0,0,0,0,0,5.555555820465088,100,0,0,0,0,66481098752,12884893696,1738797056,0
99,1780596646883,57604.78063964844,4700,1,0.3062499999999999,6935.932998657227,4700,1,0.3062499999999999,6798.953338623047,4700,1,0.3062499999999999,12174.993225097656,4700,1,0.3062499999999999,45744.70584106445,4700,1,0.3062499999999999,37901.15675354004,4700,1,0.3062499999999999,47120.8936920166,4700,1,0.3062499999999999,29800.35627746582,4700,1,0.3062499999999999,7273.2080078125,4700,1,0.3062499999999999,7162.279434204102,4700,1,0.3062499999999999,6753.125442504883,4700,1,0.3062499999999999,6970.942291259766,4700,1,0.3062499999999999,12913.706680297852,3007,3007,3007,3007,3007,3007,3007,3007,3007,3007,3007,3007,4690,4691,3007,3007,3007,4690,3007,3007,3007,3007,3007,4690,95.23809814453125,19.047618865966797,0,0,0,0,5.555555820465088,19.047618865966797,5,10.526315689086914,0,0,9.523809432983398,0,0,0,0,0,5.555555820465088,100,0,0,0,0,66481098752,12884893696,1742520320,0
99,1780596646983,57605.49223327637,4700,1,0.3062499999999999,6935.936080932617,4700,1,0.3062499999999999,6798.9564208984375,4700,1,0.3062499999999999,12175.235290527344,4700,1,0.3062499999999999,45744.97122192383,4700,1,0.3062499999999999,37901.45391845703,4700,1,0.3062499999999999,47121.164810180664,4700,1,0.3062499999999999,29801.1847076416,4700,1,0.3062499999999999,7273.211090087891,4700,1,0.3062499999999999,7162.282516479492,4700,1,0.3062499999999999,6753.128524780273,4700,1,0.3062499999999999,6970.945373535156,4700,1,0.3062499999999999,12919.334991455078,3007,3007,3007,3007,3007,3007,3007,3007,3007,3007,3007,3007,4690,4691,3007,3007,3007,4690,3007,3007,3007,3007,3007,4690,94.73684692382813,5,0,0,0,0,11.111111640930176,15.789472579956055,9.523809432983398,14.285715103149414,0,0,0,0,0,0,0,0,11.111111640930176,100,0,0,0,0,66481098752,12884893696,1743556608,0
99,1780596647083,57606.1950378418,4700,1,0.30000000000000004,6935.939163208008,4700,1,0.30000000000000004,6798.959564208984,4700,1,0.30000000000000004,12175.499252319336,4700,1,0.30000000000000004,45745.2048034668,4700,1,0.30000000000000004,37901.64791870117,4700,1,0.30000000000000004,47121.51348876953,4700,1,0.30000000000000004,29802.02003479004,4700,1,0.30000000000000004,7273.2142333984375,4700,1,0.30000000000000004,7162.285659790039,4700,1,0.30000000000000004,6753.131652832031,4700,1,0.30000000000000004,6970.955673217773,4700,1,0.30000000000000004,12924.932388305664,3007,3007,3007,3007,3007,3007,3007,3007,3007,3007,3007,3007,4690,4691,3007,3007,3007,4690,3007,3007,3007,3007,3007,4690,94.73684692382813,5,0,0,0,0,11.111111640930176,15.789472579956055,9.523809432983398,14.285715103149414,0,0,0,0,0,0,0,0,11.111111640930176,100,0,0,0,0,66481098752,12884893696,1745272832,0
99,1780596647183,57606.91125488281,4700,1,0.30000000000000004,6935.942245483398,4700,1,0.30000000000000004,6798.962646484375,4700,1,0.30000000000000004,12175.775894165039,4700,1,0.30000000000000004,45745.454162597656,4700,1,0.30000000000000004,37901.81884765625,4700,1,0.30000000000000004,47121.8371887207,4700,1,0.30000000000000004,29802.8447265625,4700,1,0.30000000000000004,7273.21728515625,4700,1,0.30000000000000004,7162.288711547852,4700,1,0.30000000000000004,6753.134735107422,4700,1,0.30000000000000004,6970.958755493164,4700,1,0.30000000000000004,12930.48715209961,3007,3007,3007,3007,3007,3007,3007,3007,3007,3007,3007,3007,4690,4691,3007,3007,3007,4690,3007,3007,3007,3007,3007,4690,100,5.263157844543457,0,0,0,0,10,0,5.555555820465088,0,0,0,0,0,0,0,0,0,11.111111640930176,100,0,0,0,0,66481098752,12884893696,1741004800,0
99,1780596647283,57607.62626647949,4700,1,0.30000000000000004,6935.945297241211,4700,1,0.30000000000000004,6798.9658203125,4700,1,0.30000000000000004,12176.038070678711,4700,1,0.30000000000000004,45745.76594543457,4700,1,0.30000000000000004,37902.08953857422,4700,1,0.30000000000000004,47122.07977294922,4700,1,0.30000000000000004,29803.670486450195,4700,1,0.30000000000000004,7273.22053527832,4700,1,0.30000000000000004,7162.291793823242,4700,1,0.30000000000000004,6753.137786865234,4700,1,0.30000000000000004,6970.961868286133,4700,1,0.30000000000000004,12936.043899536133,3007,3007,3007,3007,3007,3007,3007,3007,3007,3007,3007,3007,4690,4691,3007,3007,3007,4690,3007,3007,3007,3007,3007,4690,100,5.263157844543457,0,0,0,0,10,0,5.555555820465088,0,0,0,0,0,0,0,0,0,11.111111640930176,100,0,0,0,0,66481098752,12884893696,1745121280,0
99,1780596647383,57608.33744812012,4700,1,0.3062499999999999,6935.948379516602,4700,1,0.3062499999999999,6798.968948364258,4700,1,0.3062499999999999,12176.235565185547,4700,1,0.3062499999999999,45746.0241394043,4700,1,0.3062499999999999,37902.42810058594,4700,1,0.3062499999999999,47122.348068237305,4700,1,0.3062499999999999,29804.504302978516,4700,1,0.3062499999999999,7273.223617553711,4700,1,0.3062499999999999,7162.294937133789,4700,1,0.3062499999999999,6753.140869140625,4700,1,0.3062499999999999,6970.96501159668,4700,1,0.3062499999999999,12941.637481689453,3007,3007,3007,3007,3007,3007,3007,3007,3007,3007,3007,3007,4690,4691,3007,3007,3007,4690,3007,3007,3007,3007,3007,4690,95.23809814453125,5,0,0,0,0,5.263157844543457,14.285715103149414,10.526315689086914,10.526315689086914,0,0,0,0,0,0,0,10.526315689086914,0,100,0,0,0,0,66481098752,12884893696,1746931712,0
99,1780596647483,57609.050537109375,4700,1,0.3062499999999999,6935.951461791992,4700,1,0.3062499999999999,6798.972091674805,4700,1,0.3062499999999999,12176.48843383789,4700,1,0.3062499999999999,45746.3000793457,4700,1,0.3062499999999999,37902.70927429199,4700,1,0.3062499999999999,47122.62521362305,4700,1,0.3062499999999999,29805.3397064209,4700,1,0.3062499999999999,7273.226760864258,4700,1,0.3062499999999999,7162.29801940918,4700,1,0.3062499999999999,6753.143951416016,4700,1,0.3062499999999999,6970.96809387207,4700,1,0.3062499999999999,12947.282409667969,3007,3007,3007,3007,3007,3007,3007,3007,3007,3007,3007,3007,4690,4691,3007,3007,3007,4690,3007,3007,3007,3007,3007,4690,95.23809814453125,5,0,0,0,0,5.263157844543457,14.285715103149414,10.526315689086914,10.526315689086914,0,0,0,0,0,0,0,10.526315689086914,0,100,0,0,0,0,66481098752,12884893696,1749671936,0
99,1780596647583,57609.762283325195,4700,1,0.3062499999999999,6935.954544067383,4700,1,0.3062499999999999,6798.975173950195,4700,1,0.3062499999999999,12176.820266723633,4700,1,0.3062499999999999,45746.50108337402,4700,1,0.3062499999999999,37902.98538208008,4700,1,0.3062499999999999,47122.88299560547,4700,1,0.3062499999999999,29806.178619384766,4700,1,0.3062499999999999,7273.229904174805,4700,1,0.3062499999999999,7162.30207824707,4700,1,0.3062499999999999,6753.147033691406,4700,1,0.3062499999999999,6970.971237182617,4700,1,0.3062499999999999,12952.892196655273,3007,3007,3007,3007,3007,3007,3007,3007,3007,3007,3007,3007,4690,4691,3007,3007,3007,4690,3007,3007,3007,3007,3007,4690,94.44444274902344,15.000000953674316,0,0,0,10,5.555555820465088,5.263157844543457,5.263157844543457,15.000000953674316,0,0,0,0,0,0,0,10,0,100,0,0,0,0,66481098752,12884893696,1748271104,0
99,1780596647683,57610.47169494629,4700,1,0.3062499999999999,6935.957626342773,4700,1,0.3062499999999999,6798.978256225586,4700,1,0.3062499999999999,12177.056930541992,4700,1,0.3062499999999999,45746.762634277344,4700,1,0.3062499999999999,37903.28170776367,4700,1,0.3062499999999999,47123.170806884766,4700,1,0.3062499999999999,29807.0135345459,4700,1,0.3062499999999999,7273.232986450195,4700,1,0.3062499999999999,7162.305160522461,4700,1,0.3062499999999999,6753.150115966797,4700,1,0.3062499999999999,6970.974426269531,4700,1,0.3062499999999999,12958.501419067383,3007,3007,3007,3007,3007,3007,3007,3007,3007,3007,3007,3007,4690,4691,3007,3007,3007,4690,3007,3007,3007,3007,3007,4690,94.44444274902344,15.000000953674316,0,0,0,10,5.555555820465088,5.263157844543457,5.263157844543457,15.000000953674316,0,0,0,0,0,0,0,10,0,100,0,0,0,0,66481098752,12884893696,1741746176,0
99,1780596647783,57611.186111450195,4700,1,0.30000000000000004,6935.960708618164,4700,1,0.3062499999999999,6798.981338500977,4700,1,0.3062499999999999,12177.243774414063,4700,1,0.30000000000000004,45746.99546813965,4700,1,0.30000000000000004,37903.471267700195,4700,1,0.30000000000000004,47123.5505065918,4700,1,0.30000000000000004,29807.838775634766,4700,1,0.30000000000000004,7273.236068725586,4700,1,0.30000000000000004,7162.308242797852,4700,1,0.30000000000000004,6753.1531982421875,4700,1,0.3062499999999999,6970.977508544922,4700,1,0.3062499999999999,12964.069839477539,3007,3007,3007,3007,3007,3007,3007,3007,3007,3007,3007,3007,4690,4691,3007,3007,3007,4690,3007,3007,3007,3007,3007,4690,95,15.000000953674316,0,0,0,0,15.000000953674316,10,10.526315689086914,5.555555820465088,0,0,0,0,0,0,0,0,19.047618865966797,100,0,0,0,0,66481098752,12884893696,1742094336,0
99,1780596647883,57611.88691711426,4700,1,0.30000000000000004,6935.963790893555,4700,1,0.30000000000000004,6798.984481811523,4700,1,0.30000000000000004,12177.479782104492,4700,1,0.30000000000000004,45747.06774902344,4700,1,0.30000000000000004,37903.855209350586,4700,1,0.30000000000000004,47123.790130615234,4700,1,0.30000000000000004,29808.666763305664,4700,1,0.30000000000000004,7273.239196777344,4700,1,0.30000000000000004,7162.31135559082,4700,1,0.30000000000000004,6753.15625,4700,1,0.30000000000000004,6970.980667114258,4700,1,0.30000000000000004,12969.538833618164,3007,3007,3007,3007,3007,3007,3007,3007,3007,3007,3007,3007,4690,4691,3007,3007,3007,4690,3007,3007,3007,3007,3007,4690,95,15.000000953674316,0,0,0,0,15.000000953674316,10,10.526315689086914,5.555555820465088,0,0,0,0,0,0,0,0,19.047618865966797,100,0,0,0,0,66481098752,12884893696,1745309696,0
99,1780596647983,57612.59629821777,4700,1,0.3062499999999999,6935.966873168945,4700,1,0.3062499999999999,6798.987564086914,4700,1,0.3062499999999999,12177.72705078125,4700,1,0.3062499999999999,45747.436264038086,4700,1,0.3062499999999999,37904.007888793945,4700,1,0.3062499999999999,47124.014709472656,4700,1,0.3062499999999999,29809.501174926758,4700,1,0.3062499999999999,7273.242279052734,4700,1,0.3062499999999999,7162.314437866211,4700,1,0.3062499999999999,6753.159332275391,4700,1,0.3062499999999999,6970.983779907227,4700,1,0.3062499999999999,12975.068832397461,3007,3007,3007,3007,3007,3007,3007,3007,3007,3007,3007,3007,4690,4691,3007,3007,3007,4690,3007,3007,3007,3007,3007,4690,95,0,0,0,0,0,15.000000953674316,5.555555820465088,5.263157844543457,15.000000953674316,0,0,10,0,0,0,0,5.263157844543457,0,100,0,0,0,0,66481098752,12884893696,1746022400,0
99,1780596648083,57613.30213928223,4700,1,0.3062499999999999,6935.969924926758,4700,1,0.3062499999999999,6798.990615844727,4700,1,0.3062499999999999,12177.983474731445,4700,1,0.3062499999999999,45747.799072265625,4700,1,0.3062499999999999,37904.112380981445,4700,1,0.3062499999999999,47124.26698303223,4700,1,0.3062499999999999,29810.337188720703,4700,1,0.3062499999999999,7273.245361328125,4700,1,0.3062499999999999,7162.317581176758,4700,1,0.3062499999999999,6753.162414550781,4700,1,0.3062499999999999,6970.986907958984,4700,1,0.3062499999999999,12980.503128051758,3007,3007,3007,3007,3007,3007,3007,3007,3007,3007,3007,3007,4690,4691,3007,3007,3007,4690,3007,3007,3007,3007,3007,4690,95,0,0,0,0,0,15.000000953674316,5.555555820465088,5.263157844543457,15.000000953674316,0,0,10,0,0,0,0,5.263157844543457,0,100,0,0,0,0,66481098752,12884893696,1748881408,0
99,1780596648183,57614.01043701172,4700,1,0.3062499999999999,6935.973007202148,4700,1,0.3062499999999999,6798.993698120117,4700,1,0.3062499999999999,12178.247100830078,4700,1,0.3062499999999999,45748.13494873047,4700,1,0.3062499999999999,37904.2861328125,4700,1,0.3062499999999999,47124.519775390625,4700,1,0.3062499999999999,29811.169372558594,4700,1,0.3062499999999999,7273.248443603516,4700,1,0.3062499999999999,7162.320663452148,4700,1,0.3062499999999999,6753.165496826172,4700,1,0.3062499999999999,6970.990081787109,4700,1,0.3062499999999999,12986.042053222656,3007,3007,3007,3007,3007,3007,3007,3007,3007,3007,3007,3007,4690,4691,3007,3007,3007,4690,3007,3007,3007,3007,3007,4690,95.23809814453125,5,0,0,0,0,15.789472579956055,5.263157844543457,11.111111640930176,10.526315689086914,0,0,19.047618865966797,0,0,0,0,0,0,100,0,0,0,0,66481098752,12884893696,1740632064,0
99,1780596648283,57614.72218322754,4700,1,0.3062499999999999,6935.976089477539,4700,1,0.3062499999999999,6798.99690246582,4700,1,0.3062499999999999,12178.51303100586,4700,1,0.3062499999999999,45748.42170715332,4700,1,0.3062499999999999,37904.5680847168,4700,1,0.3062499999999999,47124.771575927734,4700,1,0.3062499999999999,29812.001205444336,4700,1,0.3062499999999999,7273.251739501953,4700,1,0.3062499999999999,7162.323776245117,4700,1,0.3062499999999999,6753.1685791015625,4700,1,0.3062499999999999,6970.993194580078,4700,1,0.3062499999999999,12991.700592041016,3007,3007,3007,3007,3007,3007,3007,3007,3007,3007,3007,3007,4690,4691,3007,3007,3007,4690,3007,3007,3007,3007,3007,4690,95.23809814453125,5,0,0,0,0,15.789472579956055,5.263157844543457,11.111111640930176,10.526315689086914,0,0,19.047618865966797,0,0,0,0,0,0,100,0,0,0,0,66481098752,12884893696,1742233600,0
99,1780596648383,57615.431213378906,4700,1,0.30000000000000004,6935.97917175293,4700,1,0.3062499999999999,6798.999984741211,4700,1,0.3062499999999999,12178.855026245117,4700,1,0.30000000000000004,45748.73046875,4700,1,0.30000000000000004,37904.71565246582,4700,1,0.30000000000000004,47124.98913574219,4700,1,0.30000000000000004,29812.843353271484,4700,1,0.3062499999999999,7273.254821777344,4700,1,0.3062499999999999,7162.326919555664,4700,1,0.3062499999999999,6753.171661376953,4700,1,0.3062499999999999,6970.996337890625,4700,1,0.3062499999999999,12997.292602539063,3007,3007,3007,3007,3007,3007,3007,3007,3007,3007,3007,3007,4690,4691,3007,3007,3007,4690,3007,3007,3007,3007,3007,4690,100,0,0,0,0,10,22.22222328186035,10.526315689086914,19.047618865966797,5.555555820465088,0,0,0,0,0,0,0,0,0,100,0,0,0,0,66481098752,12884893696,1743114240,0
99,1780596648483,57616.12196350098,4700,1,0.30000000000000004,6936.000778198242,4700,1,0.30000000000000004,6799.024368286133,4700,1,0.30000000000000004,12179.13639831543,4700,1,0.30000000000000004,45748.98599243164,4700,1,0.30000000000000004,37904.88471984863,4700,1,0.30000000000000004,47125.268142700195,4700,1,0.30000000000000004,29813.596267700195,4700,1,0.30000000000000004,7273.271301269531,4700,1,0.30000000000000004,7162.337738037109,4700,1,0.30000000000000004,6753.188674926758,4700,1,0.30000000000000004,6971.034866333008,4700,1,0.30000000000000004,13002.819320678711,3007,3007,3007,3007,3007,3007,3007,3007,3007,3007,3007,3007,4690,4691,3007,3007,3007,4690,3007,3007,3007,3007,3007,4690,100,0,0,0,0,10,22.22222328186035,10.526315689086914,19.047618865966797,5.555555820465088,0,0,0,0,0,0,0,0,0,100,0,0,0,0,66481098752,12884893696,1749311488,0
99,1780596648584,57616.842529296875,4700,1,0.30000000000000004,6936.005279541016,4700,1,0.30000000000000004,6799.046417236328,4700,1,0.30000000000000004,12179.372863769531,4700,1,0.30000000000000004,45749.26741027832,4700,1,0.30000000000000004,37905.068450927734,4700,1,0.30000000000000004,47125.579025268555,4700,1,0.30000000000000004,29814.387283325195,4700,1,0.30000000000000004,7273.282897949219,4700,1,0.30000000000000004,7162.350997924805,4700,1,0.30000000000000004,6753.193954467773,4700,1,0.30000000000000004,6971.048187255859,4700,1,0.30000000000000004,13008.310791015625,3007,3007,3007,3007,3007,3007,3007,3007,3007,3007,3007,3007,4690,4691,3007,3007,3007,4690,3007,3007,3007,3007,3007,4690,95,0,0,0,0,9.523809432983398,9.523809432983398,0,20,15.000000953674316,0,0,5.263157844543457,0,0,0,0,5,0,94.73684692382813,0,0,0,0,66481098752,12884893696,1747369984,0
99,1780596648684,57617.578384399414,4700,1,0.30000000000000004,6936.008331298828,4700,1,0.30000000000000004,6799.057037353516,4700,1,0.30000000000000004,12179.619995117188,4700,1,0.30000000000000004,45749.54754638672,4700,1,0.30000000000000004,37905.32321166992,4700,1,0.30000000000000004,47125.856369018555,4700,1,0.30000000000000004,29815.21730041504,4700,1,0.30000000000000004,7273.285980224609,4700,1,0.30000000000000004,7162.354049682617,4700,1,0.30000000000000004,6753.197509765625,4700,1,0.30000000000000004,6971.051803588867,4700,1,0.30000000000000004,13013.836334228516,3007,3007,3007,3007,3007,3007,3007,3007,3007,3007,3007,3007,4690,4691,3007,3007,3007,4690,3007,3007,3007,3007,3007,4690,95,0,0,0,0,9.523809432983398,9.523809432983398,0,20,15.000000953674316,0,0,5.263157844543457,0,0,0,0,5,0,94.73684692382813,0,0,0,0,66481098752,12884893696,1740701696,0
99,1780596648784,57618.33462524414,4700,1,0.30000000000000004,6936.011749267578,4700,1,0.30000000000000004,6799.069534301758,4700,1,0.30000000000000004,12179.898895263672,4700,1,0.30000000000000004,45749.8038482666,4700,1,0.30000000000000004,37905.62060546875,4700,1,0.30000000000000004,47126.07580566406,4700,1,0.30000000000000004,29816.04800415039,4700,1,0.30000000000000004,7273.289154052734,4700,1,0.30000000000000004,7162.357192993164,4700,1,0.30000000000000004,6753.200592041016,4700,1,0.30000000000000004,6971.054946899414,4700,1,0.30000000000000004,13019.467575073242,3007,3007,3007,3007,3007,3007,3007,3007,3007,3007,3007,3007,4690,4691,3007,3007,3007,4690,3007,3007,3007,3007,3007,4690,100,0,0,0,14.285715103149414,5.263157844543457,5,5.263157844543457,0,14.285715103149414,0,0,10.526315689086914,0,0,0,0,10.526315689086914,10.526315689086914,100,0,0,0,0,66481098752,12884893696,1742282752,0
99,1780596648884,57619.04814147949,4700,1,0.3062499999999999,6936.014831542969,4700,1,0.3062499999999999,6799.072692871094,4700,1,0.3062499999999999,12180.148345947266,4700,1,0.3062499999999999,45750.0871887207,4700,1,0.3062499999999999,37905.90480041504,4700,1,0.3062499999999999,47126.32711791992,4700,1,0.3062499999999999,29816.8761138916,4700,1,0.3062499999999999,7273.292236328125,4700,1,0.3062499999999999,7162.360336303711,4700,1,0.3062499999999999,6753.203674316406,4700,1,0.3062499999999999,6971.058029174805,4700,1,0.3062499999999999,13025.131790161133,3007,3007,3007,3007,3007,3007,3007,3007,3007,3007,3007,3007,4690,4691,3007,3007,3007,4690,3007,3007,3007,3007,3007,4690,100,0,0,0,14.285715103149414,5.263157844543457,5,5.263157844543457,0,14.285715103149414,0,0,10.526315689086914,0,0,0,0,10.526315689086914,10.526315689086914,100,0,0,0,0,66481098752,12884893696,1744302080,0
99,1780596648984,57619.77574157715,4700,1,0.3062499999999999,6936.017913818359,4700,1,0.3062499999999999,6799.075775146484,4700,1,0.3062499999999999,12180.324356079102,4700,1,0.3062499999999999,45750.342681884766,4700,1,0.3062499999999999,37906.279296875,4700,1,0.3062499999999999,47126.52389526367,4700,1,0.3062499999999999,29817.719360351563,4700,1,0.3062499999999999,7273.295318603516,4700,1,0.3062499999999999,7162.363418579102,4700,1,0.3062499999999999,6753.206756591797,4700,1,0.3062499999999999,6971.061111450195,4700,1,0.3062499999999999,13030.704772949219,3007,3007,3007,3007,3007,3007,3007,3007,3007,3007,3007,3007,4690,4691,3007,3007,3007,4690,3007,3007,3007,3007,3007,4690,94.44444274902344,0,0,0,0,15.000000953674316,15.789472579956055,0,5,5.555555820465088,0,0,0,0,0,0,0,20,10,100,0,0,0,0,66481098752,12884893696,1740562432,0
99,1780596649084,57620.48922729492,4700,1,0.30000000000000004,6936.021041870117,4700,1,0.3062499999999999,6799.082626342773,4700,1,0.3062499999999999,12180.436492919922,4700,1,0.30000000000000004,45750.72035217285,4700,1,0.30000000000000004,37906.592529296875,4700,1,0.30000000000000004,47126.645935058594,4700,1,0.30000000000000004,29818.55940246582,4700,1,0.30000000000000004,7273.298446655273,4700,1,0.30000000000000004,7162.366607666016,4700,1,0.30000000000000004,6753.209915161133,4700,1,0.3062499999999999,6971.064239501953,4700,1,0.3062499999999999,13036.222640991211,3007,3007,3007,3007,3007,3007,3007,3007,3007,3007,3007,3007,4690,4691,3007,3007,3007,4690,3007,3007,3007,3007,3007,4690,94.44444274902344,0,0,0,0,15.000000953674316,15.789472579956055,0,5,5.555555820465088,0,0,0,0,0,0,0,20,10,100,0,0,0,0,66481098752,12884893696,1740451840,0
99,1780596649184,57621.19241333008,4700,1,0.30000000000000004,6936.024124145508,4700,1,0.30000000000000004,6799.085708618164,4700,1,0.3062499999999999,12180.625762939453,4700,1,0.30000000000000004,45751.07293701172,4700,1,0.30000000000000004,37906.87838745117,4700,1,0.30000000000000004,47126.83399963379,4700,1,0.30000000000000004,29819.3966217041,4700,1,0.30000000000000004,7273.301528930664,4700,1,0.30000000000000004,7162.369689941406,4700,1,0.30000000000000004,6753.212997436523,4700,1,0.30000000000000004,6971.067321777344,4700,1,0.30000000000000004,13041.762496948242,3007,3007,3007,3007,3007,3007,3007,3007,3007,3007,3007,3007,4690,4691,3007,3007,3007,4690,3007,3007,3007,3007,3007,4690,95.23809814453125,0,0,0,0,5,25,5,5,20,0,0,20,0,0,0,0,0,0,100,0,0,0,0,66481098752,12884893696,1741832192,0
99,1780596649284,57621.90866088867,4700,1,0.3062499999999999,6936.027206420898,4700,1,0.3062499999999999,6799.0931396484375,4700,1,0.3062499999999999,12180.859512329102,4700,1,0.3062499999999999,45751.30715942383,4700,1,0.3062499999999999,37907.18280029297,4700,1,0.3062499999999999,47127.12097167969,4700,1,0.3062499999999999,29820.212799072266,4700,1,0.3062499999999999,7273.304580688477,4700,1,0.3062499999999999,7162.372741699219,4700,1,0.3062499999999999,6753.216049194336,4700,1,0.3062499999999999,6971.070404052734,4700,1,0.3062499999999999,13047.429489135742,3007,3007,3007,3007,3007,3007,3007,3007,3007,3007,3007,3007,4690,4691,3007,3007,3007,4690,3007,3007,3007,3007,3007,4690,95.23809814453125,0,0,0,0,5,25,5,5,20,0,0,20,0,0,0,0,0,0,100,0,0,0,0,66481098752,12884893696,1738178560,0
99,1780596649384,57622.61767578125,4700,1,0.3062499999999999,6936.030258178711,4700,1,0.3062499999999999,6799.096252441406,4700,1,0.3062499999999999,12181.099670410156,4700,1,0.3062499999999999,45751.5945892334,4700,1,0.3062499999999999,37907.574279785156,4700,1,0.3062499999999999,47127.15126037598,4700,1,0.3062499999999999,29821.051483154297,4700,1,0.3062499999999999,7273.307693481445,4700,1,0.3062499999999999,7162.375885009766,4700,1,0.3062499999999999,6753.219131469727,4700,1,0.3062499999999999,6971.073455810547,4700,1,0.3062499999999999,13052.84164428711,3007,3007,3007,3007,3007,3007,3007,3007,3007,3007,3007,3007,4690,4691,3007,3007,3007,4690,3007,3007,3007,3007,3007,4690,94.44444274902344,15.789472579956055,0,0,0,0,11.111111640930176,5,0,10,0,0,0,0,0,0,0,5.555555820465088,0,100,0,0,0,0,66481098752,12884893696,1738825728,0
99,1780596649484,57623.33084106445,4700,1,0.3062499999999999,6936.033416748047,4700,1,0.3062499999999999,6799.104354858398,4700,1,0.3062499999999999,12181.367538452148,4700,1,0.3062499999999999,45751.85607910156,4700,1,0.3062499999999999,37907.89520263672,4700,1,0.3062499999999999,47127.33493041992,4700,1,0.3062499999999999,29821.883422851563,4700,1,0.3062499999999999,7273.310775756836,4700,1,0.3062499999999999,7162.378967285156,4700,1,0.3062499999999999,6753.222274780273,4700,1,0.3062499999999999,6971.076583862305,4700,1,0.3062499999999999,13058.402786254883,3007,3007,3007,3007,3007,3007,3007,3007,3007,3007,3007,3007,4690,4691,3007,3007,3007,4690,3007,3007,3007,3007,3007,4690,94.44444274902344,15.789472579956055,0,0,0,0,11.111111640930176,5,0,10,0,0,0,0,0,0,0,5.555555820465088,0,100,0,0,0,0,66481098752,12884893696,1736564736,0
99,1780596649584,57624.04512023926,4700,1,0.3062499999999999,6936.0364990234375,4700,1,0.3062499999999999,6799.107498168945,4700,1,0.3062499999999999,12181.624298095703,4700,1,0.3062499999999999,45752.11833190918,4700,1,0.3062499999999999,37908.246353149414,4700,1,0.3062499999999999,47127.489318847656,4700,1,0.3062499999999999,29822.71319580078,4700,1,0.3062499999999999,7273.313858032227,4700,1,0.3062499999999999,7162.382186889648,4700,1,0.3062499999999999,6753.225357055664,4700,1,0.3062499999999999,6971.079666137695,4700,1,0.3062499999999999,13063.942199707031,3007,3007,3007,3007,3007,3007,3007,3007,3007,3007,3007,3007,4690,4691,3007,3007,3007,4690,3007,3007,3007,3007,3007,4690,95,15.000000953674316,0,0,0,0,15.000000953674316,0,10.526315689086914,15.000000953674316,0,0,0,0,0,0,0,15.000000953674316,0,100,0,0,0,0,66481098752,12884893696,1738436608,0
99,1780596649684,57624.7600402832,4700,1,0.3062499999999999,6936.039627075195,4700,1,0.3062499999999999,6799.115646362305,4700,1,0.3062499999999999,12181.861267089844,4700,1,0.3062499999999999,45752.42085266113,4700,1,0.3062499999999999,37908.63511657715,4700,1,0.3062499999999999,47127.508880615234,4700,1,0.3062499999999999,29823.54864501953,4700,1,0.3062499999999999,7273.316986083984,4700,1,0.3062499999999999,7162.385269165039,4700,1,0.3062499999999999,6753.228439331055,4700,1,0.3062499999999999,6971.082794189453,4700,1,0.3062499999999999,13069.455444335938,3007,3007,3007,3007,3007,3007,3007,3007,3007,3007,3007,3007,4690,4691,3007,3007,3007,4690,3007,3007,3007,3007,3007,4690,95,15.000000953674316,0,0,0,0,15.000000953674316,0,10.526315689086914,15.000000953674316,0,0,0,0,0,0,0,15.000000953674316,0,100,0,0,0,0,66481098752,12884893696,1731923968,0
99,1780596649784,57625.48031616211,4700,1,0.30000000000000004,6936.042709350586,4700,1,0.3062499999999999,6799.118728637695,4700,1,0.3062499999999999,12182.120132446289,4700,1,0.30000000000000004,45752.703369140625,4700,1,0.30000000000000004,37908.93943786621,4700,1,0.30000000000000004,47127.74089050293,4700,1,0.3062499999999999,29824.384735107422,4700,1,0.3062499999999999,7273.320068359375,4700,1,0.3062499999999999,7162.38835144043,4700,1,0.3062499999999999,6753.231521606445,4700,1,0.3062499999999999,6971.085876464844,4700,1,0.3062499999999999,13075.045989990234,3007,3007,3007,3007,3007,3007,3007,3007,3007,3007,3007,3007,4690,4691,3007,3007,3007,4690,3007,3007,3007,3007,3007,4690,100,15.000000953674316,0,0,0,0,16.666667938232422,0,0,10.526315689086914,0,0,0,0,0,0,0,10.526315689086914,9.523809432983398,100,0,0,0,0,66481098752,12884893696,1734270976,0
99,1780596649884,57626.19967651367,4700,1,0.3062499999999999,6936.045791625977,4700,1,0.3062499999999999,6799.12629699707,4700,1,0.3062499999999999,12182.363357543945,4700,1,0.3062499999999999,45753.007583618164,4700,1,0.3062499999999999,37909.07083129883,4700,1,0.3062499999999999,47128.05256652832,4700,1,0.3062499999999999,29825.218490600586,4700,1,0.3062499999999999,7273.323181152344,4700,1,0.3062499999999999,7162.391525268555,4700,1,0.3062499999999999,6753.234603881836,4700,1,0.3062499999999999,6971.088958740234,4700,1,0.3062499999999999,13080.566299438477,3007,3007,3007,3007,3007,3007,3007,3007,3007,3007,3007,3007,4690,4691,3007,3007,3007,4690,3007,3007,3007,3007,3007,4690,100,15.000000953674316,0,0,0,0,16.666667938232422,0,0,10.526315689086914,0,0,0,0,0,0,0,10.526315689086914,9.523809432983398,100,0,0,0,0,66481098752,12884893696,1736421376,0
99,1780596649984,57626.948013305664,4700,1,0.30000000000000004,6936.048873901367,4700,1,0.30000000000000004,6799.129379272461,4700,1,0.30000000000000004,12182.521850585938,4700,1,0.30000000000000004,45753.319091796875,4700,1,0.30000000000000004,37909.32432556152,4700,1,0.30000000000000004,47128.33200073242,4700,1,0.30000000000000004,29826.04965209961,4700,1,0.30000000000000004,7273.326263427734,4700,1,0.30000000000000004,7162.394607543945,4700,1,0.30000000000000004,6753.237686157227,4700,1,0.30000000000000004,6971.092041015625,4700,1,0.30000000000000004,13086.173629760742,3007,3007,3007,3007,3007,3007,3007,3007,3007,3007,3007,3007,4690,4691,3007,3007,3007,4690,3007,3007,3007,3007,3007,4690,94.73684692382813,10.526315689086914,0,0,0,0,16.666667938232422,5,9.523809432983398,14.285715103149414,0,0,5,0,0,0,0,0,15.000000953674316,100,0,0,0,0,66481098752,12884893696,1733513216,0
99,1780596650084,57627.671142578125,4700,1,0.30000000000000004,6936.051956176758,4700,1,0.30000000000000004,6799.132507324219,4700,1,0.30000000000000004,12182.738830566406,4700,1,0.30000000000000004,45753.61637878418,4700,1,0.30000000000000004,37909.70358276367,4700,1,0.30000000000000004,47128.433670043945,4700,1,0.30000000000000004,29826.86949157715,4700,1,0.30000000000000004,7273.329315185547,4700,1,0.30000000000000004,7162.397750854492,4700,1,0.30000000000000004,6753.240768432617,4700,1,0.30000000000000004,6971.095123291016,4700,1,0.30000000000000004,13091.644180297852,3007,3007,3007,3007,3007,3007,3007,3007,3007,3007,3007,3007,4690,4691,3007,3007,3007,4690,3007,3007,3007,3007,3007,4690,94.73684692382813,10.526315689086914,0,0,0,0,16.666667938232422,5,9.523809432983398,14.285715103149414,0,0,5,0,0,0,0,0,15.000000953674316,100,0,0,0,0,66481098752,12884893696,1736548352,0
99,1780596650184,57628.384216308594,4700,1,0.30000000000000004,6936.05500793457,4700,1,0.30000000000000004,6799.135681152344,4700,1,0.30000000000000004,12182.743774414063,4700,1,0.30000000000000004,45753.98504638672,4700,1,0.30000000000000004,37910.01402282715,4700,1,0.30000000000000004,47128.6650390625,4700,1,0.30000000000000004,29827.70198059082,4700,1,0.30000000000000004,7273.3323974609375,4700,1,0.30000000000000004,7162.400802612305,4700,1,0.30000000000000004,6753.24382019043,4700,1,0.30000000000000004,6971.098175048828,4700,1,0.30000000000000004,13097.196090698242,3007,3007,3007,3007,3007,3007,3007,3007,3007,3007,3007,3007,4690,4691,3007,3007,3007,4690,3007,3007,3007,3007,3007,4690,95,0,0,0,0,0,0,0,5,10.526315689086914,0,0,21.052631378173828,0,0,0,0,20,5.263157844543457,100,0,0,0,0,66481098752,12884893696,1736409088,0
99,1780596650285,57629.11166381836,4700,1,0.3062499999999999,6936.058090209961,4700,1,0.3062499999999999,6799.138931274414,4700,1,0.3062499999999999,12182.835098266602,4700,1,0.3062499999999999,45754.287826538086,4700,1,0.3062499999999999,37910.38188171387,4700,1,0.3062499999999999,47128.76026916504,4700,1,0.3062499999999999,29828.54217529297,4700,1,0.3062499999999999,7273.335479736328,4700,1,0.3062499999999999,7162.403884887695,4700,1,0.3062499999999999,6753.24690246582,4700,1,0.3062499999999999,6971.101257324219,4700,1,0.3062499999999999,13102.63639831543,3007,3007,3007,3007,3007,3007,3007,3007,3007,3007,3007,3007,4690,4691,3007,3007,3007,4690,3007,3007,3007,3007,3007,4690,95,0,0,0,0,0,0,0,5,10.526315689086914,0,0,21.052631378173828,0,0,0,0,20,5.263157844543457,100,0,0,0,0,66481098752,12884893696,1727725568,0
99,1780596650385,57629.82215881348,4700,1,0.3062499999999999,6936.061172485352,4700,1,0.3062499999999999,6799.142059326172,4700,1,0.3062499999999999,12182.839965820313,4700,1,0.3062499999999999,45754.629318237305,4700,1,0.3062499999999999,37910.74542236328,4700,1,0.3062499999999999,47128.930892944336,4700,1,0.3062499999999999,29829.375442504883,4700,1,0.3062499999999999,7273.338562011719,4700,1,0.3062499999999999,7162.407073974609,4700,1,0.3062499999999999,6753.25,4700,1,0.3062499999999999,6971.104339599609,4700,1,0.3062499999999999,13108.187744140625,3007,3007,3007,3007,3007,3007,3007,3007,3007,3007,3007,3007,4690,4691,3007,3007,3007,4690,3007,3007,3007,3007,3007,4690,95,0,0,0,4.761904716491699,4.761904716491699,15.000000953674316,15.789472579956055,9.523809432983398,10.526315689086914,0,0,9.523809432983398,0,0,0,0,20,0,100,0,0,0,0,66481098752,12884893696,1731272704,0
99,1780596650485,57630.53549194336,4700,1,0.3062499999999999,6936.064254760742,4700,1,0.3062499999999999,6799.1451416015625,4700,1,0.3062499999999999,12182.844970703125,4700,1,0.3062499999999999,45754.99938964844,4700,1,0.3062499999999999,37911.046157836914,4700,1,0.3062499999999999,47129.16307067871,4700,1,0.3062499999999999,29830.209075927734,4700,1,0.3062499999999999,7273.341644287109,4700,1,0.3062499999999999,7162.41015625,4700,1,0.3062499999999999,6753.253082275391,4700,1,0.3062499999999999,6971.107421875,4700,1,0.3062499999999999,13113.755828857422,3007,3007,3007,3007,3007,3007,3007,3007,3007,3007,3007,3007,4690,4691,3007,3007,3007,4690,3007,3007,3007,3007,3007,4690,95,0,0,0,4.761904716491699,4.761904716491699,15.000000953674316,15.789472579956055,9.523809432983398,10.526315689086914,0,0,9.523809432983398,0,0,0,0,20,0,100,0,0,0,0,66481098752,12884893696,1732993024,0
99,1780596650585,57631.250244140625,4700,1,0.30000000000000004,6936.067459106445,4700,1,0.3062499999999999,6799.148422241211,4700,1,0.3062499999999999,12182.85043334961,4700,1,0.30000000000000004,45755.35902404785,4700,1,0.30000000000000004,37911.34732055664,4700,1,0.30000000000000004,47129.43309020996,4700,1,0.30000000000000004,29831.034729003906,4700,1,0.30000000000000004,7273.3448486328125,4700,1,0.30000000000000004,7162.413391113281,4700,1,0.3062499999999999,6753.256240844727,4700,1,0.3062499999999999,6971.110626220703,4700,1,0.3062499999999999,13119.303665161133,3007,3007,3007,3007,3007,3007,3007,3007,3007,3007,3007,3007,4690,4691,3007,3007,3007,4690,3007,3007,3007,3007,3007,4690,100,0,0,0,0,0,20,23.809524536132813,11.111111640930176,10,0,0,0,0,0,0,0,4.761904716491699,0,100,0,0,0,0,66481098752,12884893696,1734959104,0
99,1780596650685,57631.95602416992,4700,1,0.30000000000000004,6936.070602416992,4700,1,0.30000000000000004,6799.151504516602,4700,1,0.3062499999999999,12183.061386108398,4700,1,0.30000000000000004,45755.67916870117,4700,1,0.30000000000000004,37911.58264160156,4700,1,0.30000000000000004,47129.64680480957,4700,1,0.30000000000000004,29831.8798828125,4700,1,0.30000000000000004,7273.347991943359,4700,1,0.30000000000000004,7162.41650390625,4700,1,0.30000000000000004,6753.259353637695,4700,1,0.30000000000000004,6971.11376953125,4700,1,0.30000000000000004,13124.85173034668,3007,3007,3007,3007,3007,3007,3007,3007,3007,3007,3007,3007,4690,4691,3007,3007,3007,4690,3007,3007,3007,3007,3007,4690,100,0,0,0,0,0,20,23.809524536132813,11.111111640930176,10,0,0,0,0,0,0,0,4.761904716491699,0,100,0,0,0,0,66481098752,12884893696,1729720320,0
99,1780596650785,57632.71319580078,4700,1,0.30000000000000004,6936.073684692383,4700,1,0.30000000000000004,6799.154724121094,4700,1,0.30000000000000004,12183.299240112305,4700,1,0.30000000000000004,45755.986068725586,4700,1,0.30000000000000004,37911.84005737305,4700,1,0.30000000000000004,47129.783935546875,4700,1,0.30000000000000004,29832.738800048828,4700,1,0.30000000000000004,7273.351043701172,4700,1,0.30000000000000004,7162.419586181641,4700,1,0.30000000000000004,6753.262435913086,4700,1,0.30000000000000004,6971.116851806641,4700,1,0.30000000000000004,13130.415115356445,3007,3007,3007,3007,3007,3007,3007,3007,3007,3007,3007,3007,4690,4691,3007,3007,3007,4690,3007,3007,3007,3007,3007,4690,95,5.555555820465088,0,0,0,0,14.285715103149414,5.263157844543457,14.285715103149414,5.263157844543457,0,0,5.263157844543457,0,0,0,0,5.263157844543457,5,100,0,0,0,0,66481098752,12884893696,1724116992,0
99,1780596650885,57633.479232788086,4700,1,0.30000000000000004,6936.076736450195,4700,1,0.30000000000000004,6799.158203125,4700,1,0.30000000000000004,12183.566101074219,4700,1,0.30000000000000004,45756.31602478027,4700,1,0.30000000000000004,37912.174392700195,4700,1,0.30000000000000004,47130.119384765625,4700,1,0.30000000000000004,29833.642135620117,4700,1,0.30000000000000004,7273.360992431641,4700,1,0.30000000000000004,7162.446014404297,4700,1,0.30000000000000004,6753.265533447266,4700,1,0.30000000000000004,6971.119934082031,4700,1,0.30000000000000004,13136.280822753906,3007,3007,3007,3007,3007,3007,3007,3007,3007,3007,3007,3007,4690,4691,3007,3007,3007,4690,3007,3007,3007,3007,3007,4690,95,5.555555820465088,0,0,0,0,14.285715103149414,5.263157844543457,14.285715103149414,5.263157844543457,0,0,5.263157844543457,0,0,0,0,5.263157844543457,5,100,0,0,0,0,66481098752,12884893696,1727057920,0
99,1780596650985,57634.277603149414,4700,1,0.3062499999999999,6936.079818725586,4700,1,0.3062499999999999,6799.161346435547,4700,1,0.3062499999999999,12183.829483032227,4700,1,0.3062499999999999,45756.51779174805,4700,1,0.3062499999999999,37912.41065979004,4700,1,0.3062499999999999,47130.366271972656,4700,1,0.3062499999999999,29834.505493164063,4700,1,0.3062499999999999,7273.364074707031,4700,1,0.3062499999999999,7162.449111938477,4700,1,0.3062499999999999,6753.268615722656,4700,1,0.3062499999999999,6971.123016357422,4700,1,0.3062499999999999,13141.901870727539,3007,3007,3007,3007,3007,3007,3007,3007,3007,3007,3007,3007,4690,4691,3007,3007,3007,4690,3007,3007,3007,3007,3007,4690,94.73684692382813,10,0,0,10,5.263157844543457,5.555555820465088,10.526315689086914,5.263157844543457,5.555555820465088,0,0,5.263157844543457,0,0,0,0,10,10,100,0,0,0,0,66481098752,12884893696,1728118784,0
99,1780596651085,57635.06637573242,4700,1,0.3062499999999999,6936.082901000977,4700,1,0.3062499999999999,6799.164489746094,4700,1,0.3062499999999999,12184.080596923828,4700,1,0.3062499999999999,45756.686599731445,4700,1,0.3062499999999999,37912.693923950195,4700,1,0.3062499999999999,47130.61811828613,4700,1,0.3062499999999999,29835.370315551758,4700,1,0.3062499999999999,7273.367156982422,4700,1,0.3062499999999999,7162.452255249023,4700,1,0.3062499999999999,6753.271697998047,4700,1,0.3062499999999999,6971.1260986328125,4700,1,0.3062499999999999,13147.544525146484,3007,3007,3007,3007,3007,3007,3007,3007,3007,3007,3007,3007,4690,4691,3007,3007,3007,4690,3007,3007,3007,3007,3007,4690,94.73684692382813,10,0,0,10,5.263157844543457,5.555555820465088,10.526315689086914,5.263157844543457,5.555555820465088,0,0,5.263157844543457,0,0,0,0,10,10,100,0,0,0,0,66481098752,12884893696,1731952640,0
99,1780596651185,57635.85844421387,4700,1,0.3062499999999999,6936.085983276367,4700,1,0.3062499999999999,6799.167572021484,4700,1,0.3062499999999999,12184.30793762207,4700,1,0.3062499999999999,45756.90246582031,4700,1,0.3062499999999999,37912.95098876953,4700,1,0.3062499999999999,47130.90214538574,4700,1,0.3062499999999999,29836.224212646484,4700,1,0.3062499999999999,7273.3702392578125,4700,1,0.3062499999999999,7162.455337524414,4700,1,0.3062499999999999,6753.2747802734375,4700,1,0.3062499999999999,6971.129180908203,4700,1,0.3062499999999999,13153.212158203125,3007,3007,3007,3007,3007,3007,3007,3007,3007,3007,3007,3007,4690,4691,3007,3007,3007,4690,3007,3007,3007,3007,3007,4690,100,0,0,0,5.263157844543457,10,5,14.285715103149414,5,9.523809432983398,0,0,5,0,0,0,0,14.285715103149414,0,95.45454406738281,0,0,0,0,66481098752,12884893696,1731620864,0
99,1780596651285,57636.627990722656,4700,1,0.30000000000000004,6936.089065551758,4700,1,0.3062499999999999,6799.170791625977,4700,1,0.3062499999999999,12184.549438476563,4700,1,0.30000000000000004,45757.16491699219,4700,1,0.30000000000000004,37913.180603027344,4700,1,0.30000000000000004,47131.15817260742,4700,1,0.30000000000000004,29837.10919189453,4700,1,0.30000000000000004,7273.373321533203,4700,1,0.30000000000000004,7162.458419799805,4700,1,0.30000000000000004,6753.277862548828,4700,1,0.3062499999999999,6971.132263183594,4700,1,0.3062499999999999,13158.832809448242,3007,3007,3007,3007,3007,3007,3007,3007,3007,3007,3007,3007,4690,4691,3007,3007,3007,4690,3007,3007,3007,3007,3007,4690,100,0,0,0,5.263157844543457,10,5,14.285715103149414,5,9.523809432983398,0,0,5,0,0,0,0,14.285715103149414,0,95.45454406738281,0,0,0,0,66481098752,12884893696,1731604480,0
99,1780596651385,57637.4005279541,4700,1,0.30000000000000004,6936.092178344727,4700,1,0.30000000000000004,6799.17399597168,4700,1,0.3062499999999999,12184.603744506836,4700,1,0.30000000000000004,45757.43566894531,4700,1,0.30000000000000004,37913.440490722656,4700,1,0.30000000000000004,47131.42567443848,4700,1,0.30000000000000004,29837.98895263672,4700,1,0.30000000000000004,7273.376403808594,4700,1,0.30000000000000004,7162.461563110352,4700,1,0.30000000000000004,6753.280944824219,4700,1,0.30000000000000004,6971.135406494141,4700,1,0.30000000000000004,13164.34341430664,3007,3007,3007,3007,3007,3007,3007,3007,3007,3007,3007,3007,4690,4691,3007,3007,3007,4690,3007,3007,3007,3007,3007,4690,100,4.761904716491699,0,0,5,0,4.761904716491699,5,5.263157844543457,5.555555820465088,0,0,19.047618865966797,0,0,0,0,0,0,100,0,0,0,0,66481098752,12884893696,1734008832,0
99,1780596651485,57638.16450500488,4700,1,0.30000000000000004,6936.095260620117,4700,1,0.30000000000000004,6799.17707824707,4700,1,0.30000000000000004,12184.859390258789,4700,1,0.30000000000000004,45757.62333679199,4700,1,0.30000000000000004,37913.71911621094,4700,1,0.30000000000000004,47131.60194396973,4700,1,0.30000000000000004,29838.863220214844,4700,1,0.30000000000000004,7273.379455566406,4700,1,0.30000000000000004,7162.464614868164,4700,1,0.30000000000000004,6753.283996582031,4700,1,0.30000000000000004,6971.138488769531,4700,1,0.30000000000000004,13169.88754272461,3007,3007,3007,3007,3007,3007,3007,3007,3007,3007,3007,3007,4690,4691,3007,3007,3007,4690,3007,3007,3007,3007,3007,4690,100,4.761904716491699,0,0,5,0,4.761904716491699,5,5.263157844543457,5.555555820465088,0,0,19.047618865966797,0,0,0,0,0,0,100,0,0,0,0,66481098752,12884893696,1736359936,0
99,1780596651585,57638.91682434082,4700,1,0.30000000000000004,6936.098342895508,4700,1,0.30000000000000004,6799.180221557617,4700,1,0.30000000000000004,12185.121139526367,4700,1,0.30000000000000004,45757.78887939453,4700,1,0.30000000000000004,37913.92434692383,4700,1,0.30000000000000004,47131.90417480469,4700,1,0.30000000000000004,29839.746292114258,4700,1,0.30000000000000004,7273.382568359375,4700,1,0.30000000000000004,7162.467788696289,4700,1,0.30000000000000004,6753.287109375,4700,1,0.30000000000000004,6971.141571044922,4700,1,0.30000000000000004,13175.515090942383,3007,3007,3007,3007,3007,3007,3007,3007,3007,3007,3007,3007,4690,4691,3007,3007,3007,4690,3007,3007,3007,3007,3007,4690,95.23809814453125,0,0,0,4.761904716491699,0,4.761904716491699,5,10.526315689086914,0,0,0,5.263157844543457,0,0,0,0,5.263157844543457,10,100,0,0,0,0,66481098752,12884893696,1738878976,0
99,1780596651685,57639.67219543457,4700,1,0.3062499999999999,6936.10139465332,4700,1,0.3062499999999999,6799.183334350586,4700,1,0.3062499999999999,12185.152328491211,4700,1,0.3062499999999999,45758.09225463867,4700,1,0.3062499999999999,37914.20031738281,4700,1,0.3062499999999999,47132.173416137695,4700,1,0.3062499999999999,29840.611572265625,4700,1,0.3062499999999999,7273.3856201171875,4700,1,0.3062499999999999,7162.470840454102,4700,1,0.3062499999999999,6753.2901611328125,4700,1,0.3062499999999999,6971.144622802734,4700,1,0.3062499999999999,13181.00961303711,3007,3007,3007,3007,3007,3007,3007,3007,3007,3007,3007,3007,4690,4691,3007,3007,3007,4690,3007,3007,3007,3007,3007,4690,95.23809814453125,0,0,0,4.761904716491699,0,4.761904716491699,5,10.526315689086914,0,0,0,5.263157844543457,0,0,0,0,5.263157844543457,10,100,0,0,0,0,66481098752,12884893696,1726435328,0
99,1780596651785,57640.4813079834,4700,1,0.3062499999999999,6936.104476928711,4700,1,0.3062499999999999,6799.186477661133,4700,1,0.3062499999999999,12185.335891723633,4700,1,0.3062499999999999,45758.35877990723,4700,1,0.3062499999999999,37914.430603027344,4700,1,0.3062499999999999,47132.456970214844,4700,1,0.3062499999999999,29841.456604003906,4700,1,0.3062499999999999,7273.3887939453125,4700,1,0.3062499999999999,7162.473922729492,4700,1,0.3062499999999999,6753.293243408203,4700,1,0.3062499999999999,6971.147705078125,4700,1,0.3062499999999999,13186.532363891602,3007,3007,3007,3007,3007,3007,3007,3007,3007,3007,3007,3007,4690,4691,3007,3007,3007,4690,3007,3007,3007,3007,3007,4690,100,0,0,0,5,9.090909004211426,0,5,0,0,0,0,9.523809432983398,0,0,0,0,10,20,100,0,0,0,0,66481098752,12884893696,1727336448,0
99,1780596651885,57641.259674072266,4700,1,0.3062499999999999,6936.107620239258,4700,1,0.3062499999999999,6799.189651489258,4700,1,0.3062499999999999,12185.544570922852,4700,1,0.3062499999999999,45758.67900085449,4700,1,0.3062499999999999,37914.625427246094,4700,1,0.3062499999999999,47132.73960876465,4700,1,0.3062499999999999,29842.3162689209,4700,1,0.3062499999999999,7273.391906738281,4700,1,0.3062499999999999,7162.477066040039,4700,1,0.3062499999999999,6753.296325683594,4700,1,0.3062499999999999,6971.150787353516,4700,1,0.3062499999999999,13192.133895874023,3007,3007,3007,3007,3007,3007,3007,3007,3007,3007,3007,3007,4690,4691,3007,3007,3007,4690,3007,3007,3007,3007,3007,4690,100,0,0,0,5,9.090909004211426,0,5,0,0,0,0,9.523809432983398,0,0,0,0,10,20,100,0,0,0,0,66481098752,12884893696,1723383808,0
99,1780596651985,57642.01902770996,4700,1,0.3062499999999999,6936.110702514648,4700,1,0.3062499999999999,6799.192733764648,4700,1,0.3062499999999999,12185.777603149414,4700,1,0.3062499999999999,45759.018325805664,4700,1,0.3062499999999999,37914.63006591797,4700,1,0.3062499999999999,47132.99513244629,4700,1,0.3062499999999999,29843.191925048828,4700,1,0.3062499999999999,7273.394989013672,4700,1,0.3062499999999999,7162.48014831543,4700,1,0.3062499999999999,6753.299407958984,4700,1,0.3062499999999999,6971.153869628906,4700,1,0.3062499999999999,13197.616500854492,3007,3007,3007,3007,3007,3007,3007,3007,3007,3007,3007,3007,4690,4691,3007,3007,3007,4690,3007,3007,3007,3007,3007,4690,100,0,0,0,0,5,0,0,14.285715103149414,5.263157844543457,0,0,10.526315689086914,0,0,0,0,5,5.263157844543457,100,0,0,0,0,66481098752,12884893696,1726013440,0
99,1780596652086,57642.817459106445,4700,1,0.3062499999999999,6936.113784790039,4700,1,0.3062499999999999,6799.200927734375,4700,1,0.3062499999999999,12186.01872253418,4700,1,0.3062499999999999,45759.3058013916,4700,1,0.3062499999999999,37914.743423461914,4700,1,0.3062499999999999,47133.25173950195,4700,1,0.3062499999999999,29844.05633544922,4700,1,0.3062499999999999,7273.3980712890625,4700,1,0.3062499999999999,7162.483291625977,4700,1,0.3062499999999999,6753.302490234375,4700,1,0.3062499999999999,6971.156951904297,4700,1,0.3062499999999999,13203.086990356445,3007,3007,3007,3007,3007,3007,3007,3007,3007,3007,3007,3007,4690,4691,3007,3007,3007,4690,3007,3007,3007,3007,3007,4690,100,0,0,0,0,5,0,0,14.285715103149414,5.263157844543457,0,0,10.526315689086914,0,0,0,0,5,5.263157844543457,100,0,0,0,0,66481098752,12884893696,1725313024,0
99,1780596652186,57643.59574890137,4700,1,0.30000000000000004,6936.11686706543,4700,1,0.30000000000000004,6799.2041015625,4700,1,0.30000000000000004,12186.330612182617,4700,1,0.30000000000000004,45759.51322937012,4700,1,0.30000000000000004,37914.98796081543,4700,1,0.30000000000000004,47133.41734313965,4700,1,0.30000000000000004,29844.91212463379,4700,1,0.30000000000000004,7273.401123046875,4700,1,0.30000000000000004,7162.486373901367,4700,1,0.30000000000000004,6753.305572509766,4700,1,0.30000000000000004,6971.1600341796875,4700,1,0.30000000000000004,13208.653015136719,3007,3007,3007,3007,3007,3007,3007,3007,3007,3007,3007,3007,4690,4691,3007,3007,3007,4690,3007,3007,3007,3007,3007,4690,95.23809814453125,10,0,0,14.285715103149414,5.263157844543457,5,5,9.523809432983398,9.523809432983398,0,0,5.263157844543457,0,0,0,0,9.523809432983398,9.523809432983398,100,0,0,0,0,66481098752,12884893696,1723232256,0
99,1780596652286,57644.359451293945,4700,1,0.3062499999999999,6936.120056152344,4700,1,0.3062499999999999,6799.207427978516,4700,1,0.3062499999999999,12186.600830078125,4700,1,0.3062499999999999,45759.802810668945,4700,1,0.3062499999999999,37915.05651855469,4700,1,0.3062499999999999,47133.653396606445,4700,1,0.3062499999999999,29845.783081054688,4700,1,0.3062499999999999,7273.404312133789,4700,1,0.3062499999999999,7162.489547729492,4700,1,0.3062499999999999,6753.308731079102,4700,1,0.3062499999999999,6971.163223266602,4700,1,0.3062499999999999,13214.141036987305,3007,3007,3007,3007,3007,3007,3007,3007,3007,3007,3007,3007,4690,4691,3007,3007,3007,4690,3007,3007,3007,3007,3007,4690,95.23809814453125,10,0,0,14.285715103149414,5.263157844543457,5,5,9.523809432983398,9.523809432983398,0,0,5.263157844543457,0,0,0,0,9.523809432983398,9.523809432983398,100,0,0,0,0,66481098752,12884893696,1725685760,0
99,1780596652386,57645.12028503418,4700,1,0.30000000000000004,6936.123138427734,4700,1,0.30000000000000004,6799.210601806641,4700,1,0.30000000000000004,12186.775924682617,4700,1,0.30000000000000004,45760.06465148926,4700,1,0.30000000000000004,37915.33264160156,4700,1,0.30000000000000004,47133.897216796875,4700,1,0.30000000000000004,29846.643142700195,4700,1,0.30000000000000004,7273.40739440918,4700,1,0.30000000000000004,7162.492691040039,4700,1,0.30000000000000004,6753.311813354492,4700,1,0.30000000000000004,6971.166305541992,4700,1,0.30000000000000004,13219.803039550781,3007,3007,3007,3007,3007,3007,3007,3007,3007,3007,3007,3007,4690,4691,3007,3007,3007,4690,3007,3007,3007,3007,3007,4690,100,5.555555820465088,0,0,0,0,0,0,0,5,0,0,15.000000953674316,0,0,0,0,10.526315689086914,15.000000953674316,100,0,0,0,0,66481098752,12884893696,1726824448,0
99,1780596652486,57645.88363647461,4700,1,0.3062499999999999,6936.126190185547,4700,1,0.3062499999999999,6799.213653564453,4700,1,0.3062499999999999,12186.991317749023,4700,1,0.3062499999999999,45760.382080078125,4700,1,0.3062499999999999,37915.34393310547,4700,1,0.3062499999999999,47134.195861816406,4700,1,0.3062499999999999,29847.501998901367,4700,1,0.3062499999999999,7273.41047668457,4700,1,0.3062499999999999,7162.49577331543,4700,1,0.3062499999999999,6753.314895629883,4700,1,0.3062499999999999,6971.169357299805,4700,1,0.3062499999999999,13225.27717590332,3007,3007,3007,3007,3007,3007,3007,3007,3007,3007,3007,3007,4690,4691,3007,3007,3007,4690,3007,3007,3007,3007,3007,4690,100,5.555555820465088,0,0,0,0,0,0,0,5,0,0,15.000000953674316,0,0,0,0,10.526315689086914,15.000000953674316,100,0,0,0,0,66481098752,12884893696,1730093056,0
99,1780596652586,57646.64099121094,4700,1,0.30000000000000004,6936.1292724609375,4700,1,0.30000000000000004,6799.216873168945,4700,1,0.30000000000000004,12187.18130493164,4700,1,0.30000000000000004,45760.69729614258,4700,1,0.30000000000000004,37915.395568847656,4700,1,0.30000000000000004,47134.503829956055,4700,1,0.30000000000000004,29848.367614746094,4700,1,0.30000000000000004,7273.413558959961,4700,1,0.30000000000000004,7162.499038696289,4700,1,0.30000000000000004,6753.317977905273,4700,1,0.30000000000000004,6971.172439575195,4700,1,0.30000000000000004,13230.789016723633,3007,3007,3007,3007,3007,3007,3007,3007,3007,3007,3007,3007,4690,4691,3007,3007,3007,4690,3007,3007,3007,3007,3007,4690,100,10,0,0,0,0,0,0,15.000000953674316,5,0,0,10,0,0,0,0,0,0,100,0,0,0,0,66481098752,12884893696,1720508416,0
99,1780596652686,57647.403564453125,4700,1,0.30000000000000004,6936.132354736328,4700,1,0.3062499999999999,6799.220016479492,4700,1,0.3062499999999999,12187.283218383789,4700,1,0.30000000000000004,45760.99122619629,4700,1,0.30000000000000004,37915.44078063965,4700,1,0.30000000000000004,47134.84315490723,4700,1,0.30000000000000004,29849.224868774414,4700,1,0.30000000000000004,7273.416641235352,4700,1,0.3062499999999999,7162.50212097168,4700,1,0.3062499999999999,6753.321060180664,4700,1,0.3062499999999999,6971.175521850586,4700,1,0.3062499999999999,13236.271926879883,3007,3007,3007,3007,3007,3007,3007,3007,3007,3007,3007,3007,4690,4691,3007,3007,3007,4690,3007,3007,3007,3007,3007,4690,100,10,0,0,0,0,0,0,15.000000953674316,5,0,0,10,0,0,0,0,0,0,100,0,0,0,0,66481098752,12884893696,1712640000,0
99,1780596652786,57648.16549682617,4700,1,0.30000000000000004,6936.135437011719,4700,1,0.3062499999999999,6799.225357055664,4700,1,0.3062499999999999,12187.514404296875,4700,1,0.30000000000000004,45761.35140991211,4700,1,0.30000000000000004,37915.484375,4700,1,0.30000000000000004,47135.10835266113,4700,1,0.30000000000000004,29850.068954467773,4700,1,0.30000000000000004,7273.419769287109,4700,1,0.30000000000000004,7162.50520324707,4700,1,0.30000000000000004,6753.324142456055,4700,1,0.30000000000000004,6971.178604125977,4700,1,0.30000000000000004,13241.829055786133,3007,3007,3007,3007,3007,3007,3007,3007,3007,3007,3007,3007,4690,4691,3007,3007,3007,4690,3007,3007,3007,3007,3007,4690,100,5,0,0,0,0,10.526315689086914,0,19.047618865966797,0,0,0,5.555555820465088,0,0,0,0,0,19.047618865966797,100,0,0,0,0,66481098752,12884893696,1712435200,0
99,1780596652886,57648.92152404785,4700,1,0.3062499999999999,6936.138519287109,4700,1,0.3062499999999999,6799.228500366211,4700,1,0.3062499999999999,12187.604675292969,4700,1,0.3062499999999999,45761.61697387695,4700,1,0.3062499999999999,37915.56001281738,4700,1,0.3062499999999999,47135.449310302734,4700,1,0.3062499999999999,29850.92398071289,4700,1,0.3062499999999999,7273.422821044922,4700,1,0.3062499999999999,7162.508316040039,4700,1,0.3062499999999999,6753.327194213867,4700,1,0.3062499999999999,6971.181686401367,4700,1,0.3062499999999999,13247.2880859375,3007,3007,3007,3007,3007,3007,3007,3007,3007,3007,3007,3007,4690,4691,3007,3007,3007,4690,3007,3007,3007,3007,3007,4690,100,5,0,0,0,0,10.526315689086914,0,19.047618865966797,0,0,0,5.555555820465088,0,0,0,0,0,19.047618865966797,100,0,0,0,0,66481098752,12884893696,1716109312,0
99,1780596652986,57649.67900085449,4700,1,0.30000000000000004,6936.141571044922,4700,1,0.30000000000000004,6799.23161315918,4700,1,0.30000000000000004,12187.844909667969,4700,1,0.30000000000000004,45761.87809753418,4700,1,0.30000000000000004,37915.77885437012,4700,1,0.30000000000000004,47135.71276855469,4700,1,0.30000000000000004,29851.7900390625,4700,1,0.30000000000000004,7273.4259033203125,4700,1,0.30000000000000004,7162.51139831543,4700,1,0.30000000000000004,6753.330276489258,4700,1,0.30000000000000004,6971.18473815918,4700,1,0.30000000000000004,13252.819961547852,3007,3007,3007,3007,3007,3007,3007,3007,3007,3007,3007,3007,4690,4691,3007,3007,3007,4690,3007,3007,3007,3007,3007,4690,95,0,0,0,0,5,5.555555820465088,5.263157844543457,20,0,0,0,0,0,0,0,0,0,5,100,0,0,0,0,66481098752,12884893696,1716854784,0
99,1780596653086,57650.43507385254,4700,1,0.30000000000000004,6936.1446533203125,4700,1,0.30000000000000004,6799.234756469727,4700,1,0.30000000000000004,12187.92951965332,4700,1,0.30000000000000004,45762.19770812988,4700,1,0.30000000000000004,37915.930419921875,4700,1,0.30000000000000004,47135.959411621094,4700,1,0.30000000000000004,29852.656951904297,4700,1,0.30000000000000004,7273.428985595703,4700,1,0.30000000000000004,7162.514541625977,4700,1,0.30000000000000004,6753.333358764648,4700,1,0.30000000000000004,6971.18782043457,4700,1,0.30000000000000004,13258.366760253906,3007,3007,3007,3007,3007,3007,3007,3007,3007,3007,3007,3007,4690,4691,3007,3007,3007,4690,3007,3007,3007,3007,3007,4690,95,0,0,0,0,5,5.555555820465088,5.263157844543457,20,0,0,0,0,0,0,0,0,0,5,100,0,0,0,0,66481098752,12884893696,1718128640,0
99,1780596653186,57651.194595336914,4700,1,0.3062499999999999,6936.147796630859,4700,1,0.3062499999999999,6799.237838745117,4700,1,0.3062499999999999,12187.955627441406,4700,1,0.3062499999999999,45762.58514404297,4700,1,0.3062499999999999,37916.17468261719,4700,1,0.3062499999999999,47136.11949157715,4700,1,0.3062499999999999,29853.521453857422,4700,1,0.3062499999999999,7273.432113647461,4700,1,0.3062499999999999,7162.517654418945,4700,1,0.3062499999999999,6753.336486816406,4700,1,0.3062499999999999,6971.190963745117,4700,1,0.3062499999999999,13263.957015991211,3007,3007,3007,3007,3007,3007,3007,3007,3007,3007,3007,3007,4690,4691,3007,3007,3007,4690,3007,3007,3007,3007,3007,4690,100,0,0,0,0,5,27.272727966308594,0,0,9.523809432983398,0,0,15.000000953674316,0,0,0,0,0,10,100,0,0,0,0,66481098752,12884893696,1720545280,0
99,1780596653286,57651.95381164551,4700,1,0.3062499999999999,6936.15087890625,4700,1,0.3062499999999999,6799.24104309082,4700,1,0.3062499999999999,12187.985260009766,4700,1,0.3062499999999999,45762.82612609863,4700,1,0.3062499999999999,37916.464904785156,4700,1,0.3062499999999999,47136.39698791504,4700,1,0.3062499999999999,29854.38705444336,4700,1,0.3062499999999999,7273.435195922852,4700,1,0.3062499999999999,7162.520736694336,4700,1,0.3062499999999999,6753.339569091797,4700,1,0.3062499999999999,6971.194046020508,4700,1,0.3062499999999999,13269.499298095703,3007,3007,3007,3007,3007,3007,3007,3007,3007,3007,3007,3007,4690,4691,3007,3007,3007,4690,3007,3007,3007,3007,3007,4690,100,0,0,0,0,5,27.272727966308594,0,0,9.523809432983398,0,0,15.000000953674316,0,0,0,0,0,10,100,0,0,0,0,66481098752,12884893696,1723686912,0
99,1780596653386,57652.713439941406,4700,1,0.30000000000000004,6936.153961181641,4700,1,0.3062499999999999,6799.244247436523,4700,1,0.3062499999999999,12188.001937866211,4700,1,0.30000000000000004,45763.16256713867,4700,1,0.30000000000000004,37916.69250488281,4700,1,0.30000000000000004,47136.653900146484,4700,1,0.3062499999999999,29855.25062561035,4700,1,0.3062499999999999,7273.438278198242,4700,1,0.3062499999999999,7162.523880004883,4700,1,0.3062499999999999,6753.3426513671875,4700,1,0.3062499999999999,6971.197128295898,4700,1,0.3062499999999999,13275.08447265625,3007,3007,3007,3007,3007,3007,3007,3007,3007,3007,3007,3007,4690,4691,3007,3007,3007,4690,3007,3007,3007,3007,3007,4690,95.23809814453125,0,0,0,0,0,10,5,20,9.523809432983398,0,0,10.526315689086914,0,0,0,0,5.263157844543457,0,100,0,0,0,0,66481098752,12884893696,1723416576,0
99,1780596653486,57653.464920043945,4700,1,0.3062499999999999,6936.157043457031,4700,1,0.3062499999999999,6799.247329711914,4700,1,0.3062499999999999,12188.027587890625,4700,1,0.3062499999999999,45763.50038146973,4700,1,0.3062499999999999,37916.9469909668,4700,1,0.3062499999999999,47136.89822387695,4700,1,0.3062499999999999,29856.115158081055,4700,1,0.3062499999999999,7273.441360473633,4700,1,0.3062499999999999,7162.526962280273,4700,1,0.3062499999999999,6753.345733642578,4700,1,0.3062499999999999,6971.200210571289,4700,1,0.3062499999999999,13280.685363769531,3007,3007,3007,3007,3007,3007,3007,3007,3007,3007,3007,3007,4690,4691,3007,3007,3007,4690,3007,3007,3007,3007,3007,4690,95.23809814453125,0,0,0,0,0,10,5,20,9.523809432983398,0,0,10.526315689086914,0,0,0,0,5.263157844543457,0,100,0,0,0,0,66481098752,12884893696,1726128128,0
99,1780596653586,57654.22286987305,4700,1,0.3062499999999999,6936.160125732422,4700,1,0.3062499999999999,6799.250473022461,4700,1,0.3062499999999999,12188.049987792969,4700,1,0.3062499999999999,45763.77127075195,4700,1,0.3062499999999999,37917.28268432617,4700,1,0.3062499999999999,47137.11674499512,4700,1,0.3062499999999999,29856.98223876953,4700,1,0.3062499999999999,7273.444442749023,4700,1,0.3062499999999999,7162.53010559082,4700,1,0.3062499999999999,6753.348815917969,4700,1,0.3062499999999999,6971.20329284668,4700,1,0.3062499999999999,13286.275253295898,3007,3007,3007,3007,3007,3007,3007,3007,3007,3007,3007,3007,4690,4691,3007,3007,3007,4690,3007,3007,3007,3007,3007,4690,100,0,0,0,0,0,5.263157844543457,0,5.555555820465088,0,0,0,9.523809432983398,0,0,0,0,11.111111640930176,0,100,0,0,0,0,66481098752,12884893696,1724649472,0
99,1780596653686,57654.98222351074,4700,1,0.30000000000000004,6936.163177490234,4700,1,0.30000000000000004,6799.253723144531,4700,1,0.30000000000000004,12188.196411132813,4700,1,0.30000000000000004,45764.128341674805,4700,1,0.30000000000000004,37917.5671081543,4700,1,0.30000000000000004,47137.16816711426,4700,1,0.30000000000000004,29857.839813232422,4700,1,0.30000000000000004,7273.447494506836,4700,1,0.30000000000000004,7162.533157348633,4700,1,0.30000000000000004,6753.351867675781,4700,1,0.30000000000000004,6971.206344604492,4700,1,0.30000000000000004,13291.771286010742,3007,3007,3007,3007,3007,3007,3007,3007,3007,3007,3007,3007,4690,4691,3007,3007,3007,4690,3007,3007,3007,3007,3007,4690,100,0,0,0,0,0,5.263157844543457,0,5.555555820465088,0,0,0,9.523809432983398,0,0,0,0,11.111111640930176,0,100,0,0,0,0,66481098752,12884893696,1716039680,0
99,1780596653786,57655.740325927734,4700,1,0.30000000000000004,6936.166259765625,4700,1,0.30000000000000004,6799.256805419922,4700,1,0.30000000000000004,12188.344223022461,4700,1,0.30000000000000004,45764.496490478516,4700,1,0.30000000000000004,37917.843658447266,4700,1,0.30000000000000004,47137.17127990723,4700,1,0.30000000000000004,29858.709197998047,4700,1,0.30000000000000004,7273.450637817383,4700,1,0.30000000000000004,7162.536239624023,4700,1,0.30000000000000004,6753.354949951172,4700,1,0.30000000000000004,6971.209426879883,4700,1,0.30000000000000004,13297.169937133789,3007,3007,3007,3007,3007,3007,3007,3007,3007,3007,3007,3007,4690,4691,3007,3007,3007,4690,3007,3007,3007,3007,3007,4690,94.73684692382813,5,0,0,0,0,21.052631378173828,0,4.761904716491699,5,0,0,25,0,0,0,0,4.761904716491699,0,100,0,0,0,0,66481098752,12884893696,1717948416,0
99,1780596653886,57656.49821472168,4700,1,0.3062499999999999,6936.169342041016,4700,1,0.3062499999999999,6799.259994506836,4700,1,0.3062499999999999,12188.484588623047,4700,1,0.3062499999999999,45764.87716674805,4700,1,0.3062499999999999,37917.92402648926,4700,1,0.3062499999999999,47137.376235961914,4700,1,0.3062499999999999,29859.57667541504,4700,1,0.3062499999999999,7273.453720092773,4700,1,0.3062499999999999,7162.53938293457,4700,1,0.3062499999999999,6753.3580322265625,4700,1,0.3062499999999999,6971.212509155273,4700,1,0.3062499999999999,13302.620239257813,3007,3007,3007,3007,3007,3007,3007,3007,3007,3007,3007,3007,4690,4691,3007,3007,3007,4690,3007,3007,3007,3007,3007,4690,94.73684692382813,5,0,0,0,0,21.052631378173828,0,4.761904716491699,5,0,0,25,0,0,0,0,4.761904716491699,0,100,0,0,0,0,66481098752,12884893696,1716961280,0
99,1780596653987,57657.25813293457,4700,1,0.30000000000000004,6936.172424316406,4700,1,0.30000000000000004,6799.263076782227,4700,1,0.30000000000000004,12188.645034790039,4700,1,0.30000000000000004,45765.24588012695,4700,1,0.30000000000000004,37917.93028259277,4700,1,0.30000000000000004,47137.629653930664,4700,1,0.30000000000000004,29860.443298339844,4700,1,0.30000000000000004,7273.456802368164,4700,1,0.30000000000000004,7162.542465209961,4700,1,0.30000000000000004,6753.361114501953,4700,1,0.30000000000000004,6971.215591430664,4700,1,0.30000000000000004,13308.025924682617,3007,3007,3007,3007,3007,3007,3007,3007,3007,3007,3007,3007,4690,4691,3007,3007,3007,4690,3007,3007,3007,3007,3007,4690,100,0,0,0,0,0,16.666667938232422,0,0,5,0,0,11.111111640930176,0,0,0,0,0,0,100,0,0,0,0,66481098752,12884893696,1718104064,0
99,1780596654087,57658.015228271484,4700,1,0.30000000000000004,6936.175506591797,4700,1,0.3062499999999999,6799.266296386719,4700,1,0.3062499999999999,12188.767623901367,4700,1,0.30000000000000004,45765.618881225586,4700,1,0.30000000000000004,37917.99673461914,4700,1,0.30000000000000004,47137.85824584961,4700,1,0.3062499999999999,29861.310943603516,4700,1,0.3062499999999999,7273.459884643555,4700,1,0.3062499999999999,7162.545608520508,4700,1,0.3062499999999999,6753.364196777344,4700,1,0.3062499999999999,6971.218673706055,4700,1,0.3062499999999999,13313.479949951172,3007,3007,3007,3007,3007,3007,3007,3007,3007,3007,3007,3007,4690,4691,3007,3007,3007,4690,3007,3007,3007,3007,3007,4690,100,0,0,0,0,0,16.666667938232422,0,0,5,0,0,11.111111640930176,0,0,0,0,0,0,100,0,0,0,0,66481098752,12884893696,1719947264,0
99,1780596654187,57658.775131225586,4700,1,0.30000000000000004,6936.1785888671875,4700,1,0.3062499999999999,6799.269378662109,4700,1,0.3062499999999999,12188.79345703125,4700,1,0.30000000000000004,45765.99789428711,4700,1,0.30000000000000004,37918.27258300781,4700,1,0.30000000000000004,47137.99563598633,4700,1,0.30000000000000004,29862.172653198242,4700,1,0.30000000000000004,7273.462966918945,4700,1,0.30000000000000004,7162.548690795898,4700,1,0.30000000000000004,6753.367279052734,4700,1,0.3062499999999999,6971.221755981445,4700,1,0.3062499999999999,13319.046981811523,3007,3007,3007,3007,3007,3007,3007,3007,3007,3007,3007,3007,4690,4691,3007,3007,3007,4690,3007,3007,3007,3007,3007,4690,95,0,0,0,0,0,25,0,0,10,0,0,25,0,0,0,0,0,0,100,0,0,0,0,66481098752,12884893696,1721856000,0
99,1780596654287,57659.54382324219,4700,1,0.3062499999999999,6936.181671142578,4700,1,0.3062499999999999,6799.2725830078125,4700,1,0.3062499999999999,12188.884414672852,4700,1,0.3062499999999999,45766.333984375,4700,1,0.3062499999999999,37918.486755371094,4700,1,0.3062499999999999,47138.22946166992,4700,1,0.3062499999999999,29863.037231445313,4700,1,0.3062499999999999,7273.466018676758,4700,1,0.3062499999999999,7162.551773071289,4700,1,0.3062499999999999,6753.370361328125,4700,1,0.3062499999999999,6971.224838256836,4700,1,0.3062499999999999,13324.632049560547,3007,3007,3007,3007,3007,3007,3007,3007,3007,3007,3007,3007,4690,4691,3007,3007,3007,4690,3007,3007,3007,3007,3007,4690,95,0,0,0,0,0,25,0,0,10,0,0,25,0,0,0,0,0,0,100,0,0,0,0,66481098752,12884893696,1715978240,0
99,1780596654387,57660.30009460449,4700,1,0.3062499999999999,6936.184753417969,4700,1,0.3062499999999999,6799.275726318359,4700,1,0.3062499999999999,12188.907836914063,4700,1,0.3062499999999999,45766.705657958984,4700,1,0.3062499999999999,37918.6764831543,4700,1,0.3062499999999999,47138.48182678223,4700,1,0.3062499999999999,29863.9013671875,4700,1,0.3062499999999999,7273.469100952148,4700,1,0.3062499999999999,7162.554885864258,4700,1,0.3062499999999999,6753.3734130859375,4700,1,0.3062499999999999,6971.227920532227,4700,1,0.3062499999999999,13330.228134155273,3007,3007,3007,3007,3007,3007,3007,3007,3007,3007,3007,3007,4690,4691,3007,3007,3007,4690,3007,3007,3007,3007,3007,4690,100,0,0,0,0,0,15.789472579956055,5,5,0,0,0,20,0,0,0,0,0,0,100,0,0,0,0,66481098752,12884893696,1717219328,0
99,1780596654487,57661.057205200195,4700,1,0.30000000000000004,6936.187805175781,4700,1,0.30000000000000004,6799.278839111328,4700,1,0.30000000000000004,12188.928192138672,4700,1,0.30000000000000004,45767.0711517334,4700,1,0.30000000000000004,37918.87222290039,4700,1,0.30000000000000004,47138.73226928711,4700,1,0.30000000000000004,29864.7664642334,4700,1,0.30000000000000004,7273.472183227539,4700,1,0.30000000000000004,7162.557968139648,4700,1,0.30000000000000004,6753.376495361328,4700,1,0.30000000000000004,6971.230972290039,4700,1,0.30000000000000004,13335.75666809082,3007,3007,3007,3007,3007,3007,3007,3007,3007,3007,3007,3007,4690,4691,3007,3007,3007,4690,3007,3007,3007,3007,3007,4690,100,0,0,0,0,0,15.789472579956055,5,5,0,0,0,20,0,0,0,0,0,0,100,0,0,0,0,66481098752,12884893696,1719177216,0
99,1780596654587,57661.8182220459,4700,1,0.3062499999999999,6936.190994262695,4700,1,0.3062499999999999,6799.28205871582,4700,1,0.3062499999999999,12188.959381103516,4700,1,0.3062499999999999,45767.440368652344,4700,1,0.3062499999999999,37919.07524108887,4700,1,0.3062499999999999,47138.981216430664,4700,1,0.3062499999999999,29865.626220703125,4700,1,0.3062499999999999,7273.475387573242,4700,1,0.3062499999999999,7162.56120300293,4700,1,0.3062499999999999,6753.379684448242,4700,1,0.3062499999999999,6971.234176635742,4700,1,0.3062499999999999,13341.322479248047,3007,3007,3007,3007,3007,3007,3007,3007,3007,3007,3007,3007,4690,4691,3007,3007,3007,4690,3007,3007,3007,3007,3007,4690,95,0,0,0,0,0,25,5,0,5,0,0,15.789472579956055,0,0,0,0,0,4.761904716491699,100,0,0,0,0,66481098752,12884893696,1718415360,0
99,1780596654687,57662.57638549805,4700,1,0.3062499999999999,6936.194076538086,4700,1,0.3062499999999999,6799.285140991211,4700,1,0.3062499999999999,12188.987823486328,4700,1,0.3062499999999999,45767.82585144043,4700,1,0.3062499999999999,37919.09754943848,4700,1,0.3062499999999999,47139.240005493164,4700,1,0.3062499999999999,29866.49447631836,4700,1,0.3062499999999999,7273.478469848633,4700,1,0.3062499999999999,7162.56428527832,4700,1,0.3062499999999999,6753.382766723633,4700,1,0.3062499999999999,6971.237258911133,4700,1,0.3062499999999999,13346.689315795898,3007,3007,3007,3007,3007,3007,3007,3007,3007,3007,3007,3007,4690,4691,3007,3007,3007,4690,3007,3007,3007,3007,3007,4690,95,0,0,0,0,0,25,5,0,5,0,0,15.789472579956055,0,0,0,0,0,4.761904716491699,100,0,0,0,0,66481098752,12884893696,1712041984,0
99,1780596654787,57663.330474853516,4700,1,0.30000000000000004,6936.197158813477,4700,1,0.3062499999999999,6799.293975830078,4700,1,0.3062499999999999,12189.036270141602,4700,1,0.3062499999999999,45768.18196105957,4700,1,0.3062499999999999,37919.13327026367,4700,1,0.3062499999999999,47139.508224487305,4700,1,0.3062499999999999,29867.361907958984,4700,1,0.3062499999999999,7273.481582641602,4700,1,0.3062499999999999,7162.567367553711,4700,1,0.3062499999999999,6753.385848999023,4700,1,0.3062499999999999,6971.240341186523,4700,1,0.3062499999999999,13352.131866455078,3007,3007,3007,3007,3007,3007,3007,3007,3007,3007,3007,3007,4690,4691,3007,3007,3007,4690,3007,3007,3007,3007,3007,4690,100,0,0,0,0,0,16.666667938232422,0,0,0,0,0,11.111111640930176,0,0,0,0,0,0,100,0,0,0,0,66481098752,12884893696,1713508352,0
99,1780596654887,57664.08529663086,4700,1,0.30000000000000004,6936.200241088867,4700,1,0.30000000000000004,6799.297180175781,4700,1,0.30000000000000004,12189.268005371094,4700,1,0.30000000000000004,45768.414291381836,4700,1,0.30000000000000004,37919.394622802734,4700,1,0.30000000000000004,47139.75485229492,4700,1,0.30000000000000004,29868.225128173828,4700,1,0.30000000000000004,7273.484664916992,4700,1,0.30000000000000004,7162.570510864258,4700,1,0.30000000000000004,6753.388931274414,4700,1,0.30000000000000004,6971.243423461914,4700,1,0.30000000000000004,13357.715774536133,3007,3007,3007,3007,3007,3007,3007,3007,3007,3007,3007,3007,4690,4691,3007,3007,3007,4690,3007,3007,3007,3007,3007,4690,100,0,0,0,0,0,16.666667938232422,0,0,0,0,0,11.111111640930176,0,0,0,0,0,0,100,0,0,0,0,66481098752,12884893696,1715650560,0
99,1780596654987,57664.83346557617,4700,1,0.30000000000000004,6936.203323364258,4700,1,0.30000000000000004,6799.300262451172,4700,1,0.30000000000000004,12189.512496948242,4700,1,0.30000000000000004,45768.65505981445,4700,1,0.30000000000000004,37919.64179992676,4700,1,0.30000000000000004,47139.99264526367,4700,1,0.30000000000000004,29869.087173461914,4700,1,0.30000000000000004,7273.487747192383,4700,1,0.30000000000000004,7162.573593139648,4700,1,0.30000000000000004,6753.392013549805,4700,1,0.30000000000000004,6971.246505737305,4700,1,0.30000000000000004,13363.382064819336,3007,3007,3007,3007,3007,3007,3007,3007,3007,3007,3007,3007,4690,4691,3007,3007,3007,4690,3007,3007,3007,3007,3007,4690,94.73684692382813,0,0,0,0,0,10.526315689086914,19.047618865966797,19.047618865966797,5.263157844543457,0,0,0,0,0,0,0,0,0,100,0,0,0,0,66481098752,12884893696,1717641216,0
99,1780596655087,57665.5899810791,4700,1,0.30000000000000004,6936.206405639648,4700,1,0.30000000000000004,6799.303405761719,4700,1,0.30000000000000004,12189.763412475586,4700,1,0.30000000000000004,45768.88171386719,4700,1,0.30000000000000004,37919.89665222168,4700,1,0.30000000000000004,47140.23767089844,4700,1,0.30000000000000004,29869.945693969727,4700,1,0.30000000000000004,7273.490798950195,4700,1,0.30000000000000004,7162.576705932617,4700,1,0.30000000000000004,6753.395065307617,4700,1,0.30000000000000004,6971.249557495117,4700,1,0.30000000000000004,13368.953643798828,3007,3007,3007,3007,3007,3007,3007,3007,3007,3007,3007,3007,4690,4691,3007,3007,3007,4690,3007,3007,3007,3007,3007,4690,94.73684692382813,0,0,0,0,0,10.526315689086914,19.047618865966797,19.047618865966797,5.263157844543457,0,0,0,0,0,0,0,0,0,100,0,0,0,0,66481098752,12884893696,1718321152,0
99,1780596655187,57666.34704589844,4700,1,0.30000000000000004,6936.209457397461,4700,1,0.30000000000000004,6799.306457519531,4700,1,0.30000000000000004,12190.012390136719,4700,1,0.30000000000000004,45769.127014160156,4700,1,0.30000000000000004,37920.15139770508,4700,1,0.30000000000000004,47140.468032836914,4700,1,0.30000000000000004,29870.809341430664,4700,1,0.30000000000000004,7273.493881225586,4700,1,0.30000000000000004,7162.579788208008,4700,1,0.30000000000000004,6753.398147583008,4700,1,0.30000000000000004,6971.252639770508,4700,1,0.30000000000000004,13374.537719726563,3007,3007,3007,3007,3007,3007,3007,3007,3007,3007,3007,3007,4690,4691,3007,3007,3007,4690,3007,3007,3007,3007,3007,4690,100,0,0,0,0,0,15.000000953674316,5.882352828979492,19.047618865966797,5,0,0,0,0,0,0,0,0,0,100,0,0,0,0,66481098752,12884893696,1719574528,0
99,1780596655287,57667.102935791016,4700,1,0.3062499999999999,6936.212539672852,4700,1,0.3062499999999999,6799.309661865234,4700,1,0.3062499999999999,12190.264251708984,4700,1,0.3062499999999999,45769.33186340332,4700,1,0.3062499999999999,37920.37565612793,4700,1,0.3062499999999999,47140.747619628906,4700,1,0.3062499999999999,29871.673721313477,4700,1,0.3062499999999999,7273.496963500977,4700,1,0.3062499999999999,7162.582870483398,4700,1,0.3062499999999999,6753.401229858398,4700,1,0.3062499999999999,6971.255722045898,4700,1,0.3062499999999999,13380.155456542969,3007,3007,3007,3007,3007,3007,3007,3007,3007,3007,3007,3007,4690,4691,3007,3007,3007,4690,3007,3007,3007,3007,3007,4690,100,0,0,0,0,0,15.000000953674316,5.882352828979492,19.047618865966797,5,0,0,0,0,0,0,0,0,0,100,0,0,0,0,66481098752,12884893696,1714909184,0
99,1780596655387,57667.860092163086,4700,1,0.3062499999999999,6936.215621948242,4700,1,0.3062499999999999,6799.312805175781,4700,1,0.3062499999999999,12190.513580322266,4700,1,0.3062499999999999,45769.564025878906,4700,1,0.3062499999999999,37920.619216918945,4700,1,0.3062499999999999,47140.99725341797,4700,1,0.3062499999999999,29872.53938293457,4700,1,0.3062499999999999,7273.500076293945,4700,1,0.3062499999999999,7162.586013793945,4700,1,0.3062499999999999,6753.404312133789,4700,1,0.3062499999999999,6971.258804321289,4700,1,0.3062499999999999,13385.71255493164,3007,3007,3007,3007,3007,3007,3007,3007,3007,3007,3007,3007,4690,4691,3007,3007,3007,4690,3007,3007,3007,3007,3007,4690,95,5,0,0,0,0,0,14.285715103149414,10.526315689086914,5,0,0,18.18181800842285,0,0,0,0,0,4.761904716491699,100,0,0,0,0,66481098752,12884893696,1716932608,0
99,1780596655487,57668.61898803711,4700,1,0.3062499999999999,6936.218704223633,4700,1,0.3062499999999999,6799.315887451172,4700,1,0.3062499999999999,12190.764755249023,4700,1,0.3062499999999999,45769.78546142578,4700,1,0.3062499999999999,37920.878326416016,4700,1,0.3062499999999999,47141.251861572266,4700,1,0.3062499999999999,29873.40200805664,4700,1,0.3062499999999999,7273.503158569336,4700,1,0.3062499999999999,7162.589096069336,4700,1,0.3062499999999999,6753.40739440918,4700,1,0.3062499999999999,6971.26188659668,4700,1,0.3062499999999999,13391.326629638672,3007,3007,3007,3007,3007,3007,3007,3007,3007,3007,3007,3007,4690,4691,3007,3007,3007,4690,3007,3007,3007,3007,3007,4690,95,5,0,0,0,0,0,14.285715103149414,10.526315689086914,5,0,0,18.18181800842285,0,0,0,0,0,4.761904716491699,100,0,0,0,0,66481098752,12884893696,1718927360,0
99,1780596655587,57669.37368774414,4700,1,0.30000000000000004,6936.221786499023,4700,1,0.3062499999999999,6799.319030761719,4700,1,0.3062499999999999,12191.016891479492,4700,1,0.30000000000000004,45770.040283203125,4700,1,0.30000000000000004,37921.121353149414,4700,1,0.30000000000000004,47141.489013671875,4700,1,0.30000000000000004,29874.266830444336,4700,1,0.30000000000000004,7273.506240844727,4700,1,0.30000000000000004,7162.592239379883,4700,1,0.3062499999999999,6753.41047668457,4700,1,0.3062499999999999,6971.26496887207,4700,1,0.3062499999999999,13396.954528808594,3007,3007,3007,3007,3007,3007,3007,3007,3007,3007,3007,3007,4690,4691,3007,3007,3007,4690,3007,3007,3007,3007,3007,4690,100,0,0,0,0,0,0,15.789472579956055,15.789472579956055,5,0,0,5.555555820465088,0,0,0,0,0,0,100,0,0,0,0,66481098752,12884893696,1717891072,0
99,1780596655687,57670.12271118164,4700,1,0.30000000000000004,6936.224868774414,4700,1,0.30000000000000004,6799.32258605957,4700,1,0.30000000000000004,12191.263198852539,4700,1,0.30000000000000004,45770.297760009766,4700,1,0.30000000000000004,37921.34811401367,4700,1,0.30000000000000004,47141.720306396484,4700,1,0.30000000000000004,29875.12322998047,4700,1,0.30000000000000004,7273.509292602539,4700,1,0.30000000000000004,7162.595321655273,4700,1,0.30000000000000004,6753.413558959961,4700,1,0.30000000000000004,6971.268051147461,4700,1,0.30000000000000004,13402.559783935547,3007,3007,3007,3007,3007,3007,3007,3007,3007,3007,3007,3007,4690,4691,3007,3007,3007,4690,3007,3007,3007,3007,3007,4690,100,0,0,0,0,0,0,15.789472579956055,15.789472579956055,5,0,0,5.555555820465088,0,0,0,0,0,0,100,0,0,0,0,66481098752,12884893696,1708843008,0
99,1780596655787,57670.91767883301,4700,1,0.3062499999999999,6936.227951049805,4700,1,0.3062499999999999,6799.325668334961,4700,1,0.3062499999999999,12191.548721313477,4700,1,0.3062499999999999,45770.578857421875,4700,1,0.3062499999999999,37921.46463012695,4700,1,0.3062499999999999,47141.95333862305,4700,1,0.3062499999999999,29875.98014831543,4700,1,0.3062499999999999,7273.51237487793,4700,1,0.3062499999999999,7162.598373413086,4700,1,0.3062499999999999,6753.416610717773,4700,1,0.3062499999999999,6971.271133422852,4700,1,0.3062499999999999,13408.04020690918,3007,3007,3007,3007,3007,3007,3007,3007,3007,3007,3007,3007,4690,4691,3007,3007,3007,4690,3007,3007,3007,3007,3007,4690,95.23809814453125,14.285715103149414,0,0,0,0,5,9.523809432983398,10.526315689086914,5.263157844543457,0,0,15.000000953674316,0,0,0,4.761904716491699,0,0,100,0,0,0,0,66481098752,12884893696,1709092864,0
99,1780596655887,57671.69776916504,4700,1,0.3062499999999999,6936.231002807617,4700,1,0.3062499999999999,6799.32878112793,4700,1,0.3062499999999999,12191.799057006836,4700,1,0.3062499999999999,45770.833892822266,4700,1,0.3062499999999999,37921.64390563965,4700,1,0.3062499999999999,47142.20861816406,4700,1,0.3062499999999999,29876.849548339844,4700,1,0.3062499999999999,7273.5155029296875,4700,1,0.3062499999999999,7162.601547241211,4700,1,0.3062499999999999,6753.419692993164,4700,1,0.3062499999999999,6971.274185180664,4700,1,0.3062499999999999,13413.565887451172,3007,3007,3007,3007,3007,3007,3007,3007,3007,3007,3007,3007,4690,4691,3007,3007,3007,4690,3007,3007,3007,3007,3007,4690,95.23809814453125,14.285715103149414,0,0,0,0,5,9.523809432983398,10.526315689086914,5.263157844543457,0,0,15.000000953674316,0,0,0,4.761904716491699,0,0,100,0,0,0,0,66481098752,12884893696,1710145536,0
99,1780596655988,57672.45593261719,4700,1,0.3062499999999999,6936.234100341797,4700,1,0.3062499999999999,6799.33186340332,4700,1,0.3062499999999999,12192.084274291992,4700,1,0.3062499999999999,45771.00164794922,4700,1,0.3062499999999999,37921.86730957031,4700,1,0.3062499999999999,47142.46284484863,4700,1,0.3062499999999999,29877.720153808594,4700,1,0.3062499999999999,7273.518585205078,4700,1,0.3062499999999999,7162.604629516602,4700,1,0.3062499999999999,6753.422775268555,4700,1,0.3062499999999999,6971.277267456055,4700,1,0.3062499999999999,13419.108703613281,3007,3007,3007,3007,3007,3007,3007,3007,3007,3007,3007,3007,4690,4691,3007,3007,3007,4690,3007,3007,3007,3007,3007,4690,100,5,0,0,0,5.263157844543457,10.526315689086914,5.263157844543457,15.000000953674316,5,0,0,5,0,0,0,0,0,0,100,0,0,0,0,66481098752,12884893696,1707151360,0
99,1780596656088,57673.21530151367,4700,1,0.3062499999999999,6936.2371826171875,4700,1,0.3062499999999999,6799.335067749023,4700,1,0.3062499999999999,12192.417358398438,4700,1,0.3062499999999999,45771.24676513672,4700,1,0.3062499999999999,37922.064544677734,4700,1,0.3062499999999999,47142.61785888672,4700,1,0.3062499999999999,29878.59210205078,4700,1,0.3062499999999999,7273.521667480469,4700,1,0.3062499999999999,7162.607772827148,4700,1,0.3062499999999999,6753.425857543945,4700,1,0.3062499999999999,6971.280349731445,4700,1,0.3062499999999999,13424.597579956055,3007,3007,3007,3007,3007,3007,3007,3007,3007,3007,3007,3007,4690,4691,3007,3007,3007,4690,3007,3007,3007,3007,3007,4690,100,5,0,0,0,5.263157844543457,10.526315689086914,5.263157844543457,15.000000953674316,5,0,0,5,0,0,0,0,0,0,100,0,0,0,0,66481098752,12884893696,1708941312,0
99,1780596656188,57673.97090148926,4700,1,0.3062499999999999,6936.240264892578,4700,1,0.3062499999999999,6799.338150024414,4700,1,0.3062499999999999,12192.714096069336,4700,1,0.3062499999999999,45771.47686767578,4700,1,0.3062499999999999,37922.351791381836,4700,1,0.3062499999999999,47142.796646118164,4700,1,0.3062499999999999,29879.459930419922,4700,1,0.3062499999999999,7273.524749755859,4700,1,0.3062499999999999,7162.610855102539,4700,1,0.3062499999999999,6753.428939819336,4700,1,0.3062499999999999,6971.283432006836,4700,1,0.3062499999999999,13430.206909179688,3007,3007,3007,3007,3007,3007,3007,3007,3007,3007,3007,3007,4690,4691,3007,3007,3007,4690,3007,3007,3007,3007,3007,4690,100,10,0,0,0,0,0,0,9.523809432983398,5.263157844543457,0,0,5,0,0,0,0,10.526315689086914,0,100,0,0,0,0,66481098752,12884893696,1710321664,0
99,1780596656288,57674.72854614258,4700,1,0.3062499999999999,6936.243347167969,4700,1,0.3062499999999999,6799.341354370117,4700,1,0.3062499999999999,12193.039199829102,4700,1,0.3062499999999999,45771.70118713379,4700,1,0.3062499999999999,37922.440856933594,4700,1,0.3062499999999999,47143.057678222656,4700,1,0.3062499999999999,29880.327392578125,4700,1,0.3062499999999999,7273.52783203125,4700,1,0.3062499999999999,7162.613967895508,4700,1,0.3062499999999999,6753.432022094727,4700,1,0.3062499999999999,6971.286514282227,4700,1,0.3062499999999999,13435.7255859375,3007,3007,3007,3007,3007,3007,3007,3007,3007,3007,3007,3007,4690,4691,3007,3007,3007,4690,3007,3007,3007,3007,3007,4690,100,10,0,0,0,0,0,0,9.523809432983398,5.263157844543457,0,0,5,0,0,0,0,10.526315689086914,0,100,0,0,0,0,66481098752,12884893696,1714151424,0
99,1780596656388,57675.47854614258,4700,1,0.30000000000000004,6936.246429443359,4700,1,0.30000000000000004,6799.344497680664,4700,1,0.30000000000000004,12193.307006835938,4700,1,0.30000000000000004,45771.8994140625,4700,1,0.30000000000000004,37922.685974121094,4700,1,0.30000000000000004,47143.31611633301,4700,1,0.30000000000000004,29881.191345214844,4700,1,0.30000000000000004,7273.530914306641,4700,1,0.30000000000000004,7162.617172241211,4700,1,0.30000000000000004,6753.435134887695,4700,1,0.30000000000000004,6971.289596557617,4700,1,0.30000000000000004,13441.324035644531,3007,3007,3007,3007,3007,3007,3007,3007,3007,3007,3007,3007,4690,4691,3007,3007,3007,4690,3007,3007,3007,3007,3007,4690,94.73684692382813,10,0,0,0,5.263157844543457,0,0,10.526315689086914,5,0,0,20,0,0,0,0,5,4.761904716491699,100,0,0,0,0,66481098752,12884893696,1712476160,0
99,1780596656488,57676.2479095459,4700,1,0.3062499999999999,6936.249481201172,4700,1,0.3062499999999999,6799.347610473633,4700,1,0.3062499999999999,12193.529754638672,4700,1,0.3062499999999999,45772.1580657959,4700,1,0.3062499999999999,37922.93278503418,4700,1,0.3062499999999999,47143.560119628906,4700,1,0.3062499999999999,29882.05551147461,4700,1,0.3062499999999999,7273.533966064453,4700,1,0.3062499999999999,7162.620223999023,4700,1,0.3062499999999999,6753.438186645508,4700,1,0.3062499999999999,6971.29264831543,4700,1,0.3062499999999999,13446.894714355469,3007,3007,3007,3007,3007,3007,3007,3007,3007,3007,3007,3007,4690,4691,3007,3007,3007,4690,3007,3007,3007,3007,3007,4690,94.73684692382813,10,0,0,0,5.263157844543457,0,0,10.526315689086914,5,0,0,20,0,0,0,0,5,4.761904716491699,100,0,0,0,0,66481098752,12884893696,1714302976,0
99,1780596656588,57677.032806396484,4700,1,0.30000000000000004,6936.2525634765625,4700,1,0.30000000000000004,6799.350769042969,4700,1,0.30000000000000004,12193.558364868164,4700,1,0.30000000000000004,45772.439025878906,4700,1,0.30000000000000004,37923.20169067383,4700,1,0.30000000000000004,47143.82847595215,4700,1,0.30000000000000004,29882.940216064453,4700,1,0.30000000000000004,7273.537048339844,4700,1,0.30000000000000004,7162.62336730957,4700,1,0.30000000000000004,6753.441268920898,4700,1,0.30000000000000004,6971.29573059082,4700,1,0.30000000000000004,13452.41683959961,3007,3007,3007,3007,3007,3007,3007,3007,3007,3007,3007,3007,4690,4691,3007,3007,3007,4690,3007,3007,3007,3007,3007,4690,100,0,0,0,5,0,10.526315689086914,5,15.000000953674316,0,0,0,0,0,0,0,0,0,0,100,0,0,0,0,66481098752,12884893696,1715507200,0
99,1780596656688,57677.79200744629,4700,1,0.3062499999999999,6936.255661010742,4700,1,0.3062499999999999,6799.353851318359,4700,1,0.3062499999999999,12193.585250854492,4700,1,0.3062499999999999,45772.6457824707,4700,1,0.3062499999999999,37923.481048583984,4700,1,0.3062499999999999,47144.160583496094,4700,1,0.3062499999999999,29883.814239501953,4700,1,0.3062499999999999,7273.540130615234,4700,1,0.3062499999999999,7162.626449584961,4700,1,0.3062499999999999,6753.444351196289,4700,1,0.3062499999999999,6971.298812866211,4700,1,0.3062499999999999,13457.97282409668,3007,3007,3007,3007,3007,3007,3007,3007,3007,3007,3007,3007,4690,4691,3007,3007,3007,4690,3007,3007,3007,3007,3007,4690,100,0,0,0,5,0,10.526315689086914,5,15.000000953674316,0,0,0,0,0,0,0,0,0,0,100,0,0,0,0,66481098752,12884893696,1709203456,0
99,1780596656788,57678.55563354492,4700,1,0.3062499999999999,6936.258743286133,4700,1,0.3062499999999999,6799.357376098633,4700,1,0.3062499999999999,12193.671661376953,4700,1,0.3062499999999999,45772.91148376465,4700,1,0.3062499999999999,37923.80938720703,4700,1,0.3062499999999999,47144.37861633301,4700,1,0.3062499999999999,29884.682846069336,4700,1,0.3062499999999999,7273.543243408203,4700,1,0.3062499999999999,7162.629531860352,4700,1,0.3062499999999999,6753.44743347168,4700,1,0.3062499999999999,6971.301895141602,4700,1,0.3062499999999999,13463.538558959961,3007,3007,3007,3007,3007,3007,3007,3007,3007,3007,3007,3007,4690,4691,3007,3007,3007,4690,3007,3007,3007,3007,3007,4690,95.45454406738281,0,0,0,0,4.761904716491699,0,0,10.526315689086914,18.18181800842285,0,0,15.000000953674316,0,0,0,0,0,9.523809432983398,100,0,0,0,0,66481098752,12884893696,1711915008,0
99,1780596656888,57679.314453125,4700,1,0.3062499999999999,6936.261825561523,4700,1,0.3062499999999999,6799.360580444336,4700,1,0.3062499999999999,12193.889434814453,4700,1,0.3062499999999999,45773.1827545166,4700,1,0.3062499999999999,37924.142669677734,4700,1,0.3062499999999999,47144.44776916504,4700,1,0.3062499999999999,29885.54963684082,4700,1,0.3062499999999999,7273.546325683594,4700,1,0.3062499999999999,7162.632675170898,4700,1,0.3062499999999999,6753.4505615234375,4700,1,0.3062499999999999,6971.30500793457,4700,1,0.3062499999999999,13469.06771850586,3007,3007,3007,3007,3007,3007,3007,3007,3007,3007,3007,3007,4690,4691,3007,3007,3007,4690,3007,3007,3007,3007,3007,4690,95.45454406738281,0,0,0,0,4.761904716491699,0,0,10.526315689086914,18.18181800842285,0,0,15.000000953674316,0,0,0,0,0,9.523809432983398,100,0,0,0,0,66481098752,12884893696,1713778688,0
99,1780596656988,57680.070861816406,4700,1,0.3062499999999999,6936.264907836914,4700,1,0.3062499999999999,6799.363662719727,4700,1,0.3062499999999999,12193.959457397461,4700,1,0.3062499999999999,45773.40687561035,4700,1,0.3062499999999999,37924.50109863281,4700,1,0.3062499999999999,47144.67477416992,4700,1,0.3062499999999999,29886.420211791992,4700,1,0.3062499999999999,7273.549407958984,4700,1,0.3062499999999999,7162.635757446289,4700,1,0.3062499999999999,6753.453643798828,4700,1,0.3062499999999999,6971.308090209961,4700,1,0.3062499999999999,13474.625762939453,3007,3007,3007,3007,3007,3007,3007,3007,3007,3007,3007,3007,4690,4691,3007,3007,3007,4690,3007,3007,3007,3007,3007,4690,100,9.523809432983398,0,0,0,4.761904716491699,0,0,5.263157844543457,0,0,0,11.111111640930176,0,0,0,0,15.000000953674316,0,100,0,0,0,0,66481098752,12884893696,1709400064,0
99,1780596657088,57680.82228088379,4700,1,0.3062499999999999,6936.267990112305,4700,1,0.3062499999999999,6799.372665405273,4700,1,0.3062499999999999,12194.193054199219,4700,1,0.3062499999999999,45773.498596191406,4700,1,0.3062499999999999,37924.849060058594,4700,1,0.3062499999999999,47144.91387939453,4700,1,0.3062499999999999,29887.281509399414,4700,1,0.3062499999999999,7273.552459716797,4700,1,0.3062499999999999,7162.638900756836,4700,1,0.3062499999999999,6753.456726074219,4700,1,0.3062499999999999,6971.311172485352,4700,1,0.3062499999999999,13480.192642211914,3007,3007,3007,3007,3007,3007,3007,3007,3007,3007,3007,3007,4690,4691,3007,3007,3007,4690,3007,3007,3007,3007,3007,4690,100,9.523809432983398,0,0,0,4.761904716491699,0,0,5.263157844543457,0,0,0,11.111111640930176,0,0,0,0,15.000000953674316,0,100,0,0,0,0,66481098752,12884893696,1712017408,0
99,1780596657188,57681.58352661133,4700,1,0.30000000000000004,6936.271072387695,4700,1,0.30000000000000004,6799.375778198242,4700,1,0.30000000000000004,12194.256164550781,4700,1,0.30000000000000004,45773.72944641113,4700,1,0.30000000000000004,37925.20820617676,4700,1,0.30000000000000004,47145.16973876953,4700,1,0.30000000000000004,29888.147186279297,4700,1,0.30000000000000004,7273.5555419921875,4700,1,0.30000000000000004,7162.641983032227,4700,1,0.30000000000000004,6753.459777832031,4700,1,0.30000000000000004,6971.314224243164,4700,1,0.30000000000000004,13485.791061401367,3007,3007,3007,3007,3007,3007,3007,3007,3007,3007,3007,3007,4690,4691,3007,3007,3007,4690,3007,3007,3007,3007,3007,4690,94.73684692382813,0,0,0,0,4.761904716491699,0,9.523809432983398,19.047618865966797,5.263157844543457,0,0,10,0,0,0,0,10.526315689086914,0,100,0,0,0,0,66481098752,12884893696,1711861760,0
99,1780596657288,57682.33581542969,4700,1,0.30000000000000004,6936.274124145508,4700,1,0.30000000000000004,6799.3790283203125,4700,1,0.30000000000000004,12194.468276977539,4700,1,0.30000000000000004,45773.94013977051,4700,1,0.30000000000000004,37925.49287414551,4700,1,0.30000000000000004,47145.425537109375,4700,1,0.30000000000000004,29889.018280029297,4700,1,0.30000000000000004,7273.558624267578,4700,1,0.30000000000000004,7162.645065307617,4700,1,0.30000000000000004,6753.462860107422,4700,1,0.30000000000000004,6971.317306518555,4700,1,0.30000000000000004,13491.43635559082,3007,3007,3007,3007,3007,3007,3007,3007,3007,3007,3007,3007,4690,4691,3007,3007,3007,4690,3007,3007,3007,3007,3007,4690,94.73684692382813,0,0,0,0,4.761904716491699,0,9.523809432983398,19.047618865966797,5.263157844543457,0,0,10,0,0,0,0,10.526315689086914,0,100,0,0,0,0,66481098752,12884893696,1712476160,0
99,1780596657388,57683.0944519043,4700,1,0.3062499999999999,6936.277236938477,4700,1,0.3062499999999999,6799.382141113281,4700,1,0.3062499999999999,12194.738647460938,4700,1,0.3062499999999999,45774.136642456055,4700,1,0.3062499999999999,37925.752532958984,4700,1,0.3062499999999999,47145.687896728516,4700,1,0.3062499999999999,29889.884246826172,4700,1,0.3062499999999999,7273.561706542969,4700,1,0.3062499999999999,7162.648208618164,4700,1,0.3062499999999999,6753.4659423828125,4700,1,0.3062499999999999,6971.3204345703125,4700,1,0.3062499999999999,13496.98210144043,3007,3007,3007,3007,3007,3007,3007,3007,3007,3007,3007,3007,4690,4691,3007,3007,3007,4690,3007,3007,3007,3007,3007,4690,100,15.789472579956055,0,0,0,0,4.761904716491699,0,15.789472579956055,0,0,0,5,0,0,0,0,5,0,100,0,0,0,0,66481098752,12884893696,1713909760,0
99,1780596657488,57683.85827636719,4700,1,0.3062499999999999,6936.280319213867,4700,1,0.3062499999999999,6799.385223388672,4700,1,0.3062499999999999,12195.01301574707,4700,1,0.3062499999999999,45774.36909484863,4700,1,0.3062499999999999,37926.011489868164,4700,1,0.3062499999999999,47145.90344238281,4700,1,0.3062499999999999,29890.752655029297,4700,1,0.3062499999999999,7273.564788818359,4700,1,0.3062499999999999,7162.651290893555,4700,1,0.3062499999999999,6753.469024658203,4700,1,0.3062499999999999,6971.323516845703,4700,1,0.3062499999999999,13502.65380859375,3007,3007,3007,3007,3007,3007,3007,3007,3007,3007,3007,3007,4690,4691,3007,3007,3007,4690,3007,3007,3007,3007,3007,4690,100,15.789472579956055,0,0,0,0,4.761904716491699,0,15.789472579956055,0,0,0,5,0,0,0,0,5,0,100,0,0,0,0,66481098752,12884893696,1716625408,0
99,1780596657588,57684.69761657715,4700,1,0.3062499999999999,6936.283401489258,4700,1,0.3062499999999999,6799.388427734375,4700,1,0.3062499999999999,12195.243881225586,4700,1,0.3062499999999999,45774.555236816406,4700,1,0.3062499999999999,37926.28384399414,4700,1,0.3062499999999999,47146.13082885742,4700,1,0.3062499999999999,29891.640502929688,4700,1,0.3062499999999999,7273.56787109375,4700,1,0.3062499999999999,7162.660949707031,4700,1,0.3062499999999999,6753.472106933594,4700,1,0.3062499999999999,6971.326599121094,4700,1,0.3062499999999999,13508.289031982422,3007,3007,3007,3007,3007,3007,3007,3007,3007,3007,3007,3007,4690,4691,3007,3007,3007,4690,3007,3007,3007,3007,3007,4690,100,14.285715103149414,0,0,0,5,10,0,5.555555820465088,14.285715103149414,0,0,0,0,0,0,0,0,0,100,0,0,0,0,66481098752,12884893696,1718394880,0
99,1780596657688,57685.50492858887,4700,1,0.30000000000000004,6936.286483764648,4700,1,0.3062499999999999,6799.395156860352,4700,1,0.3062499999999999,12195.271026611328,4700,1,0.30000000000000004,45774.8126373291,4700,1,0.30000000000000004,37926.61518859863,4700,1,0.30000000000000004,47146.31651306152,4700,1,0.30000000000000004,29892.521453857422,4700,1,0.30000000000000004,7273.570953369141,4700,1,0.30000000000000004,7162.664031982422,4700,1,0.30000000000000004,6753.475189208984,4700,1,0.30000000000000004,6971.329681396484,4700,1,0.30000000000000004,13513.843475341797,3007,3007,3007,3007,3007,3007,3007,3007,3007,3007,3007,3007,4690,4691,3007,3007,3007,4690,3007,3007,3007,3007,3007,4690,100,14.285715103149414,0,0,0,5,10,0,5.555555820465088,14.285715103149414,0,0,0,0,0,0,0,0,0,100,0,0,0,0,66481098752,12884893696,1713307648,0
99,1780596657788,57686.32666015625,4700,1,0.30000000000000004,6936.289566040039,4700,1,0.30000000000000004,6799.398239135742,4700,1,0.30000000000000004,12195.306732177734,4700,1,0.30000000000000004,45775.08155822754,4700,1,0.30000000000000004,37926.87104797363,4700,1,0.30000000000000004,47146.55409240723,4700,1,0.30000000000000004,29893.408950805664,4700,1,0.30000000000000004,7273.574371337891,4700,1,0.30000000000000004,7162.6671142578125,4700,1,0.30000000000000004,6753.478271484375,4700,1,0.30000000000000004,6971.332763671875,4700,1,0.30000000000000004,13519.379867553711,3007,3007,3007,3007,3007,3007,3007,3007,3007,3007,3007,3007,4690,4691,3007,3007,3007,4690,3007,3007,3007,3007,3007,4690,95.45454406738281,0,0,0,5,9.523809432983398,0,10.526315689086914,14.285715103149414,5.263157844543457,0,0,5,0,0,0,0,14.285715103149414,0,100,0,0,0,0,66481098752,12884893696,1708642304,0
99,1780596657889,57687.16256713867,4700,1,0.30000000000000004,6936.292724609375,4700,1,0.30000000000000004,6799.401412963867,4700,1,0.30000000000000004,12195.511215209961,4700,1,0.30000000000000004,45775.325622558594,4700,1,0.30000000000000004,37927.13754272461,4700,1,0.30000000000000004,47146.77117919922,4700,1,0.30000000000000004,29894.275756835938,4700,1,0.30000000000000004,7273.57746887207,4700,1,0.30000000000000004,7162.670227050781,4700,1,0.30000000000000004,6753.481353759766,4700,1,0.30000000000000004,6971.335845947266,4700,1,0.30000000000000004,13524.994277954102,3007,3007,3007,3007,3007,3007,3007,3007,3007,3007,3007,3007,4690,4691,3007,3007,3007,4690,3007,3007,3007,3007,3007,4690,95.45454406738281,0,0,0,5,9.523809432983398,0,10.526315689086914,14.285715103149414,5.263157844543457,0,0,5,0,0,0,0,14.285715103149414,0,100,0,0,0,0,66481098752,12884893696,1710555136,0
99,1780596657989,57688.00405883789,4700,1,0.30000000000000004,6936.2957763671875,4700,1,0.30000000000000004,6799.404525756836,4700,1,0.30000000000000004,12195.752059936523,4700,1,0.30000000000000004,45775.611068725586,4700,1,0.30000000000000004,37927.3240814209,4700,1,0.30000000000000004,47146.95161437988,4700,1,0.30000000000000004,29895.16226196289,4700,1,0.30000000000000004,7273.580551147461,4700,1,0.30000000000000004,7162.673309326172,4700,1,0.30000000000000004,6753.484436035156,4700,1,0.30000000000000004,6971.338897705078,4700,1,0.30000000000000004,13530.510467529297,3007,3007,3007,3007,3007,3007,3007,3007,3007,3007,3007,3007,4690,4691,3007,3007,3007,4690,3007,3007,3007,3007,3007,4690,100,0,0,0,5.263157844543457,10,5.263157844543457,9.523809432983398,9.523809432983398,10.526315689086914,0,0,5.263157844543457,0,0,0,0,0,0,100,0,0,0,0,66481098752,12884893696,1709207552,0
99,1780596658089,57688.846130371094,4700,1,0.3062499999999999,6936.298858642578,4700,1,0.3062499999999999,6799.407684326172,4700,1,0.3062499999999999,12195.857513427734,4700,1,0.3062499999999999,45775.85348510742,4700,1,0.3062499999999999,37927.55145263672,4700,1,0.3062499999999999,47147.182220458984,4700,1,0.3062499999999999,29896.049743652344,4700,1,0.3062499999999999,7273.583633422852,4700,1,0.3062499999999999,7162.676452636719,4700,1,0.3062499999999999,6753.487518310547,4700,1,0.3062499999999999,6971.341979980469,4700,1,0.3062499999999999,13536.050918579102,3007,3007,3007,3007,3007,3007,3007,3007,3007,3007,3007,3007,4690,4691,3007,3007,3007,4690,3007,3007,3007,3007,3007,4690,100,0,0,0,5.263157844543457,10,5.263157844543457,9.523809432983398,9.523809432983398,10.526315689086914,0,0,5.263157844543457,0,0,0,0,0,0,100,0,0,0,0,66481098752,12884893696,1709588480,0
99,1780596658189,57689.6895904541,4700,1,0.3062499999999999,6936.301940917969,4700,1,0.3062499999999999,6799.4107666015625,4700,1,0.3062499999999999,12196.080871582031,4700,1,0.3062499999999999,45776.04179382324,4700,1,0.3062499999999999,37927.80171203613,4700,1,0.3062499999999999,47147.39891052246,4700,1,0.3062499999999999,29896.939483642578,4700,1,0.3062499999999999,7273.586715698242,4700,1,0.3062499999999999,7162.679534912109,4700,1,0.3062499999999999,6753.4906005859375,4700,1,0.3062499999999999,6971.345062255859,4700,1,0.3062499999999999,13541.583953857422,3007,3007,3007,3007,3007,3007,3007,3007,3007,3007,3007,3007,4690,4691,3007,3007,3007,4690,3007,3007,3007,3007,3007,4690,100,4.761904716491699,0,0,0,0,9.523809432983398,5.555555820465088,14.285715103149414,19.047618865966797,0,0,5,0,0,0,0,0,0,100,0,0,0,0,66481098752,12884893696,1708666880,0
99,1780596658289,57690.533462524414,4700,1,0.30000000000000004,6936.305023193359,4700,1,0.3062499999999999,6799.413970947266,4700,1,0.3062499999999999,12196.263809204102,4700,1,0.30000000000000004,45776.283950805664,4700,1,0.30000000000000004,37928.06483459473,4700,1,0.30000000000000004,47147.64155578613,4700,1,0.30000000000000004,29897.82144165039,4700,1,0.3062499999999999,7273.589797973633,4700,1,0.3062499999999999,7162.6826171875,4700,1,0.3062499999999999,6753.493682861328,4700,1,0.3062499999999999,6971.34814453125,4700,1,0.3062499999999999,13547.233932495117,3007,3007,3007,3007,3007,3007,3007,3007,3007,3007,3007,3007,4690,4691,3007,3007,3007,4690,3007,3007,3007,3007,3007,4690,100,4.761904716491699,0,0,0,0,9.523809432983398,5.555555820465088,14.285715103149414,19.047618865966797,0,0,5,0,0,0,0,0,0,100,0,0,0,0,66481098752,12884893696,1711083520,0
99,1780596658389,57691.36552429199,4700,1,0.3062499999999999,6936.30810546875,4700,1,0.3062499999999999,6799.417205810547,4700,1,0.3062499999999999,12196.488067626953,4700,1,0.3062499999999999,45776.51905822754,4700,1,0.3062499999999999,37928.31219482422,4700,1,0.3062499999999999,47147.867767333984,4700,1,0.3062499999999999,29898.707077026367,4700,1,0.3062499999999999,7273.592880249023,4700,1,0.3062499999999999,7162.685760498047,4700,1,0.3062499999999999,6753.496765136719,4700,1,0.3062499999999999,6971.351226806641,4700,1,0.3062499999999999,13552.78695678711,3007,3007,3007,3007,3007,3007,3007,3007,3007,3007,3007,3007,4690,4691,3007,3007,3007,4690,3007,3007,3007,3007,3007,4690,95,0,0,0,5.263157844543457,0,10,5,15.000000953674316,5.263157844543457,0,0,0,0,0,0,0,0,0,100,0,0,0,0,66481098752,12884893696,1708433408,0
99,1780596658489,57692.12283325195,4700,1,0.3062499999999999,6936.311187744141,4700,1,0.3062499999999999,6799.4202880859375,4700,1,0.3062499999999999,12196.685012817383,4700,1,0.3062499999999999,45776.76385498047,4700,1,0.3062499999999999,37928.646392822266,4700,1,0.3062499999999999,47147.986587524414,4700,1,0.3062499999999999,29899.570999145508,4700,1,0.3062499999999999,7273.595962524414,4700,1,0.3062499999999999,7162.6888427734375,4700,1,0.3062499999999999,6753.499847412109,4700,1,0.3062499999999999,6971.354309082031,4700,1,0.3062499999999999,13558.346939086914,3007,3007,3007,3007,3007,3007,3007,3007,3007,3007,3007,3007,4690,4691,3007,3007,3007,4690,3007,3007,3007,3007,3007,4690,95,0,0,0,5.263157844543457,0,10,5,15.000000953674316,5.263157844543457,0,0,0,0,0,0,0,0,0,100,0,0,0,0,66481098752,12884893696,1709834240,0
99,1780596658589,57692.8688659668,4700,1,0.3062499999999999,6936.329925537109,4700,1,0.3062499999999999,6799.457977294922,4700,1,0.3062499999999999,12196.882278442383,4700,1,0.3062499999999999,45776.966049194336,4700,1,0.3062499999999999,37928.93035888672,4700,1,0.3062499999999999,47148.15576171875,4700,1,0.3062499999999999,29900.327362060547,4700,1,0.3062499999999999,7273.644180297852,4700,1,0.3062499999999999,7162.722366333008,4700,1,0.3062499999999999,6753.516189575195,4700,1,0.3062499999999999,6971.377517700195,4700,1,0.3062499999999999,13563.825256347656,3007,3007,3007,3007,3007,3007,3007,3007,3007,3007,3007,3007,4690,4691,3007,3007,3007,4690,3007,3007,3007,3007,3007,4690,100,0,0,0,5,14.285715103149414,4.761904716491699,10,0,5.263157844543457,0,0,10,0,0,0,0,5.263157844543457,0,90.47618865966797,0,0,0,0,66481098752,12884893696,1720537088,0
99,1780596658689,57693.646072387695,4700,1,0.30000000000000004,6936.333465576172,4700,1,0.30000000000000004,6799.461532592773,4700,1,0.30000000000000004,12196.943634033203,4700,1,0.30000000000000004,45777.167907714844,4700,1,0.30000000000000004,37929.257385253906,4700,1,0.30000000000000004,47148.44549560547,4700,1,0.30000000000000004,29901.18911743164,4700,1,0.30000000000000004,7273.648529052734,4700,1,0.30000000000000004,7162.725570678711,4700,1,0.30000000000000004,6753.520278930664,4700,1,0.30000000000000004,6971.381149291992,4700,1,0.30000000000000004,13569.278289794922,3007,3007,3007,3007,3007,3007,3007,3007,3007,3007,3007,3007,4690,4691,3007,3007,3007,4690,3007,3007,3007,3007,3007,4690,100,0,0,0,5,14.285715103149414,4.761904716491699,10,0,5.263157844543457,0,0,10,0,0,0,0,5.263157844543457,0,90.47618865966797,0,0,0,0,66481098752,12884893696,1706688512,0
99,1780596658789,57694.40103149414,4700,1,0.3062499999999999,6936.336654663086,4700,1,0.3062499999999999,6799.479721069336,4700,1,0.3062499999999999,12197.083312988281,4700,1,0.3062499999999999,45777.42512512207,4700,1,0.3062499999999999,37929.36544799805,4700,1,0.3062499999999999,47148.78495788574,4700,1,0.3062499999999999,29902.054656982422,4700,1,0.3062499999999999,7273.651672363281,4700,1,0.3062499999999999,7162.728652954102,4700,1,0.3062499999999999,6753.523361206055,4700,1,0.3062499999999999,6971.384231567383,4700,1,0.3062499999999999,13574.786926269531,3007,3007,3007,3007,3007,3007,3007,3007,3007,3007,3007,3007,4690,4691,3007,3007,3007,4690,3007,3007,3007,3007,3007,4690,100,0,0,0,0,5,0,13.636363983154297,10.526315689086914,13.636363983154297,0,0,0,0,0,0,0,14.285715103149414,15.000000953674316,100,0,0,0,0,66481098752,12884893696,1709273088,0
99,1780596658889,57695.15316772461,4700,1,0.3062499999999999,6936.339736938477,4700,1,0.3062499999999999,6799.482864379883,4700,1,0.3062499999999999,12197.220825195313,4700,1,0.3062499999999999,45777.68130493164,4700,1,0.3062499999999999,37929.37194824219,4700,1,0.3062499999999999,47149.167907714844,4700,1,0.3062499999999999,29902.921478271484,4700,1,0.3062499999999999,7273.65478515625,4700,1,0.3062499999999999,7162.731735229492,4700,1,0.3062499999999999,6753.526443481445,4700,1,0.3062499999999999,6971.387390136719,4700,1,0.3062499999999999,13580.217391967773,3007,3007,3007,3007,3007,3007,3007,3007,3007,3007,3007,3007,4690,4691,3007,3007,3007,4690,3007,3007,3007,3007,3007,4690,100,0,0,0,0,5,0,13.636363983154297,10.526315689086914,13.636363983154297,0,0,0,0,0,0,0,14.285715103149414,15.000000953674316,100,0,0,0,0,66481098752,12884893696,1711886336,0
99,1780596658989,57695.908111572266,4700,1,0.30000000000000004,6936.342819213867,4700,1,0.3062499999999999,6799.485946655273,4700,1,0.3062499999999999,12197.36196899414,4700,1,0.30000000000000004,45777.948181152344,4700,1,0.3062499999999999,37929.37739562988,4700,1,0.3062499999999999,47149.54495239258,4700,1,0.3062499999999999,29903.783889770508,4700,1,0.3062499999999999,7273.657867431641,4700,1,0.3062499999999999,7162.734817504883,4700,1,0.3062499999999999,6753.529525756836,4700,1,0.3062499999999999,6971.390472412109,4700,1,0.3062499999999999,13585.605438232422,3007,3007,3007,3007,3007,3007,3007,3007,3007,3007,3007,3007,4690,4691,3007,3007,3007,4690,3007,3007,3007,3007,3007,4690,95,0,0,0,0,0,0,0,25,5.263157844543457,0,0,0,0,0,0,0,0,28.571430206298828,100,0,0,0,0,66481098752,12884893696,1714503680,0
99,1780596659089,57696.661041259766,4700,1,0.3062499999999999,6936.345901489258,4700,1,0.3062499999999999,6799.48908996582,4700,1,0.3062499999999999,12197.412017822266,4700,1,0.3062499999999999,45778.226303100586,4700,1,0.3062499999999999,37929.57443237305,4700,1,0.3062499999999999,47149.876556396484,4700,1,0.3062499999999999,29904.646530151367,4700,1,0.3062499999999999,7273.661041259766,4700,1,0.3062499999999999,7162.737899780273,4700,1,0.3062499999999999,6753.532608032227,4700,1,0.3062499999999999,6971.393630981445,4700,1,0.3062499999999999,13591.195175170898,3007,3007,3007,3007,3007,3007,3007,3007,3007,3007,3007,3007,4690,4691,3007,3007,3007,4690,3007,3007,3007,3007,3007,4690,95,0,0,0,0,0,0,0,25,5.263157844543457,0,0,0,0,0,0,0,0,28.571430206298828,100,0,0,0,0,66481098752,12884893696,1713860608,0
99,1780596659189,57697.408920288086,4700,1,0.3062499999999999,6936.349060058594,4700,1,0.3062499999999999,6799.495361328125,4700,1,0.3062499999999999,12197.562210083008,4700,1,0.3062499999999999,45778.507553100586,4700,1,0.3062499999999999,37929.84265136719,4700,1,0.3062499999999999,47150.09794616699,4700,1,0.3062499999999999,29905.505920410156,4700,1,0.3062499999999999,7273.664215087891,4700,1,0.3062499999999999,7162.740982055664,4700,1,0.3062499999999999,6753.535690307617,4700,1,0.3062499999999999,6971.396713256836,4700,1,0.3062499999999999,13596.84016418457,3007,3007,3007,3007,3007,3007,3007,3007,3007,3007,3007,3007,4690,4691,3007,3007,3007,4690,3007,3007,3007,3007,3007,4690,94.73684692382813,4.761904716491699,0,0,0,5,0,0,14.285715103149414,0,0,0,9.523809432983398,0,0,0,0,10.526315689086914,5.555555820465088,100,0,0,0,0,66481098752,12884893696,1716363264,0
99,1780596659289,57698.162017822266,4700,1,0.30000000000000004,6936.352310180664,4700,1,0.30000000000000004,6799.499099731445,4700,1,0.30000000000000004,12197.788146972656,4700,1,0.30000000000000004,45778.78401184082,4700,1,0.30000000000000004,37930.05615234375,4700,1,0.30000000000000004,47150.35902404785,4700,1,0.30000000000000004,29906.36167907715,4700,1,0.30000000000000004,7273.667327880859,4700,1,0.30000000000000004,7162.744033813477,4700,1,0.30000000000000004,6753.53874206543,4700,1,0.30000000000000004,6971.399795532227,4700,1,0.30000000000000004,13602.45783996582,3007,3007,3007,3007,3007,3007,3007,3007,3007,3007,3007,3007,4690,4691,3007,3007,3007,4690,3007,3007,3007,3007,3007,4690,94.73684692382813,4.761904716491699,0,0,0,5,0,0,14.285715103149414,0,0,0,9.523809432983398,0,0,0,0,10.526315689086914,5.555555820465088,100,0,0,0,0,66481098752,12884893696,1718030336,0
99,1780596659389,57698.91688537598,4700,1,0.30000000000000004,6936.355361938477,4700,1,0.30000000000000004,6799.502212524414,4700,1,0.30000000000000004,12197.901306152344,4700,1,0.30000000000000004,45779.10188293457,4700,1,0.30000000000000004,37930.23065185547,4700,1,0.30000000000000004,47150.637466430664,4700,1,0.30000000000000004,29907.228729248047,4700,1,0.30000000000000004,7273.670425415039,4700,1,0.30000000000000004,7162.747131347656,4700,1,0.30000000000000004,6753.54182434082,4700,1,0.30000000000000004,6971.4029541015625,4700,1,0.30000000000000004,13607.980255126953,3007,3007,3007,3007,3007,3007,3007,3007,3007,3007,3007,3007,4690,4691,3007,3007,3007,4690,3007,3007,3007,3007,3007,4690,100,0,0,0,0,5.263157844543457,5,0,0,5.263157844543457,0,0,0,0,0,0,0,10,21.052631378173828,100,0,0,0,0,66481098752,12884893696,1719037952,0
99,1780596659489,57699.67509460449,4700,1,0.30000000000000004,6936.358444213867,4700,1,0.30000000000000004,6799.505294799805,4700,1,0.30000000000000004,12197.921112060547,4700,1,0.30000000000000004,45779.43701171875,4700,1,0.30000000000000004,37930.47901916504,4700,1,0.30000000000000004,47150.884201049805,4700,1,0.30000000000000004,29908.093673706055,4700,1,0.30000000000000004,7273.67350769043,4700,1,0.30000000000000004,7162.750213623047,4700,1,0.30000000000000004,6753.544906616211,4700,1,0.30000000000000004,6971.406051635742,4700,1,0.30000000000000004,13613.547119140625,3007,3007,3007,3007,3007,3007,3007,3007,3007,3007,3007,3007,4690,4691,3007,3007,3007,4690,3007,3007,3007,3007,3007,4690,100,0,0,0,0,5.263157844543457,5,0,0,5.263157844543457,0,0,0,0,0,0,0,10,21.052631378173828,100,0,0,0,0,66481098752,12884893696,1721077760,0
99,1780596659589,57700.425354003906,4700,1,0.3062499999999999,6936.361633300781,4700,1,0.3062499999999999,6799.513717651367,4700,1,0.3062499999999999,12197.966506958008,4700,1,0.3062499999999999,45779.77214050293,4700,1,0.3062499999999999,37930.69975280762,4700,1,0.3062499999999999,47151.13819885254,4700,1,0.3062499999999999,29908.965377807617,4700,1,0.3062499999999999,7273.67658996582,4700,1,0.3062499999999999,7162.753341674805,4700,1,0.3062499999999999,6753.547988891602,4700,1,0.3062499999999999,6971.409225463867,4700,1,0.3062499999999999,13619.092346191406,3007,3007,3007,3007,3007,3007,3007,3007,3007,3007,3007,3007,4690,4691,3007,3007,3007,4690,3007,3007,3007,3007,3007,4690,95,5,0,0,0,0,15.000000953674316,0,0,5,0,0,0,0,0,0,0,5.555555820465088,15.000000953674316,100,0,0,0,0,66481098752,12884893696,1724477440,0
99,1780596659689,57701.1925201416,4700,1,0.3062499999999999,6936.36474609375,4700,1,0.3062499999999999,6799.524841308594,4700,1,0.3062499999999999,12198.18051147461,4700,1,0.3062499999999999,45780.11561584473,4700,1,0.3062499999999999,37930.83851623535,4700,1,0.3062499999999999,47151.39521789551,4700,1,0.3062499999999999,29909.812408447266,4700,1,0.3062499999999999,7273.679702758789,4700,1,0.3062499999999999,7162.7564697265625,4700,1,0.3062499999999999,6753.551132202148,4700,1,0.3062499999999999,6971.412368774414,4700,1,0.3062499999999999,13624.632354736328,3007,3007,3007,3007,3007,3007,3007,3007,3007,3007,3007,3007,4690,4691,3007,3007,3007,4690,3007,3007,3007,3007,3007,4690,95,5,0,0,0,0,15.000000953674316,0,0,5,0,0,0,0,0,0,0,5.555555820465088,15.000000953674316,100,0,0,0,0,66481098752,12884893696,1717141504,0
99,1780596659790,57701.95616149902,4700,1,0.30000000000000004,6936.367828369141,4700,1,0.3062499999999999,6799.527923583984,4700,1,0.3062499999999999,12198.408966064453,4700,1,0.30000000000000004,45780.43081665039,4700,1,0.30000000000000004,37931.02145385742,4700,1,0.30000000000000004,47151.64065551758,4700,1,0.30000000000000004,29910.664306640625,4700,1,0.30000000000000004,7273.68278503418,4700,1,0.3062499999999999,7162.759552001953,4700,1,0.3062499999999999,6753.554214477539,4700,1,0.3062499999999999,6971.415451049805,4700,1,0.3062499999999999,13630.29458618164,3007,3007,3007,3007,3007,3007,3007,3007,3007,3007,3007,3007,4690,4691,3007,3007,3007,4690,3007,3007,3007,3007,3007,4690,100,5.263157844543457,0,0,0,0,14.285715103149414,0,0,0,0,0,5.263157844543457,0,0,0,0,4.761904716491699,11.111111640930176,100,0,0,0,0,66481098752,12884893696,1719611392,0
99,1780596659890,57702.7032623291,4700,1,0.30000000000000004,6936.370941162109,4700,1,0.30000000000000004,6799.531066894531,4700,1,0.30000000000000004,12198.430068969727,4700,1,0.30000000000000004,45780.66390991211,4700,1,0.30000000000000004,37931.38363647461,4700,1,0.30000000000000004,47151.869705200195,4700,1,0.30000000000000004,29911.535430908203,4700,1,0.30000000000000004,7273.68586730957,4700,1,0.30000000000000004,7162.762634277344,4700,1,0.30000000000000004,6753.55729675293,4700,1,0.30000000000000004,6971.418609619141,4700,1,0.30000000000000004,13635.846420288086,3007,3007,3007,3007,3007,3007,3007,3007,3007,3007,3007,3007,4690,4691,3007,3007,3007,4690,3007,3007,3007,3007,3007,4690,100,5.263157844543457,0,0,0,0,14.285715103149414,0,0,0,0,0,5.263157844543457,0,0,0,0,4.761904716491699,11.111111640930176,100,0,0,0,0,66481098752,12884893696,1720913920,0
99,1780596659990,57703.46221923828,4700,1,0.30000000000000004,6936.374084472656,4700,1,0.30000000000000004,6799.53840637207,4700,1,0.30000000000000004,12198.452011108398,4700,1,0.30000000000000004,45781.02876281738,4700,1,0.30000000000000004,37931.64956665039,4700,1,0.30000000000000004,47152.03887939453,4700,1,0.30000000000000004,29912.396942138672,4700,1,0.30000000000000004,7273.688919067383,4700,1,0.30000000000000004,7162.765716552734,4700,1,0.30000000000000004,6753.56037902832,4700,1,0.30000000000000004,6971.421722412109,4700,1,0.30000000000000004,13641.380996704102,3007,3007,3007,3007,3007,3007,3007,3007,3007,3007,3007,3007,4690,4691,3007,3007,3007,4690,3007,3007,3007,3007,3007,4690,95,0,0,0,0,0,11.111111640930176,10,0,5.263157844543457,0,0,10,0,0,0,0,5.263157844543457,10,100,0,0,0,0,66481098752,12884893696,1720418304,0
99,1780596660090,57704.22317504883,4700,1,0.3062499999999999,6936.377166748047,4700,1,0.3062499999999999,6799.541549682617,4700,1,0.3062499999999999,12198.480880737305,4700,1,0.3062499999999999,45781.39855957031,4700,1,0.3062499999999999,37931.9186706543,4700,1,0.3062499999999999,47152.200119018555,4700,1,0.3062499999999999,29913.26171875,4700,1,0.3062499999999999,7273.692047119141,4700,1,0.3062499999999999,7162.768768310547,4700,1,0.3062499999999999,6753.563430786133,4700,1,0.3062499999999999,6971.424850463867,4700,1,0.3062499999999999,13646.914520263672,3007,3007,3007,3007,3007,3007,3007,3007,3007,3007,3007,3007,4690,4691,3007,3007,3007,4690,3007,3007,3007,3007,3007,4690,95,0,0,0,0,0,11.111111640930176,10,0,5.263157844543457,0,0,10,0,0,0,0,5.263157844543457,10,100,0,0,0,0,66481098752,12884893696,1723031552,0
99,1780596660190,57704.994079589844,4700,1,0.3062499999999999,6936.380218505859,4700,1,0.3062499999999999,6799.54460144043,4700,1,0.3062499999999999,12198.705307006836,4700,1,0.3062499999999999,45781.71049499512,4700,1,0.3062499999999999,37932.18370056152,4700,1,0.3062499999999999,47152.425552368164,4700,1,0.3062499999999999,29914.10887145996,4700,1,0.3062499999999999,7273.695220947266,4700,1,0.3062499999999999,7162.7718505859375,4700,1,0.3062499999999999,6753.566513061523,4700,1,0.3062499999999999,6971.427932739258,4700,1,0.3062499999999999,13652.519226074219,3007,3007,3007,3007,3007,3007,3007,3007,3007,3007,3007,3007,4690,4691,3007,3007,3007,4690,3007,3007,3007,3007,3007,4690,100,0,0,0,0,9.523809432983398,15.000000953674316,5,0,4.761904716491699,0,0,5.555555820465088,0,0,0,0,5.263157844543457,10,100,0,0,0,0,66481098752,12884893696,1721647104,0
99,1780596660290,57705.76416015625,4700,1,0.3062499999999999,6936.38346862793,4700,1,0.3062499999999999,6799.5494384765625,4700,1,0.3062499999999999,12198.961029052734,4700,1,0.3062499999999999,45782.00468444824,4700,1,0.3062499999999999,37932.34700012207,4700,1,0.3062499999999999,47152.59194946289,4700,1,0.3062499999999999,29914.97329711914,4700,1,0.3062499999999999,7273.698333740234,4700,1,0.3062499999999999,7162.774963378906,4700,1,0.3062499999999999,6753.569595336914,4700,1,0.3062499999999999,6971.431076049805,4700,1,0.3062499999999999,13658.079635620117,3007,3007,3007,3007,3007,3007,3007,3007,3007,3007,3007,3007,4690,4691,3007,3007,3007,4690,3007,3007,3007,3007,3007,4690,100,0,0,0,0,9.523809432983398,15.000000953674316,5,0,4.761904716491699,0,0,5.555555820465088,0,0,0,0,5.263157844543457,10,100,0,0,0,0,66481098752,12884893696,1719767040,0
99,1780596660390,57706.532302856445,4700,1,0.3062499999999999,6936.386611938477,4700,1,0.3062499999999999,6799.552642822266,4700,1,0.3062499999999999,12199.201049804688,4700,1,0.3062499999999999,45782.2698059082,4700,1,0.3062499999999999,37932.6413269043,4700,1,0.3062499999999999,47152.73765563965,4700,1,0.3062499999999999,29915.82048034668,4700,1,0.3062499999999999,7273.701446533203,4700,1,0.3062499999999999,7162.778045654297,4700,1,0.3062499999999999,6753.572677612305,4700,1,0.3062499999999999,6971.434219360352,4700,1,0.3062499999999999,13663.664794921875,3007,3007,3007,3007,3007,3007,3007,3007,3007,3007,3007,3007,4690,4691,3007,3007,3007,4690,3007,3007,3007,3007,3007,4690,100,0,0,0,0,0,10.526315689086914,5,0,5,0,0,5.263157844543457,0,0,0,0,10,0,100,0,0,0,0,66481098752,12884893696,1722761216,0
99,1780596660490,57707.29930114746,4700,1,0.3062499999999999,6936.389694213867,4700,1,0.3062499999999999,6799.555725097656,4700,1,0.3062499999999999,12199.291885375977,4700,1,0.3062499999999999,45782.54014587402,4700,1,0.3062499999999999,37932.90483093262,4700,1,0.3062499999999999,47152.98731994629,4700,1,0.3062499999999999,29916.666900634766,4700,1,0.3062499999999999,7273.704528808594,4700,1,0.3062499999999999,7162.7811279296875,4700,1,0.3062499999999999,6753.575759887695,4700,1,0.3062499999999999,6971.437301635742,4700,1,0.3062499999999999,13669.310562133789,3007,3007,3007,3007,3007,3007,3007,3007,3007,3007,3007,3007,4690,4691,3007,3007,3007,4690,3007,3007,3007,3007,3007,4690,100,0,0,0,0,0,10.526315689086914,5,0,5,0,0,5.263157844543457,0,0,0,0,10,0,100,0,0,0,0,66481098752,12884893696,1721020416,0
99,1780596660590,57708.06037902832,4700,1,0.30000000000000004,6936.392776489258,4700,1,0.30000000000000004,6799.558868408203,4700,1,0.3062499999999999,12199.58837890625,4700,1,0.30000000000000004,45782.80226135254,4700,1,0.30000000000000004,37932.93849182129,4700,1,0.30000000000000004,47153.2737121582,4700,1,0.30000000000000004,29917.51136779785,4700,1,0.30000000000000004,7273.707611083984,4700,1,0.30000000000000004,7162.784240722656,4700,1,0.30000000000000004,6753.578842163086,4700,1,0.30000000000000004,6971.440460205078,4700,1,0.30000000000000004,13674.807495117188,3007,3007,3007,3007,3007,3007,3007,3007,3007,3007,3007,3007,4690,4691,3007,3007,3007,4690,3007,3007,3007,3007,3007,4690,95.23809814453125,5.263157844543457,0,0,0,0,5.263157844543457,0,5,0,0,0,15.000000953674316,0,0,0,0,5.555555820465088,5.263157844543457,100,0,0,0,0,66481098752,12884893696,1721753600,0
99,1780596660690,57708.830017089844,4700,1,0.3062499999999999,6936.395858764648,4700,1,0.3062499999999999,6799.561950683594,4700,1,0.3062499999999999,12199.779769897461,4700,1,0.3062499999999999,45783.09210205078,4700,1,0.3062499999999999,37932.99462890625,4700,1,0.3062499999999999,47153.635482788086,4700,1,0.3062499999999999,29918.346923828125,4700,1,0.3062499999999999,7273.710662841797,4700,1,0.3062499999999999,7162.787292480469,4700,1,0.3062499999999999,6753.581893920898,4700,1,0.3062499999999999,6971.443542480469,4700,1,0.3062499999999999,13680.317489624023,3007,3007,3007,3007,3007,3007,3007,3007,3007,3007,3007,3007,4690,4691,3007,3007,3007,4690,3007,3007,3007,3007,3007,4690,95.23809814453125,5.263157844543457,0,0,0,0,5.263157844543457,0,5,0,0,0,15.000000953674316,0,0,0,0,5.555555820465088,5.263157844543457,100,0,0,0,0,66481098752,12884893696,1716031488,0
99,1780596660790,57709.58644104004,4700,1,0.30000000000000004,6936.399063110352,4700,1,0.30000000000000004,6799.567718505859,4700,1,0.30000000000000004,12200.037139892578,4700,1,0.30000000000000004,45783.34657287598,4700,1,0.30000000000000004,37933.23825073242,4700,1,0.30000000000000004,47153.879943847656,4700,1,0.30000000000000004,29919.207229614258,4700,1,0.30000000000000004,7273.713775634766,4700,1,0.30000000000000004,7162.790374755859,4700,1,0.30000000000000004,6753.584976196289,4700,1,0.30000000000000004,6971.446594238281,4700,1,0.30000000000000004,13685.954528808594,3007,3007,3007,3007,3007,3007,3007,3007,3007,3007,3007,3007,4690,4691,3007,3007,3007,4690,3007,3007,3007,3007,3007,4690,100,5,0,0,0,5,5,0,5.555555820465088,4.761904716491699,0,0,0,0,0,0,0,10,5.263157844543457,100,0,0,0,0,66481098752,12884893696,1714352128,0
99,1780596660890,57710.340255737305,4700,1,0.30000000000000004,6936.402145385742,4700,1,0.30000000000000004,6799.570861816406,4700,1,0.30000000000000004,12200.264724731445,4700,1,0.30000000000000004,45783.60954284668,4700,1,0.30000000000000004,37933.45295715332,4700,1,0.30000000000000004,47154.10514831543,4700,1,0.30000000000000004,29920.068267822266,4700,1,0.30000000000000004,7273.716857910156,4700,1,0.30000000000000004,7162.79345703125,4700,1,0.30000000000000004,6753.58805847168,4700,1,0.30000000000000004,6971.449737548828,4700,1,0.30000000000000004,13691.56314086914,3007,3007,3007,3007,3007,3007,3007,3007,3007,3007,3007,3007,4690,4691,3007,3007,3007,4690,3007,3007,3007,3007,3007,4690,100,5,0,0,0,5,5,0,5.555555820465088,4.761904716491699,0,0,0,0,0,0,0,10,5.263157844543457,100,0,0,0,0,66481098752,12884893696,1715687424,0
99,1780596660990,57711.09605407715,4700,1,0.3062499999999999,6936.405227661133,4700,1,0.3062499999999999,6799.573944091797,4700,1,0.3062499999999999,12200.516586303711,4700,1,0.3062499999999999,45783.97360229492,4700,1,0.3062499999999999,37933.643951416016,4700,1,0.3062499999999999,47154.1082611084,4700,1,0.3062499999999999,29920.928451538086,4700,1,0.3062499999999999,7273.719940185547,4700,1,0.3062499999999999,7162.796539306641,4700,1,0.3062499999999999,6753.59114074707,4700,1,0.3062499999999999,6971.452819824219,4700,1,0.3062499999999999,13697.062698364258,3007,3007,3007,3007,3007,3007,3007,3007,3007,3007,3007,3007,4690,4691,3007,3007,3007,4690,3007,3007,3007,3007,3007,4690,100,0,0,0,0,5.263157844543457,11.111111640930176,0,10,5.263157844543457,0,0,19.047618865966797,0,0,0,0,5.263157844543457,5,100,0,0,0,0,66481098752,12884893696,1717780480,0
99,1780596661090,57711.8564453125,4700,1,0.3062499999999999,6936.408386230469,4700,1,0.3062499999999999,6799.5771484375,4700,1,0.3062499999999999,12200.673355102539,4700,1,0.3062499999999999,45784.2077331543,4700,1,0.3062499999999999,37933.94960021973,4700,1,0.3062499999999999,47154.31326293945,4700,1,0.3062499999999999,29921.774520874023,4700,1,0.3062499999999999,7273.723052978516,4700,1,0.3062499999999999,7162.799621582031,4700,1,0.3062499999999999,6753.594223022461,4700,1,0.3062499999999999,6971.455978393555,4700,1,0.3062499999999999,13702.672897338867,3007,3007,3007,3007,3007,3007,3007,3007,3007,3007,3007,3007,4690,4691,3007,3007,3007,4690,3007,3007,3007,3007,3007,4690,100,0,0,0,0,5.263157844543457,11.111111640930176,0,10,5.263157844543457,0,0,19.047618865966797,0,0,0,0,5.263157844543457,5,100,0,0,0,0,66481098752,12884893696,1716011008,0
99,1780596661190,57712.61241149902,4700,1,0.3062499999999999,6936.411468505859,4700,1,0.3062499999999999,6799.580230712891,4700,1,0.3062499999999999,12200.912612915039,4700,1,0.3062499999999999,45784.4596862793,4700,1,0.3062499999999999,37934.20230102539,4700,1,0.3062499999999999,47154.5431060791,4700,1,0.3062499999999999,29922.633544921875,4700,1,0.3062499999999999,7273.726135253906,4700,1,0.3062499999999999,7162.802703857422,4700,1,0.3062499999999999,6753.597305297852,4700,1,0.3062499999999999,6971.459060668945,4700,1,0.3062499999999999,13708.288757324219,3007,3007,3007,3007,3007,3007,3007,3007,3007,3007,3007,3007,4690,4691,3007,3007,3007,4690,3007,3007,3007,3007,3007,4690,95.23809814453125,4.761904716491699,0,0,0,0,10.526315689086914,10.526315689086914,14.285715103149414,0,0,0,0,0,0,0,0,0,0,100,0,0,0,0,66481098752,12884893696,1714659328,0
99,1780596661290,57713.358978271484,4700,1,0.30000000000000004,6936.414764404297,4700,1,0.30000000000000004,6799.583435058594,4700,1,0.3062499999999999,12201.14697265625,4700,1,0.30000000000000004,45784.695571899414,4700,1,0.30000000000000004,37934.46871948242,4700,1,0.30000000000000004,47154.783142089844,4700,1,0.30000000000000004,29923.49639892578,4700,1,0.30000000000000004,7273.729309082031,4700,1,0.30000000000000004,7162.8057861328125,4700,1,0.30000000000000004,6753.600387573242,4700,1,0.30000000000000004,6971.462173461914,4700,1,0.30000000000000004,13713.872283935547,3007,3007,3007,3007,3007,3007,3007,3007,3007,3007,3007,3007,4690,4691,3007,3007,3007,4690,3007,3007,3007,3007,3007,4690,95.23809814453125,4.761904716491699,0,0,0,0,10.526315689086914,10.526315689086914,14.285715103149414,0,0,0,0,0,0,0,0,0,0,100,0,0,0,0,66481098752,12884893696,1715228672,0
99,1780596661390,57714.11122131348,4700,1,0.30000000000000004,6936.4178466796875,4700,1,0.30000000000000004,6799.586578369141,4700,1,0.3062499999999999,12201.207458496094,4700,1,0.30000000000000004,45785.023010253906,4700,1,0.30000000000000004,37934.73419189453,4700,1,0.30000000000000004,47155.00680541992,4700,1,0.30000000000000004,29924.36247253418,4700,1,0.30000000000000004,7273.732421875,4700,1,0.30000000000000004,7162.808868408203,4700,1,0.30000000000000004,6753.603469848633,4700,1,0.30000000000000004,6971.46533203125,4700,1,0.30000000000000004,13719.396102905273,3007,3007,3007,3007,3007,3007,3007,3007,3007,3007,3007,3007,4690,4691,3007,3007,3007,4690,3007,3007,3007,3007,3007,4690,100,5,0,0,0,0,5.555555820465088,19.047618865966797,15.000000953674316,5.263157844543457,0,0,0,0,0,0,0,0,0,100,0,0,0,0,66481098752,12884893696,1716502528,0
99,1780596661490,57714.86772155762,4700,1,0.30000000000000004,6936.420959472656,4700,1,0.30000000000000004,6799.589691162109,4700,1,0.30000000000000004,12201.288223266602,4700,1,0.30000000000000004,45785.409927368164,4700,1,0.30000000000000004,37934.97671508789,4700,1,0.30000000000000004,47155.16361999512,4700,1,0.30000000000000004,29925.217315673828,4700,1,0.30000000000000004,7273.7354736328125,4700,1,0.30000000000000004,7162.811920166016,4700,1,0.30000000000000004,6753.606521606445,4700,1,0.30000000000000004,6971.468414306641,4700,1,0.30000000000000004,13724.912338256836,3007,3007,3007,3007,3007,3007,3007,3007,3007,3007,3007,3007,4690,4691,3007,3007,3007,4690,3007,3007,3007,3007,3007,4690,100,5,0,0,0,0,5.555555820465088,19.047618865966797,15.000000953674316,5.263157844543457,0,0,0,0,0,0,0,0,0,100,0,0,0,0,66481098752,12884893696,1720815616,0
99,1780596661591,57715.628845214844,4700,1,0.30000000000000004,6936.424041748047,4700,1,0.30000000000000004,6799.592849731445,4700,1,0.30000000000000004,12201.493438720703,4700,1,0.30000000000000004,45785.54626464844,4700,1,0.30000000000000004,37935.26167297363,4700,1,0.30000000000000004,47155.382904052734,4700,1,0.30000000000000004,29926.085083007813,4700,1,0.30000000000000004,7273.738586425781,4700,1,0.30000000000000004,7162.8150634765625,4700,1,0.30000000000000004,6753.609603881836,4700,1,0.30000000000000004,6971.4715576171875,4700,1,0.30000000000000004,13730.403762817383,3007,3007,3007,3007,3007,3007,3007,3007,3007,3007,3007,3007,4690,4691,3007,3007,3007,4690,3007,3007,3007,3007,3007,4690,100,0,0,0,9.090909004211426,0,10.526315689086914,10.526315689086914,5,5,0,0,0,0,0,0,0,10,0,100,0,0,0,0,66481098752,12884893696,1716350976,0
99,1780596661691,57716.38478088379,4700,1,0.3062499999999999,6936.4271240234375,4700,1,0.3062499999999999,6799.59635925293,4700,1,0.3062499999999999,12201.741180419922,4700,1,0.3062499999999999,45785.5506439209,4700,1,0.3062499999999999,37935.48915100098,4700,1,0.3062499999999999,47155.71517944336,4700,1,0.3062499999999999,29926.94920349121,4700,1,0.3062499999999999,7273.741668701172,4700,1,0.3062499999999999,7162.818145751953,4700,1,0.3062499999999999,6753.612686157227,4700,1,0.3062499999999999,6971.474670410156,4700,1,0.3062499999999999,13735.868942260742,3007,3007,3007,3007,3007,3007,3007,3007,3007,3007,3007,3007,4690,4691,3007,3007,3007,4690,3007,3007,3007,3007,3007,4690,100,0,0,0,9.090909004211426,0,10.526315689086914,10.526315689086914,5,5,0,0,0,0,0,0,0,10,0,100,0,0,0,0,66481098752,12884893696,1710264320,0
99,1780596661791,57717.138107299805,4700,1,0.3062499999999999,6936.430206298828,4700,1,0.3062499999999999,6799.59944152832,4700,1,0.3062499999999999,12201.991165161133,4700,1,0.3062499999999999,45785.55618286133,4700,1,0.3062499999999999,37935.78965759277,4700,1,0.3062499999999999,47155.947494506836,4700,1,0.3062499999999999,29927.819259643555,4700,1,0.3062499999999999,7273.7447509765625,4700,1,0.3062499999999999,7162.821228027344,4700,1,0.3062499999999999,6753.615768432617,4700,1,0.3062499999999999,6971.477752685547,4700,1,0.3062499999999999,13741.269805908203,3007,3007,3007,3007,3007,3007,3007,3007,3007,3007,3007,3007,4690,4691,3007,3007,3007,4690,3007,3007,3007,3007,3007,4690,94.44444274902344,5,0,0,0,0,0,10.526315689086914,5.555555820465088,5.263157844543457,0,0,0,0,0,0,0,9.523809432983398,10,100,0,0,0,0,66481098752,12884893696,1710391296,0
99,1780596661891,57717.88896179199,4700,1,0.30000000000000004,6936.433364868164,4700,1,0.3062499999999999,6799.602645874023,4700,1,0.3062499999999999,12202.088241577148,4700,1,0.3062499999999999,45785.72850036621,4700,1,0.3062499999999999,37936.05880737305,4700,1,0.3062499999999999,47156.22132873535,4700,1,0.3062499999999999,29928.685302734375,4700,1,0.3062499999999999,7273.74787902832,4700,1,0.3062499999999999,7162.824325561523,4700,1,0.3062499999999999,6753.618850708008,4700,1,0.3062499999999999,6971.480926513672,4700,1,0.3062499999999999,13746.761276245117,3007,3007,3007,3007,3007,3007,3007,3007,3007,3007,3007,3007,4690,4691,3007,3007,3007,4690,3007,3007,3007,3007,3007,4690,94.44444274902344,5,0,0,0,0,0,10.526315689086914,5.555555820465088,5.263157844543457,0,0,0,0,0,0,0,9.523809432983398,10,100,0,0,0,0,66481098752,12884893696,1709989888,0
99,1780596661991,57718.64343261719,4700,1,0.30000000000000004,6936.436447143555,4700,1,0.3062499999999999,6799.605728149414,4700,1,0.3062499999999999,12202.093002319336,4700,1,0.30000000000000004,45785.98164367676,4700,1,0.30000000000000004,37936.23062133789,4700,1,0.30000000000000004,47156.60208129883,4700,1,0.30000000000000004,29929.54786682129,4700,1,0.30000000000000004,7273.750961303711,4700,1,0.30000000000000004,7162.827407836914,4700,1,0.30000000000000004,6753.621932983398,4700,1,0.30000000000000004,6971.4840087890625,4700,1,0.3062499999999999,13752.298141479492,3007,3007,3007,3007,3007,3007,3007,3007,3007,3007,3007,3007,4690,4691,3007,3007,3007,4690,3007,3007,3007,3007,3007,4690,100,0,0,0,0,0,0,9.523809432983398,15.789472579956055,5,0,0,0,0,0,0,0,5.263157844543457,20,100,0,0,0,0,66481098752,12884893696,1709559808,0
99,1780596662091,57719.39106750488,4700,1,0.30000000000000004,6936.439529418945,4700,1,0.3062499999999999,6799.608932495117,4700,1,0.3062499999999999,12202.097793579102,4700,1,0.30000000000000004,45786.26249694824,4700,1,0.30000000000000004,37936.43487548828,4700,1,0.30000000000000004,47156.93019104004,4700,1,0.30000000000000004,29930.409591674805,4700,1,0.30000000000000004,7273.754043579102,4700,1,0.30000000000000004,7162.830490112305,4700,1,0.30000000000000004,6753.625015258789,4700,1,0.30000000000000004,6971.487167358398,4700,1,0.30000000000000004,13757.80973815918,3007,3007,3007,3007,3007,3007,3007,3007,3007,3007,3007,3007,4690,4691,3007,3007,3007,4690,3007,3007,3007,3007,3007,4690,100,0,0,0,0,0,0,9.523809432983398,15.789472579956055,5,0,0,0,0,0,0,0,5.263157844543457,20,100,0,0,0,0,66481098752,12884893696,1710960640,0
99,1780596662191,57720.14700317383,4700,1,0.30000000000000004,6936.442611694336,4700,1,0.30000000000000004,6799.612014770508,4700,1,0.30000000000000004,12202.102478027344,4700,1,0.30000000000000004,45786.614837646484,4700,1,0.30000000000000004,37936.72465515137,4700,1,0.30000000000000004,47157.10676574707,4700,1,0.30000000000000004,29931.273635864258,4700,1,0.30000000000000004,7273.757186889648,4700,1,0.30000000000000004,7162.833572387695,4700,1,0.30000000000000004,6753.62809753418,4700,1,0.30000000000000004,6971.490249633789,4700,1,0.30000000000000004,13763.387161254883,3007,3007,3007,3007,3007,3007,3007,3007,3007,3007,3007,3007,4690,4691,3007,3007,3007,4690,3007,3007,3007,3007,3007,4690,95.23809814453125,0,0,0,0,0,14.285715103149414,15.000000953674316,10,0,0,0,5,0,0,0,0,0,14.285715103149414,100,0,0,0,0,66481098752,12884893696,1713180672,0
99,1780596662291,57720.90431213379,4700,1,0.3062499999999999,6936.445999145508,4700,1,0.3062499999999999,6799.6153564453125,4700,1,0.3062499999999999,12202.108810424805,4700,1,0.3062499999999999,45786.94519042969,4700,1,0.3062499999999999,37936.9958190918,4700,1,0.3062499999999999,47157.343200683594,4700,1,0.3062499999999999,29932.125869750977,4700,1,0.3062499999999999,7273.760406494141,4700,1,0.3062499999999999,7162.836715698242,4700,1,0.3062499999999999,6753.631240844727,4700,1,0.3062499999999999,6971.49348449707,4700,1,0.3062499999999999,13768.876007080078,3007,3007,3007,3007,3007,3007,3007,3007,3007,3007,3007,3007,4690,4691,3007,3007,3007,4690,3007,3007,3007,3007,3007,4690,95.23809814453125,0,0,0,0,0,14.285715103149414,15.000000953674316,10,0,0,0,5,0,0,0,0,0,14.285715103149414,100,0,0,0,0,66481098752,12884893696,1707888640,0
99,1780596662391,57721.65939331055,4700,1,0.3062499999999999,6936.449081420898,4700,1,0.3062499999999999,6799.618515014648,4700,1,0.3062499999999999,12202.11344909668,4700,1,0.3062499999999999,45787.306091308594,4700,1,0.3062499999999999,37937.236724853516,4700,1,0.3062499999999999,47157.5818939209,4700,1,0.3062499999999999,29932.984741210938,4700,1,0.3062499999999999,7273.763488769531,4700,1,0.3062499999999999,7162.83984375,4700,1,0.3062499999999999,6753.634353637695,4700,1,0.3062499999999999,6971.496643066406,4700,1,0.3062499999999999,13774.497009277344,3007,3007,3007,3007,3007,3007,3007,3007,3007,3007,3007,3007,4690,4691,3007,3007,3007,4690,3007,3007,3007,3007,3007,4690,100,0,0,0,0,0,0,15.000000953674316,0,5,0,0,0,0,0,0,0,0,15.000000953674316,100,0,0,0,0,66481098752,12884893696,1709965312,0
99,1780596662491,57722.4158782959,4700,1,0.3062499999999999,6936.452163696289,4700,1,0.3062499999999999,6799.621597290039,4700,1,0.3062499999999999,12202.118179321289,4700,1,0.3062499999999999,45787.665771484375,4700,1,0.3062499999999999,37937.492904663086,4700,1,0.3062499999999999,47157.794189453125,4700,1,0.3062499999999999,29933.84454345703,4700,1,0.3062499999999999,7273.766571044922,4700,1,0.3062499999999999,7162.842926025391,4700,1,0.3062499999999999,6753.637435913086,4700,1,0.3062499999999999,6971.499725341797,4700,1,0.3062499999999999,13780.130569458008,3007,3007,3007,3007,3007,3007,3007,3007,3007,3007,3007,3007,4690,4691,3007,3007,3007,4690,3007,3007,3007,3007,3007,4690,100,0,0,0,0,0,0,15.000000953674316,0,5,0,0,0,0,0,0,0,0,15.000000953674316,100,0,0,0,0,66481098752,12884893696,1711173632,0
99,1780596662591,57723.17465209961,4700,1,0.3062499999999999,6936.455413818359,4700,1,0.3062499999999999,6799.62483215332,4700,1,0.3062499999999999,12202.12287902832,4700,1,0.3062499999999999,45788.024185180664,4700,1,0.3062499999999999,37937.758377075195,4700,1,0.3062499999999999,47158.01072692871,4700,1,0.3062499999999999,29934.706436157227,4700,1,0.3062499999999999,7273.769729614258,4700,1,0.3062499999999999,7162.846130371094,4700,1,0.3062499999999999,6753.640609741211,4700,1,0.3062499999999999,6971.503021240234,4700,1,0.3062499999999999,13785.712692260742,3007,3007,3007,3007,3007,3007,3007,3007,3007,3007,3007,3007,4690,4691,3007,3007,3007,4690,3007,3007,3007,3007,3007,4690,95.45454406738281,0,0,0,0,0,16.666667938232422,20,0,0,0,0,0,0,0,0,0,4.761904716491699,10.526315689086914,100,0,0,0,0,66481098752,12884893696,1711521792,0
99,1780596662691,57723.935638427734,4700,1,0.3062499999999999,6936.458602905273,4700,1,0.3062499999999999,6799.628005981445,4700,1,0.3062499999999999,12202.348220825195,4700,1,0.3062499999999999,45788.38627624512,4700,1,0.3062499999999999,37937.88528442383,4700,1,0.3062499999999999,47158.17529296875,4700,1,0.3062499999999999,29935.568145751953,4700,1,0.3062499999999999,7273.772888183594,4700,1,0.3062499999999999,7162.849212646484,4700,1,0.3062499999999999,6753.643692016602,4700,1,0.3062499999999999,6971.506164550781,4700,1,0.3062499999999999,13791.247024536133,3007,3007,3007,3007,3007,3007,3007,3007,3007,3007,3007,3007,4690,4691,3007,3007,3007,4690,3007,3007,3007,3007,3007,4690,95.45454406738281,0,0,0,0,0,16.666667938232422,20,0,0,0,0,0,0,0,0,0,4.761904716491699,10.526315689086914,100,0,0,0,0,66481098752,12884893696,1704325120,0
99,1780596662791,57724.68705749512,4700,1,0.30000000000000004,6936.461685180664,4700,1,0.30000000000000004,6799.6312255859375,4700,1,0.30000000000000004,12202.449249267578,4700,1,0.30000000000000004,45788.686782836914,4700,1,0.30000000000000004,37937.976013183594,4700,1,0.30000000000000004,47158.50112915039,4700,1,0.30000000000000004,29936.432357788086,4700,1,0.30000000000000004,7273.775970458984,4700,1,0.30000000000000004,7162.852294921875,4700,1,0.30000000000000004,6753.646774291992,4700,1,0.30000000000000004,6971.509246826172,4700,1,0.30000000000000004,13796.720794677734,3007,3007,3007,3007,3007,3007,3007,3007,3007,3007,3007,3007,4690,4691,3007,3007,3007,4690,3007,3007,3007,3007,3007,4690,100,0,0,0,0,5.263157844543457,18.18181800842285,0,10.526315689086914,9.523809432983398,0,0,5,0,0,0,0,0,5,100,0,0,0,0,66481098752,12884893696,1704894464,0
99,1780596662891,57725.443283081055,4700,1,0.30000000000000004,6936.464767456055,4700,1,0.30000000000000004,6799.634368896484,4700,1,0.30000000000000004,12202.525085449219,4700,1,0.30000000000000004,45788.988204956055,4700,1,0.30000000000000004,37938.228591918945,4700,1,0.30000000000000004,47158.63217163086,4700,1,0.30000000000000004,29937.29232788086,4700,1,0.30000000000000004,7273.779022216797,4700,1,0.30000000000000004,7162.8553466796875,4700,1,0.30000000000000004,6753.649871826172,4700,1,0.30000000000000004,6971.512420654297,4700,1,0.30000000000000004,13802.189086914063,3007,3007,3007,3007,3007,3007,3007,3007,3007,3007,3007,3007,4690,4691,3007,3007,3007,4690,3007,3007,3007,3007,3007,4690,100,0,0,0,0,5.263157844543457,18.18181800842285,0,10.526315689086914,9.523809432983398,0,0,5,0,0,0,0,0,5,100,0,0,0,0,66481098752,12884893696,1707343872,0
99,1780596662991,57726.20024108887,4700,1,0.3062499999999999,6936.467819213867,4700,1,0.3062499999999999,6799.637420654297,4700,1,0.3062499999999999,12202.545593261719,4700,1,0.3062499999999999,45789.3401184082,4700,1,0.3062499999999999,37938.49354553223,4700,1,0.3062499999999999,47158.85502624512,4700,1,0.3062499999999999,29938.15899658203,4700,1,0.3062499999999999,7273.7821044921875,4700,1,0.3062499999999999,7162.858428955078,4700,1,0.3062499999999999,6753.6529541015625,4700,1,0.3062499999999999,6971.515472412109,4700,1,0.3062499999999999,13807.743255615234,3007,3007,3007,3007,3007,3007,3007,3007,3007,3007,3007,3007,4690,4691,3007,3007,3007,4690,3007,3007,3007,3007,3007,4690,94.73684692382813,0,0,0,0,0,15.000000953674316,15.000000953674316,9.523809432983398,9.523809432983398,0,0,0,0,0,0,0,5.263157844543457,5.263157844543457,100,0,0,0,0,66481098752,12884893696,1704554496,0
99,1780596663091,57726.95686340332,4700,1,0.3062499999999999,6936.470962524414,4700,1,0.3062499999999999,6799.640625,4700,1,0.3062499999999999,12202.61865234375,4700,1,0.3062499999999999,45789.684326171875,4700,1,0.3062499999999999,37938.749420166016,4700,1,0.3062499999999999,47159.07992553711,4700,1,0.3062499999999999,29939.029861450195,4700,1,0.3062499999999999,7273.785186767578,4700,1,0.3062499999999999,7162.861511230469,4700,1,0.3062499999999999,6753.656036376953,4700,1,0.3062499999999999,6971.518661499023,4700,1,0.3062499999999999,13813.322937011719,3007,3007,3007,3007,3007,3007,3007,3007,3007,3007,3007,3007,4690,4691,3007,3007,3007,4690,3007,3007,3007,3007,3007,4690,94.73684692382813,0,0,0,0,0,15.000000953674316,15.000000953674316,9.523809432983398,9.523809432983398,0,0,0,0,0,0,0,5.263157844543457,5.263157844543457,100,0,0,0,0,66481098752,12884893696,1706115072,0
99,1780596663191,57727.724670410156,4700,1,0.3062499999999999,6936.474044799805,4700,1,0.3062499999999999,6799.643707275391,4700,1,0.3062499999999999,12202.806884765625,4700,1,0.3062499999999999,45789.99270629883,4700,1,0.3062499999999999,37938.974670410156,4700,1,0.3062499999999999,47159.29542541504,4700,1,0.3062499999999999,29939.90608215332,4700,1,0.3062499999999999,7273.788269042969,4700,1,0.3062499999999999,7162.864593505859,4700,1,0.3062499999999999,6753.659118652344,4700,1,0.3062499999999999,6971.521743774414,4700,1,0.3062499999999999,13818.897216796875,3007,3007,3007,3007,3007,3007,3007,3007,3007,3007,3007,3007,4690,4691,3007,3007,3007,4690,3007,3007,3007,3007,3007,4690,100,4.761904716491699,0,0,0,0,19.047618865966797,10,0,0,0,0,5,0,0,0,0,5,19.047618865966797,100,0,0,0,0,66481098752,12884893696,1704685568,0
99,1780596663291,57728.4831237793,4700,1,0.3062499999999999,6936.477355957031,4700,1,0.3062499999999999,6799.646942138672,4700,1,0.3062499999999999,12202.883819580078,4700,1,0.3062499999999999,45790.34307861328,4700,1,0.3062499999999999,37939.19400024414,4700,1,0.3062499999999999,47159.55470275879,4700,1,0.3062499999999999,29940.772537231445,4700,1,0.3062499999999999,7273.791458129883,4700,1,0.3062499999999999,7162.867752075195,4700,1,0.3062499999999999,6753.66227722168,4700,1,0.3062499999999999,6971.524887084961,4700,1,0.3062499999999999,13824.486938476563,3007,3007,3007,3007,3007,3007,3007,3007,3007,3007,3007,3007,4690,4691,3007,3007,3007,4690,3007,3007,3007,3007,3007,4690,100,4.761904716491699,0,0,0,0,19.047618865966797,10,0,0,0,0,5,0,0,0,0,5,19.047618865966797,100,0,0,0,0,66481098752,12884893696,1707237376,0
99,1780596663392,57729.240661621094,4700,1,0.3062499999999999,6936.48046875,4700,1,0.3062499999999999,6799.650085449219,4700,1,0.3062499999999999,12202.888595581055,4700,1,0.3062499999999999,45790.69445800781,4700,1,0.3062499999999999,37939.43818664551,4700,1,0.3062499999999999,47159.79504394531,4700,1,0.3062499999999999,29941.638717651367,4700,1,0.3062499999999999,7273.794540405273,4700,1,0.3062499999999999,7162.870834350586,4700,1,0.3062499999999999,6753.66535949707,4700,1,0.3062499999999999,6971.528060913086,4700,1,0.3062499999999999,13830.048553466797,3007,3007,3007,3007,3007,3007,3007,3007,3007,3007,3007,3007,4690,4691,3007,3007,3007,4690,3007,3007,3007,3007,3007,4690,95.23809814453125,0,0,0,0,0,10.526315689086914,0,0,0,0,0,5.263157844543457,0,0,0,0,5.555555820465088,10.526315689086914,100,0,0,0,0,66481098752,12884893696,1709457408,0
99,1780596663492,57729.994064331055,4700,1,0.3062499999999999,6936.483642578125,4700,1,0.3062499999999999,6799.653228759766,4700,1,0.3062499999999999,12203.025741577148,4700,1,0.3062499999999999,45790.962966918945,4700,1,0.3062499999999999,37939.738861083984,4700,1,0.3062499999999999,47160.03616333008,4700,1,0.3062499999999999,29942.50035095215,4700,1,0.3062499999999999,7273.797653198242,4700,1,0.3062499999999999,7162.873916625977,4700,1,0.3062499999999999,6753.668441772461,4700,1,0.3062499999999999,6971.531143188477,4700,1,0.3062499999999999,13835.649475097656,3007,3007,3007,3007,3007,3007,3007,3007,3007,3007,3007,3007,4690,4691,3007,3007,3007,4690,3007,3007,3007,3007,3007,4690,95.23809814453125,0,0,0,0,0,10.526315689086914,0,0,0,0,0,5.263157844543457,0,0,0,0,5.555555820465088,10.526315689086914,100,0,0,0,0,66481098752,12884893696,1710239744,0
99,1780596663592,57730.75144958496,4700,1,0.3062499999999999,6936.486724853516,4700,1,0.3062499999999999,6799.657897949219,4700,1,0.3062499999999999,12203.17758178711,4700,1,0.3062499999999999,45791.32385253906,4700,1,0.3062499999999999,37939.95356750488,4700,1,0.3062499999999999,47160.16668701172,4700,1,0.3062499999999999,29943.36004638672,4700,1,0.3062499999999999,7273.800704956055,4700,1,0.3062499999999999,7162.876968383789,4700,1,0.3062499999999999,6753.671524047852,4700,1,0.3062499999999999,6971.5343017578125,4700,1,0.3062499999999999,13841.168411254883,3007,3007,3007,3007,3007,3007,3007,3007,3007,3007,3007,3007,4690,4691,3007,3007,3007,4690,3007,3007,3007,3007,3007,4690,100,9.523809432983398,0,0,0,0,10,0,0,5,0,0,0,0,0,0,0,10.526315689086914,14.285715103149414,100,0,0,0,0,66481098752,12884893696,1711513600,0
99,1780596663692,57731.50505065918,4700,1,0.3062499999999999,6936.489776611328,4700,1,0.3062499999999999,6799.6610107421875,4700,1,0.3062499999999999,12203.210052490234,4700,1,0.3062499999999999,45791.689224243164,4700,1,0.3062499999999999,37940.14376831055,4700,1,0.3062499999999999,47160.4207611084,4700,1,0.3062499999999999,29944.2294921875,4700,1,0.3062499999999999,7273.803787231445,4700,1,0.3062499999999999,7162.88005065918,4700,1,0.3062499999999999,6753.674575805664,4700,1,0.3062499999999999,6971.537353515625,4700,1,0.3062499999999999,13846.699340820313,3007,3007,3007,3007,3007,3007,3007,3007,3007,3007,3007,3007,4690,4691,3007,3007,3007,4690,3007,3007,3007,3007,3007,4690,100,9.523809432983398,0,0,0,0,10,0,0,5,0,0,0,0,0,0,0,10.526315689086914,14.285715103149414,100,0,0,0,0,66481098752,12884893696,1704665088,0
99,1780596663792,57732.26039123535,4700,1,0.30000000000000004,6936.492858886719,4700,1,0.30000000000000004,6799.664093017578,4700,1,0.30000000000000004,12203.214538574219,4700,1,0.30000000000000004,45792.06640625,4700,1,0.30000000000000004,37940.32362365723,4700,1,0.30000000000000004,47160.673828125,4700,1,0.30000000000000004,29945.097045898438,4700,1,0.30000000000000004,7273.806869506836,4700,1,0.30000000000000004,7162.88313293457,4700,1,0.30000000000000004,6753.677658081055,4700,1,0.30000000000000004,6971.540451049805,4700,1,0.30000000000000004,13852.224227905273,3007,3007,3007,3007,3007,3007,3007,3007,3007,3007,3007,3007,4690,4691,3007,3007,3007,4690,3007,3007,3007,3007,3007,4690,95.23809814453125,0,0,0,0,0,16.666667938232422,0,0,5.263157844543457,0,0,15.789472579956055,0,0,0,0,4.761904716491699,0,100,0,0,0,0,66481098752,12884893696,1705574400,0
99,1780596663892,57733.014068603516,4700,1,0.3062499999999999,6936.496109008789,4700,1,0.3062499999999999,6799.667343139648,4700,1,0.3062499999999999,12203.365097045898,4700,1,0.3062499999999999,45792.307373046875,4700,1,0.3062499999999999,37940.61779785156,4700,1,0.3062499999999999,47160.887145996094,4700,1,0.3062499999999999,29945.963012695313,4700,1,0.3062499999999999,7273.809982299805,4700,1,0.3062499999999999,7162.886215209961,4700,1,0.3062499999999999,6753.680740356445,4700,1,0.3062499999999999,6971.543609619141,4700,1,0.3062499999999999,13857.85025024414,3007,3007,3007,3007,3007,3007,3007,3007,3007,3007,3007,3007,4690,4691,3007,3007,3007,4690,3007,3007,3007,3007,3007,4690,95.23809814453125,0,0,0,0,0,16.666667938232422,0,0,5.263157844543457,0,0,15.789472579956055,0,0,0,0,4.761904716491699,0,100,0,0,0,0,66481098752,12884893696,1710149632,0
99,1780596663992,57733.77835083008,4700,1,0.3062499999999999,6936.49919128418,4700,1,0.3062499999999999,6799.670425415039,4700,1,0.3062499999999999,12203.583282470703,4700,1,0.3062499999999999,45792.5549621582,4700,1,0.3062499999999999,37940.86801147461,4700,1,0.3062499999999999,47161.135803222656,4700,1,0.3062499999999999,29946.82534790039,4700,1,0.3062499999999999,7273.813064575195,4700,1,0.3062499999999999,7162.889297485352,4700,1,0.3062499999999999,6753.683822631836,4700,1,0.3062499999999999,6971.546691894531,4700,1,0.3062499999999999,13863.507583618164,3007,3007,3007,3007,3007,3007,3007,3007,3007,3007,3007,3007,4690,4691,3007,3007,3007,4690,3007,3007,3007,3007,3007,4690,100,4.761904716491699,0,0,0,10,0,19.047618865966797,0,5,0,0,10.526315689086914,0,0,0,0,13.636363983154297,0,100,0,0,0,0,66481098752,12884893696,1707945984,0
99,1780596664092,57734.5470123291,4700,1,0.30000000000000004,6936.50227355957,4700,1,0.3062499999999999,6799.673568725586,4700,1,0.3062499999999999,12203.815322875977,4700,1,0.30000000000000004,45792.88133239746,4700,1,0.30000000000000004,37940.92582702637,4700,1,0.30000000000000004,47161.407958984375,4700,1,0.30000000000000004,29947.671447753906,4700,1,0.30000000000000004,7273.816146850586,4700,1,0.30000000000000004,7162.892379760742,4700,1,0.3062499999999999,6753.686904907227,4700,1,0.3062499999999999,6971.549850463867,4700,1,0.3062499999999999,13869.030578613281,3007,3007,3007,3007,3007,3007,3007,3007,3007,3007,3007,3007,4690,4691,3007,3007,3007,4690,3007,3007,3007,3007,3007,4690,100,4.761904716491699,0,0,0,10,0,19.047618865966797,0,5,0,0,10.526315689086914,0,0,0,0,13.636363983154297,0,100,0,0,0,0,66481098752,12884893696,1710100480,0
99,1780596664192,57735.31385803223,4700,1,0.30000000000000004,6936.505355834961,4700,1,0.3062499999999999,6799.676651000977,4700,1,0.3062499999999999,12204.063735961914,4700,1,0.30000000000000004,45793.23815917969,4700,1,0.30000000000000004,37940.94667053223,4700,1,0.30000000000000004,47161.64389038086,4700,1,0.30000000000000004,29948.509567260742,4700,1,0.30000000000000004,7273.819229125977,4700,1,0.30000000000000004,7162.895462036133,4700,1,0.30000000000000004,6753.689987182617,4700,1,0.30000000000000004,6971.553024291992,4700,1,0.3062499999999999,13874.556198120117,3007,3007,3007,3007,3007,3007,3007,3007,3007,3007,3007,3007,4690,4691,3007,3007,3007,4690,3007,3007,3007,3007,3007,4690,100,0,0,0,0,5,23.809524536132813,0,14.285715103149414,0,0,0,11.111111640930176,0,0,0,0,0,5,100,0,0,0,0,66481098752,12884893696,1708093440,0
99,1780596664292,57736.07322692871,4700,1,0.30000000000000004,6936.508682250977,4700,1,0.30000000000000004,6799.679946899414,4700,1,0.30000000000000004,12204.309646606445,4700,1,0.30000000000000004,45793.57328796387,4700,1,0.30000000000000004,37940.96368408203,4700,1,0.30000000000000004,47161.8904876709,4700,1,0.30000000000000004,29949.339111328125,4700,1,0.30000000000000004,7273.822372436523,4700,1,0.30000000000000004,7162.898574829102,4700,1,0.30000000000000004,6753.693069458008,4700,1,0.30000000000000004,6971.556137084961,4700,1,0.30000000000000004,13880.056503295898,3007,3007,3007,3007,3007,3007,3007,3007,3007,3007,3007,3007,4690,4691,3007,3007,3007,4690,3007,3007,3007,3007,3007,4690,100,0,0,0,0,5,23.809524536132813,0,14.285715103149414,0,0,0,11.111111640930176,0,0,0,0,0,5,100,0,0,0,0,66481098752,12884893696,1710084096,0
99,1780596664392,57736.82752990723,4700,1,0.3062499999999999,6936.511764526367,4700,1,0.3062499999999999,6799.683135986328,4700,1,0.3062499999999999,12204.56071472168,4700,1,0.3062499999999999,45793.9239654541,4700,1,0.3062499999999999,37940.9803314209,4700,1,0.3062499999999999,47162.088287353516,4700,1,0.3062499999999999,29950.195556640625,4700,1,0.3062499999999999,7273.825454711914,4700,1,0.3062499999999999,7162.901626586914,4700,1,0.3062499999999999,6753.69612121582,4700,1,0.3062499999999999,6971.559265136719,4700,1,0.3062499999999999,13885.52880859375,3007,3007,3007,3007,3007,3007,3007,3007,3007,3007,3007,3007,4690,4691,3007,3007,3007,4690,3007,3007,3007,3007,3007,4690,95,0,0,0,0,5,15.789472579956055,0,10.526315689086914,0,0,0,20,0,0,0,0,4.761904716491699,0,100,0,0,0,0,66481098752,12884893696,1711878144,0
99,1780596664492,57737.5858001709,4700,1,0.3062499999999999,6936.51481628418,4700,1,0.3062499999999999,6799.686187744141,4700,1,0.3062499999999999,12204.800598144531,4700,1,0.3062499999999999,45794.09161376953,4700,1,0.3062499999999999,37941.23767089844,4700,1,0.3062499999999999,47162.3211517334,4700,1,0.3062499999999999,29951.06477355957,4700,1,0.3062499999999999,7273.828536987305,4700,1,0.3062499999999999,7162.904708862305,4700,1,0.3062499999999999,6753.699203491211,4700,1,0.3062499999999999,6971.562347412109,4700,1,0.3062499999999999,13891.047760009766,3007,3007,3007,3007,3007,3007,3007,3007,3007,3007,3007,3007,4690,4691,3007,3007,3007,4690,3007,3007,3007,3007,3007,4690,95,0,0,0,0,5,15.789472579956055,0,10.526315689086914,0,0,0,20,0,0,0,0,4.761904716491699,0,100,0,0,0,0,66481098752,12884893696,1708539904,0
99,1780596664592,57738.34991455078,4700,1,0.3062499999999999,6936.517959594727,4700,1,0.3062499999999999,6799.689361572266,4700,1,0.3062499999999999,12205.007598876953,4700,1,0.3062499999999999,45794.14224243164,4700,1,0.3062499999999999,37941.55110168457,4700,1,0.3062499999999999,47162.631912231445,4700,1,0.3062499999999999,29951.9080657959,4700,1,0.3062499999999999,7273.831619262695,4700,1,0.3062499999999999,7162.907791137695,4700,1,0.3062499999999999,6753.702285766602,4700,1,0.3062499999999999,6971.5655517578125,4700,1,0.3062499999999999,13896.576950073242,3007,3007,3007,3007,3007,3007,3007,3007,3007,3007,3007,3007,4690,4691,3007,3007,3007,4690,3007,3007,3007,3007,3007,4690,100,0,0,0,0,0,0,10,5.263157844543457,5,0,0,0,0,0,0,0,5.555555820465088,0,100,0,0,0,0,66481098752,12884893696,1706598400,0
99,1780596664692,57739.11357116699,4700,1,0.3062499999999999,6936.521041870117,4700,1,0.3062499999999999,6799.692474365234,4700,1,0.3062499999999999,12205.195709228516,4700,1,0.3062499999999999,45794.36186218262,4700,1,0.3062499999999999,37941.804428100586,4700,1,0.3062499999999999,47162.95835876465,4700,1,0.3062499999999999,29952.749053955078,4700,1,0.3062499999999999,7273.834701538086,4700,1,0.3062499999999999,7162.910873413086,4700,1,0.3062499999999999,6753.705368041992,4700,1,0.3062499999999999,6971.568634033203,4700,1,0.3062499999999999,13902.188293457031,3007,3007,3007,3007,3007,3007,3007,3007,3007,3007,3007,3007,4690,4691,3007,3007,3007,4690,3007,3007,3007,3007,3007,4690,100,0,0,0,0,0,0,10,5.263157844543457,5,0,0,0,0,0,0,0,5.555555820465088,0,100,0,0,0,0,66481098752,12884893696,1702412288,0
99,1780596664792,57739.87763977051,4700,1,0.3062499999999999,6936.524124145508,4700,1,0.3062499999999999,6799.695983886719,4700,1,0.3062499999999999,12205.390411376953,4700,1,0.3062499999999999,45794.61878967285,4700,1,0.3062499999999999,37942.02033996582,4700,1,0.3062499999999999,47163.28623962402,4700,1,0.3062499999999999,29953.588272094727,4700,1,0.3062499999999999,7273.837783813477,4700,1,0.3062499999999999,7162.913955688477,4700,1,0.3062499999999999,6753.708450317383,4700,1,0.3062499999999999,6971.571716308594,4700,1,0.3062499999999999,13907.834716796875,3007,3007,3007,3007,3007,3007,3007,3007,3007,3007,3007,3007,4690,4691,3007,3007,3007,4690,3007,3007,3007,3007,3007,4690,100,0,0,0,0,14.285715103149414,10,5.555555820465088,19.047618865966797,0,0,0,0,0,0,0,0,0,10.526315689086914,100,0,0,0,0,66481098752,12884893696,1704648704,0
99,1780596664892,57740.6416015625,4700,1,0.30000000000000004,6936.527206420898,4700,1,0.3062499999999999,6799.699142456055,4700,1,0.3062499999999999,12205.64126586914,4700,1,0.30000000000000004,45794.826095581055,4700,1,0.30000000000000004,37942.20407104492,4700,1,0.30000000000000004,47163.585861206055,4700,1,0.3062499999999999,29954.427764892578,4700,1,0.3062499999999999,7273.840866088867,4700,1,0.3062499999999999,7162.917037963867,4700,1,0.3062499999999999,6753.711532592773,4700,1,0.3062499999999999,6971.57487487793,4700,1,0.3062499999999999,13913.435775756836,3007,3007,3007,3007,3007,3007,3007,3007,3007,3007,3007,3007,4690,4691,3007,3007,3007,4690,3007,3007,3007,3007,3007,4690,100,0,0,0,0,14.285715103149414,10,5.555555820465088,19.047618865966797,0,0,0,0,0,0,0,0,0,10.526315689086914,100,0,0,0,0,66481098752,12884893696,1706803200,0
99,1780596664992,57741.39881896973,4700,1,0.30000000000000004,6936.530364990234,4700,1,0.3062499999999999,6799.702285766602,4700,1,0.3062499999999999,12205.887664794922,4700,1,0.30000000000000004,45795.01724243164,4700,1,0.30000000000000004,37942.39601135254,4700,1,0.30000000000000004,47163.92150878906,4700,1,0.30000000000000004,29955.267807006836,4700,1,0.30000000000000004,7273.843948364258,4700,1,0.30000000000000004,7162.920120239258,4700,1,0.30000000000000004,6753.714614868164,4700,1,0.30000000000000004,6971.577987670898,4700,1,0.3062499999999999,13919.047271728516,3007,3007,3007,3007,3007,3007,3007,3007,3007,3007,3007,3007,4690,4691,3007,3007,3007,4690,3007,3007,3007,3007,3007,4690,95.45454406738281,0,0,0,0,5,5.263157844543457,9.523809432983398,20,0,0,0,0,0,0,0,0,0,15.000000953674316,100,0,0,0,0,66481098752,12884893696,1708371968,0
99,1780596665092,57742.16369628906,4700,1,0.30000000000000004,6936.533416748047,4700,1,0.30000000000000004,6799.705429077148,4700,1,0.30000000000000004,12205.910095214844,4700,1,0.30000000000000004,45795.35102844238,4700,1,0.30000000000000004,37942.55712890625,4700,1,0.30000000000000004,47164.227798461914,4700,1,0.30000000000000004,29956.099365234375,4700,1,0.30000000000000004,7273.84700012207,4700,1,0.30000000000000004,7162.92317199707,4700,1,0.30000000000000004,6753.717666625977,4700,1,0.30000000000000004,6971.581115722656,4700,1,0.30000000000000004,13924.572769165039,3007,3007,3007,3007,3007,3007,3007,3007,3007,3007,3007,3007,4690,4691,3007,3007,3007,4690,3007,3007,3007,3007,3007,4690,95.45454406738281,0,0,0,0,5,5.263157844543457,9.523809432983398,20,0,0,0,0,0,0,0,0,0,15.000000953674316,100,0,0,0,0,66481098752,12884893696,1709117440,0
99,1780596665193,57742.92964172363,4700,1,0.30000000000000004,6936.5364990234375,4700,1,0.30000000000000004,6799.708480834961,4700,1,0.30000000000000004,12205.931854248047,4700,1,0.30000000000000004,45795.695877075195,4700,1,0.30000000000000004,37942.74336242676,4700,1,0.30000000000000004,47164.542572021484,4700,1,0.30000000000000004,29956.939010620117,4700,1,0.30000000000000004,7273.850173950195,4700,1,0.30000000000000004,7162.926284790039,4700,1,0.30000000000000004,6753.720748901367,4700,1,0.30000000000000004,6971.584197998047,4700,1,0.30000000000000004,13930.061111450195,3007,3007,3007,3007,3007,3007,3007,3007,3007,3007,3007,3007,4690,4691,3007,3007,3007,4690,3007,3007,3007,3007,3007,4690,100,0,0,0,0,0,19.047618865966797,10,10.526315689086914,0,0,0,0,0,0,0,0,0,15.789472579956055,100,0,0,0,0,66481098752,12884893696,1696972800,0
99,1780596665293,57743.69590759277,4700,1,0.3062499999999999,6936.539733886719,4700,1,0.3062499999999999,6799.711685180664,4700,1,0.3062499999999999,12205.95394897461,4700,1,0.3062499999999999,45795.996002197266,4700,1,0.3062499999999999,37942.9528503418,4700,1,0.3062499999999999,47164.88397216797,4700,1,0.3062499999999999,29957.778854370117,4700,1,0.3062499999999999,7273.853286743164,4700,1,0.3062499999999999,7162.92936706543,4700,1,0.3062499999999999,6753.723831176758,4700,1,0.3062499999999999,6971.587341308594,4700,1,0.3062499999999999,13935.605895996094,3007,3007,3007,3007,3007,3007,3007,3007,3007,3007,3007,3007,4690,4691,3007,3007,3007,4690,3007,3007,3007,3007,3007,4690,100,0,0,0,0,0,19.047618865966797,10,10.526315689086914,0,0,0,0,0,0,0,0,0,15.789472579956055,100,0,0,0,0,66481098752,12884893696,1701765120,0
99,1780596665393,57744.45948791504,4700,1,0.3062499999999999,6936.542877197266,4700,1,0.3062499999999999,6799.714889526367,4700,1,0.3062499999999999,12206.124862670898,4700,1,0.3062499999999999,45796.31887817383,4700,1,0.3062499999999999,37943.25721740723,4700,1,0.3062499999999999,47164.964416503906,4700,1,0.3062499999999999,29958.624435424805,4700,1,0.3062499999999999,7273.856399536133,4700,1,0.3062499999999999,7162.93244934082,4700,1,0.3062499999999999,6753.726913452148,4700,1,0.3062499999999999,6971.59049987793,4700,1,0.3062499999999999,13941.160354614258,3007,3007,3007,3007,3007,3007,3007,3007,3007,3007,3007,3007,4690,4691,3007,3007,3007,4690,3007,3007,3007,3007,3007,4690,100,5,0,0,0,0,5.263157844543457,15.000000953674316,10.526315689086914,0,0,0,10,0,0,0,0,0,5,100,0,0,0,0,66481098752,12884893696,1702731776,0
99,1780596665493,57745.21919250488,4700,1,0.3062499999999999,6936.545959472656,4700,1,0.3062499999999999,6799.717971801758,4700,1,0.3062499999999999,12206.340591430664,4700,1,0.3062499999999999,45796.512603759766,4700,1,0.3062499999999999,37943.55780029297,4700,1,0.3062499999999999,47165.18362426758,4700,1,0.3062499999999999,29959.497634887695,4700,1,0.3062499999999999,7273.859619140625,4700,1,0.3062499999999999,7162.935531616211,4700,1,0.3062499999999999,6753.729995727539,4700,1,0.3062499999999999,6971.59358215332,4700,1,0.3062499999999999,13946.750717163086,3007,3007,3007,3007,3007,3007,3007,3007,3007,3007,3007,3007,4690,4691,3007,3007,3007,4690,3007,3007,3007,3007,3007,4690,100,5,0,0,0,0,5.263157844543457,15.000000953674316,10.526315689086914,0,0,0,10,0,0,0,0,0,5,100,0,0,0,0,66481098752,12884893696,1706131456,0
99,1780596665593,57745.969177246094,4700,1,0.30000000000000004,6936.549041748047,4700,1,0.3062499999999999,6799.721115112305,4700,1,0.3062499999999999,12206.562469482422,4700,1,0.30000000000000004,45796.75769042969,4700,1,0.30000000000000004,37943.82015991211,4700,1,0.30000000000000004,47165.4363861084,4700,1,0.30000000000000004,29960.361221313477,4700,1,0.30000000000000004,7273.862701416016,4700,1,0.30000000000000004,7162.938613891602,4700,1,0.30000000000000004,6753.73307800293,4700,1,0.3062499999999999,6971.596740722656,4700,1,0.3062499999999999,13952.327560424805,3007,3007,3007,3007,3007,3007,3007,3007,3007,3007,3007,3007,4690,4691,3007,3007,3007,4690,3007,3007,3007,3007,3007,4690,95.23809814453125,0,0,0,0,5.263157844543457,10.526315689086914,0,10,0,0,0,0,0,0,0,0,4.761904716491699,0,100,0,0,0,0,66481098752,12884893696,1708449792,0
99,1780596665693,57746.71180725098,4700,1,0.30000000000000004,6936.5521240234375,4700,1,0.30000000000000004,6799.727386474609,4700,1,0.30000000000000004,12206.678176879883,4700,1,0.30000000000000004,45796.98213195801,4700,1,0.30000000000000004,37944.156021118164,4700,1,0.30000000000000004,47165.66856384277,4700,1,0.30000000000000004,29961.232360839844,4700,1,0.30000000000000004,7273.865814208984,4700,1,0.30000000000000004,7162.941696166992,4700,1,0.30000000000000004,6753.73616027832,4700,1,0.30000000000000004,6971.599822998047,4700,1,0.30000000000000004,13957.919921875,3007,3007,3007,3007,3007,3007,3007,3007,3007,3007,3007,3007,4690,4691,3007,3007,3007,4690,3007,3007,3007,3007,3007,4690,95.23809814453125,0,0,0,0,5.263157844543457,10.526315689086914,0,10,0,0,0,0,0,0,0,0,4.761904716491699,0,100,0,0,0,0,66481098752,12884893696,1705897984,0
99,1780596665793,57747.46495056152,4700,1,0.30000000000000004,6936.555282592773,4700,1,0.30000000000000004,6799.730529785156,4700,1,0.30000000000000004,12206.69873046875,4700,1,0.30000000000000004,45797.23159790039,4700,1,0.30000000000000004,37944.504455566406,4700,1,0.30000000000000004,47165.91987609863,4700,1,0.30000000000000004,29962.0858001709,4700,1,0.30000000000000004,7273.868896484375,4700,1,0.30000000000000004,7162.944747924805,4700,1,0.30000000000000004,6753.739242553711,4700,1,0.30000000000000004,6971.6029052734375,4700,1,0.30000000000000004,13963.535110473633,3007,3007,3007,3007,3007,3007,3007,3007,3007,3007,3007,3007,4690,4691,3007,3007,3007,4690,3007,3007,3007,3007,3007,4690,100,0,0,0,0,0,11.111111640930176,15.000000953674316,19.047618865966797,10,0,0,0,0,0,0,0,5.263157844543457,0,100,0,0,0,0,66481098752,12884893696,1708417024,0
99,1780596665893,57748.22103881836,4700,1,0.30000000000000004,6936.558334350586,4700,1,0.30000000000000004,6799.733642578125,4700,1,0.30000000000000004,12206.718505859375,4700,1,0.30000000000000004,45797.48017883301,4700,1,0.30000000000000004,37944.87351989746,4700,1,0.30000000000000004,47166.14239501953,4700,1,0.30000000000000004,29962.946319580078,4700,1,0.30000000000000004,7273.871978759766,4700,1,0.30000000000000004,7162.947830200195,4700,1,0.30000000000000004,6753.742294311523,4700,1,0.30000000000000004,6971.606033325195,4700,1,0.30000000000000004,13969.029983520508,3007,3007,3007,3007,3007,3007,3007,3007,3007,3007,3007,3007,4690,4691,3007,3007,3007,4690,3007,3007,3007,3007,3007,4690,100,0,0,0,0,0,11.111111640930176,15.000000953674316,19.047618865966797,10,0,0,0,0,0,0,0,5.263157844543457,0,100,0,0,0,0,66481098752,12884893696,1707614208,0
99,1780596665993,57748.97911071777,4700,1,0.3062499999999999,6936.561416625977,4700,1,0.3062499999999999,6799.736724853516,4700,1,0.3062499999999999,12206.737915039063,4700,1,0.3062499999999999,45797.68542480469,4700,1,0.3062499999999999,37945.23091125488,4700,1,0.3062499999999999,47166.419677734375,4700,1,0.3062499999999999,29963.80645751953,4700,1,0.3062499999999999,7273.875061035156,4700,1,0.3062499999999999,7162.950912475586,4700,1,0.3062499999999999,6753.745376586914,4700,1,0.3062499999999999,6971.609130859375,4700,1,0.3062499999999999,13974.584106445313,3007,3007,3007,3007,3007,3007,3007,3007,3007,3007,3007,3007,4690,4691,3007,3007,3007,4690,3007,3007,3007,3007,3007,4690,95.23809814453125,0,0,0,0,0,10.526315689086914,23.809524536132813,5.882352828979492,9.523809432983398,0,0,0,0,0,0,0,0,0,100,0,0,0,0,66481098752,12884893696,1706725376,0
99,1780596666093,57749.73651123047,4700,1,0.30000000000000004,6936.564498901367,4700,1,0.30000000000000004,6799.7398681640625,4700,1,0.30000000000000004,12206.77702331543,4700,1,0.30000000000000004,45797.92111206055,4700,1,0.30000000000000004,37945.593688964844,4700,1,0.30000000000000004,47166.647537231445,4700,1,0.30000000000000004,29964.67170715332,4700,1,0.30000000000000004,7273.878143310547,4700,1,0.30000000000000004,7162.953994750977,4700,1,0.30000000000000004,6753.748458862305,4700,1,0.30000000000000004,6971.612289428711,4700,1,0.30000000000000004,13980.18392944336,3007,3007,3007,3007,3007,3007,3007,3007,3007,3007,3007,3007,4690,4691,3007,3007,3007,4690,3007,3007,3007,3007,3007,4690,95.23809814453125,0,0,0,0,0,10.526315689086914,23.809524536132813,5.882352828979492,9.523809432983398,0,0,0,0,0,0,0,0,0,100,0,0,0,0,66481098752,12884893696,1709752320,0
99,1780596666193,57750.49645996094,4700,1,0.3062499999999999,6936.567687988281,4700,1,0.3062499999999999,6799.743011474609,4700,1,0.3062499999999999,12206.854461669922,4700,1,0.3062499999999999,45798.14221191406,4700,1,0.3062499999999999,37945.911071777344,4700,1,0.3062499999999999,47166.90173339844,4700,1,0.3062499999999999,29965.543167114258,4700,1,0.3062499999999999,7273.881256103516,4700,1,0.3062499999999999,7162.957077026367,4700,1,0.3062499999999999,6753.751541137695,4700,1,0.3062499999999999,6971.615463256836,4700,1,0.3062499999999999,13985.762985229492,3007,3007,3007,3007,3007,3007,3007,3007,3007,3007,3007,3007,4690,4691,3007,3007,3007,4690,3007,3007,3007,3007,3007,4690,100,0,0,0,5,0,5.263157844543457,5.555555820465088,15.000000953674316,9.523809432983398,0,0,0,0,0,0,0,10,0,100,0,0,0,0,66481098752,12884893696,1709514752,0
99,1780596666293,57751.24948120117,4700,1,0.30000000000000004,6936.570877075195,4700,1,0.3062499999999999,6799.7462158203125,4700,1,0.3062499999999999,12206.876495361328,4700,1,0.30000000000000004,45798.27738952637,4700,1,0.30000000000000004,37946.17463684082,4700,1,0.30000000000000004,47167.29415893555,4700,1,0.30000000000000004,29966.407638549805,4700,1,0.30000000000000004,7273.8843994140625,4700,1,0.3062499999999999,7162.960159301758,4700,1,0.3062499999999999,6753.754623413086,4700,1,0.3062499999999999,6971.618576049805,4700,1,0.3062499999999999,13991.281112670898,3007,3007,3007,3007,3007,3007,3007,3007,3007,3007,3007,3007,4690,4691,3007,3007,3007,4690,3007,3007,3007,3007,3007,4690,100,0,0,0,5,0,5.263157844543457,5.555555820465088,15.000000953674316,9.523809432983398,0,0,0,0,0,0,0,10,0,100,0,0,0,0,66481098752,12884893696,1711308800,0
99,1780596666393,57751.999588012695,4700,1,0.3062499999999999,6936.573959350586,4700,1,0.3062499999999999,6799.749359130859,4700,1,0.3062499999999999,12206.89761352539,4700,1,0.3062499999999999,45798.421798706055,4700,1,0.3062499999999999,37946.42436218262,4700,1,0.3062499999999999,47167.67152404785,4700,1,0.3062499999999999,29967.270553588867,4700,1,0.3062499999999999,7273.887481689453,4700,1,0.3062499999999999,7162.963241577148,4700,1,0.3062499999999999,6753.757705688477,4700,1,0.3062499999999999,6971.621734619141,4700,1,0.3062499999999999,13996.862701416016,3007,3007,3007,3007,3007,3007,3007,3007,3007,3007,3007,3007,4690,4691,3007,3007,3007,4690,3007,3007,3007,3007,3007,4690,95.23809814453125,0,0,0,0,0,0,0,15.789472579956055,0,0,0,0,0,0,0,0,0,21.052631378173828,100,0,0,0,0,66481098752,12884893696,1708806144,0
99,1780596666493,57752.74493408203,4700,1,0.30000000000000004,6936.577041625977,4700,1,0.30000000000000004,6799.75244140625,4700,1,0.30000000000000004,12206.969604492188,4700,1,0.30000000000000004,45798.60446166992,4700,1,0.30000000000000004,37946.674575805664,4700,1,0.30000000000000004,47168.01272583008,4700,1,0.30000000000000004,29968.122177124023,4700,1,0.30000000000000004,7273.890533447266,4700,1,0.30000000000000004,7162.966293334961,4700,1,0.30000000000000004,6753.760787963867,4700,1,0.30000000000000004,6971.624816894531,4700,1,0.30000000000000004,14002.425888061523,3007,3007,3007,3007,3007,3007,3007,3007,3007,3007,3007,3007,4690,4691,3007,3007,3007,4690,3007,3007,3007,3007,3007,4690,95.23809814453125,0,0,0,0,0,0,0,15.789472579956055,0,0,0,0,0,0,0,0,0,21.052631378173828,100,0,0,0,0,66481098752,12884893696,1712369664,0
99,1780596666593,57753.49935913086,4700,1,0.3062499999999999,6936.580291748047,4700,1,0.3062499999999999,6799.755722045898,4700,1,0.3062499999999999,12207.00210571289,4700,1,0.3062499999999999,45798.97123718262,4700,1,0.3062499999999999,37946.93182373047,4700,1,0.3062499999999999,47168.18737792969,4700,1,0.3062499999999999,29968.98078918457,4700,1,0.3062499999999999,7273.893707275391,4700,1,0.3062499999999999,7162.969482421875,4700,1,0.3062499999999999,6753.763946533203,4700,1,0.3062499999999999,6971.6280517578125,4700,1,0.3062499999999999,14007.966186523438,3007,3007,3007,3007,3007,3007,3007,3007,3007,3007,3007,3007,4690,4691,3007,3007,3007,4690,3007,3007,3007,3007,3007,4690,100,0,0,0,0,0,19.047618865966797,0,11.111111640930176,5,0,0,14.285715103149414,0,0,0,0,0,10,100,0,0,0,0,66481098752,12884893696,1712529408,0
99,1780596666693,57754.25216674805,4700,1,0.30000000000000004,6936.5833740234375,4700,1,0.30000000000000004,6799.758773803711,4700,1,0.30000000000000004,12207.031173706055,4700,1,0.30000000000000004,45799.290954589844,4700,1,0.30000000000000004,37947.19888305664,4700,1,0.30000000000000004,47168.418380737305,4700,1,0.30000000000000004,29969.842544555664,4700,1,0.30000000000000004,7273.896789550781,4700,1,0.30000000000000004,7162.972564697266,4700,1,0.30000000000000004,6753.767013549805,4700,1,0.30000000000000004,6971.631134033203,4700,1,0.30000000000000004,14013.4970703125,3007,3007,3007,3007,3007,3007,3007,3007,3007,3007,3007,3007,4690,4691,3007,3007,3007,4690,3007,3007,3007,3007,3007,4690,100,0,0,0,0,0,19.047618865966797,0,11.111111640930176,5,0,0,14.285715103149414,0,0,0,0,0,10,100,0,0,0,0,66481098752,12884893696,1706676224,0
99,1780596666793,57755.017150878906,4700,1,0.3062499999999999,6936.586456298828,4700,1,0.3062499999999999,6799.766525268555,4700,1,0.3062499999999999,12207.059204101563,4700,1,0.3062499999999999,45799.361083984375,4700,1,0.3062499999999999,37947.50672912598,4700,1,0.3062499999999999,47168.81393432617,4700,1,0.3062499999999999,29970.683364868164,4700,1,0.3062499999999999,7273.899871826172,4700,1,0.3062499999999999,7162.975646972656,4700,1,0.3062499999999999,6753.770095825195,4700,1,0.3062499999999999,6971.634216308594,4700,1,0.3062499999999999,14019.054321289063,3007,3007,3007,3007,3007,3007,3007,3007,3007,3007,3007,3007,4690,4691,3007,3007,3007,4690,3007,3007,3007,3007,3007,4690,100,0,0,0,0,0,5.263157844543457,0,15.789472579956055,5,0,0,14.285715103149414,0,0,0,0,5.263157844543457,13.636363983154297,100,0,0,0,0,66481098752,12884893696,1710403584,0
99,1780596666894,57755.78065490723,4700,1,0.3062499999999999,6936.589538574219,4700,1,0.3062499999999999,6799.769683837891,4700,1,0.3062499999999999,12207.083908081055,4700,1,0.3062499999999999,45799.65559387207,4700,1,0.3062499999999999,37947.82293701172,4700,1,0.3062499999999999,47169.080993652344,4700,1,0.3062499999999999,29971.524047851563,4700,1,0.3062499999999999,7273.9029541015625,4700,1,0.3062499999999999,7162.978729248047,4700,1,0.3062499999999999,6753.773178100586,4700,1,0.3062499999999999,6971.637359619141,4700,1,0.3062499999999999,14024.639587402344,3007,3007,3007,3007,3007,3007,3007,3007,3007,3007,3007,3007,4690,4691,3007,3007,3007,4690,3007,3007,3007,3007,3007,4690,100,0,0,0,0,0,5.263157844543457,0,15.789472579956055,5,0,0,14.285715103149414,0,0,0,0,5.263157844543457,13.636363983154297,100,0,0,0,0,66481098752,12884893696,1712328704,0
99,1780596666994,57756.54446411133,4700,1,0.30000000000000004,6936.592681884766,4700,1,0.3062499999999999,6799.772842407227,4700,1,0.3062499999999999,12207.108123779297,4700,1,0.3062499999999999,45799.929458618164,4700,1,0.3062499999999999,37948.197036743164,4700,1,0.3062499999999999,47169.31369018555,4700,1,0.3062499999999999,29972.364685058594,4700,1,0.3062499999999999,7273.906036376953,4700,1,0.3062499999999999,7162.9818115234375,4700,1,0.3062499999999999,6753.776260375977,4700,1,0.3062499999999999,6971.640472412109,4700,1,0.3062499999999999,14030.268096923828,3007,3007,3007,3007,3007,3007,3007,3007,3007,3007,3007,3007,4690,4691,3007,3007,3007,4690,3007,3007,3007,3007,3007,4690,100,0,0,0,0,0,14.285715103149414,5,0,0,0,0,0,0,0,0,0,10.526315689086914,10.526315689086914,100,0,0,0,0,66481098752,12884893696,1711112192,0
99,1780596667094,57757.30014038086,4700,1,0.3062499999999999,6936.595764160156,4700,1,0.3062499999999999,6799.779937744141,4700,1,0.3062499999999999,12207.113754272461,4700,1,0.3062499999999999,45800.16325378418,4700,1,0.3062499999999999,37948.56251525879,4700,1,0.3062499999999999,47169.54444885254,4700,1,0.3062499999999999,29973.22300720215,4700,1,0.3062499999999999,7273.909118652344,4700,1,0.3062499999999999,7162.984893798828,4700,1,0.3062499999999999,6753.779342651367,4700,1,0.3062499999999999,6971.643630981445,4700,1,0.3062499999999999,14035.798461914063,3007,3007,3007,3007,3007,3007,3007,3007,3007,3007,3007,3007,4690,4691,3007,3007,3007,4690,3007,3007,3007,3007,3007,4690,100,0,0,0,0,0,14.285715103149414,5,0,0,0,0,0,0,0,0,0,10.526315689086914,10.526315689086914,100,0,0,0,0,66481098752,12884893696,1712693248,0
99,1780596667194,57758.06149291992,4700,1,0.3062499999999999,6936.598846435547,4700,1,0.3062499999999999,6799.783020019531,4700,1,0.3062499999999999,12207.118667602539,4700,1,0.3062499999999999,45800.3897857666,4700,1,0.3062499999999999,37948.91520690918,4700,1,0.3062499999999999,47169.80595397949,4700,1,0.3062499999999999,29974.090377807617,4700,1,0.3062499999999999,7273.912246704102,4700,1,0.3062499999999999,7162.987976074219,4700,1,0.3062499999999999,6753.782424926758,4700,1,0.3062499999999999,6971.646713256836,4700,1,0.3062499999999999,14041.337341308594,3007,3007,3007,3007,3007,3007,3007,3007,3007,3007,3007,3007,4690,4691,3007,3007,3007,4690,3007,3007,3007,3007,3007,4690,95,0,0,0,0,0,5,10.526315689086914,5,5,0,0,10.526315689086914,0,0,0,0,10.526315689086914,22.72727394104004,100,0,0,0,0,66481098752,12884893696,1712881664,0
99,1780596667294,57758.81344604492,4700,1,0.3062499999999999,6936.602111816406,4700,1,0.3062499999999999,6799.786239624023,4700,1,0.3062499999999999,12207.123947143555,4700,1,0.3062499999999999,45800.57124328613,4700,1,0.3062499999999999,37949.187438964844,4700,1,0.3062499999999999,47170.153869628906,4700,1,0.3062499999999999,29974.95280456543,4700,1,0.3062499999999999,7273.91535949707,4700,1,0.3062499999999999,7162.991027832031,4700,1,0.3062499999999999,6753.785507202148,4700,1,0.3062499999999999,6971.649856567383,4700,1,0.3062499999999999,14046.863403320313,3007,3007,3007,3007,3007,3007,3007,3007,3007,3007,3007,3007,4690,4691,3007,3007,3007,4690,3007,3007,3007,3007,3007,4690,95,0,0,0,0,0,5,10.526315689086914,5,5,0,0,10.526315689086914,0,0,0,0,10.526315689086914,22.72727394104004,100,0,0,0,0,66481098752,12884893696,1714581504,0
99,1780596667394,57759.57554626465,4700,1,0.30000000000000004,6936.605224609375,4700,1,0.30000000000000004,6799.789413452148,4700,1,0.30000000000000004,12207.189331054688,4700,1,0.30000000000000004,45800.79022216797,4700,1,0.30000000000000004,37949.495544433594,4700,1,0.30000000000000004,47170.422439575195,4700,1,0.30000000000000004,29975.82974243164,4700,1,0.30000000000000004,7273.918502807617,4700,1,0.30000000000000004,7162.994110107422,4700,1,0.30000000000000004,6753.788558959961,4700,1,0.30000000000000004,6971.652984619141,4700,1,0.30000000000000004,14052.336502075195,3007,3007,3007,3007,3007,3007,3007,3007,3007,3007,3007,3007,4690,4691,3007,3007,3007,4690,3007,3007,3007,3007,3007,4690,100,9.090909004211426,0,0,0,0,0,9.523809432983398,19.047618865966797,5.555555820465088,0,0,5,0,0,0,0,0,0,100,0,0,0,0,66481098752,12884893696,1711124480,0
99,1780596667494,57760.34680175781,4700,1,0.3062499999999999,6936.608306884766,4700,1,0.3062499999999999,6799.792495727539,4700,1,0.3062499999999999,12207.309646606445,4700,1,0.3062499999999999,45801.04737854004,4700,1,0.3062499999999999,37949.8268737793,4700,1,0.3062499999999999,47170.63150024414,4700,1,0.3062499999999999,29976.704696655273,4700,1,0.3062499999999999,7273.921585083008,4700,1,0.3062499999999999,7162.9971923828125,4700,1,0.3062499999999999,6753.791641235352,4700,1,0.3062499999999999,6971.65608215332,4700,1,0.3062499999999999,14057.889831542969,3007,3007,3007,3007,3007,3007,3007,3007,3007,3007,3007,3007,4690,4691,3007,3007,3007,4690,3007,3007,3007,3007,3007,4690,100,9.090909004211426,0,0,0,0,0,9.523809432983398,19.047618865966797,5.555555820465088,0,0,5,0,0,0,0,0,0,100,0,0,0,0,66481098752,12884893696,1708175360,0
99,1780596667594,57761.114974975586,4700,1,0.3062499999999999,6936.611389160156,4700,1,0.3062499999999999,6799.795639038086,4700,1,0.3062499999999999,12207.518966674805,4700,1,0.3062499999999999,45801.15393066406,4700,1,0.3062499999999999,37950.181732177734,4700,1,0.3062499999999999,47170.865234375,4700,1,0.3062499999999999,29977.576217651367,4700,1,0.3062499999999999,7273.924667358398,4700,1,0.3062499999999999,7163.000274658203,4700,1,0.3062499999999999,6753.794723510742,4700,1,0.3062499999999999,6971.663589477539,4700,1,0.3062499999999999,14063.418350219727,3007,3007,3007,3007,3007,3007,3007,3007,3007,3007,3007,3007,4690,4691,3007,3007,3007,4690,3007,3007,3007,3007,3007,4690,95.23809814453125,0,0,0,0,10,0,5.555555820465088,5.263157844543457,5,0,0,10.526315689086914,0,0,0,0,0,0,100,0,0,0,0,66481098752,12884893696,1711771648,0
99,1780596667694,57761.8839263916,4700,1,0.30000000000000004,6936.614471435547,4700,1,0.3062499999999999,6799.798797607422,4700,1,0.3062499999999999,12207.710174560547,4700,1,0.30000000000000004,45801.23567199707,4700,1,0.3062499999999999,37950.52053833008,4700,1,0.3062499999999999,47171.087463378906,4700,1,0.3062499999999999,29978.451126098633,4700,1,0.3062499999999999,7273.927749633789,4700,1,0.3062499999999999,7163.003356933594,4700,1,0.3062499999999999,6753.797805786133,4700,1,0.3062499999999999,6971.66667175293,4700,1,0.3062499999999999,14068.940017700195,3007,3007,3007,3007,3007,3007,3007,3007,3007,3007,3007,3007,4690,4691,3007,3007,3007,4690,3007,3007,3007,3007,3007,4690,95.23809814453125,0,0,0,0,10,0,5.555555820465088,5.263157844543457,5,0,0,10.526315689086914,0,0,0,0,0,0,100,0,0,0,0,66481098752,12884893696,1708404736,0
99,1780596667794,57762.646881103516,4700,1,0.30000000000000004,6936.617630004883,4700,1,0.3062499999999999,6799.801940917969,4700,1,0.3062499999999999,12207.715255737305,4700,1,0.30000000000000004,45801.48741149902,4700,1,0.30000000000000004,37950.76168823242,4700,1,0.30000000000000004,47171.42353820801,4700,1,0.30000000000000004,29979.322006225586,4700,1,0.30000000000000004,7273.930862426758,4700,1,0.30000000000000004,7163.006439208984,4700,1,0.3062499999999999,6753.800888061523,4700,1,0.3062499999999999,6971.66975402832,4700,1,0.3062499999999999,14074.454360961914,3007,3007,3007,3007,3007,3007,3007,3007,3007,3007,3007,3007,4690,4691,3007,3007,3007,4690,3007,3007,3007,3007,3007,4690,100,4.761904716491699,0,0,0,5.263157844543457,0,5.263157844543457,0,10,0,0,13.636363983154297,0,0,0,0,5.263157844543457,5,100,0,0,0,0,66481098752,12884893696,1709572096,0
99,1780596667894,57763.400451660156,4700,1,0.30000000000000004,6936.620712280273,4700,1,0.30000000000000004,6799.805084228516,4700,1,0.30000000000000004,12207.796798706055,4700,1,0.30000000000000004,45801.7130279541,4700,1,0.30000000000000004,37951.010192871094,4700,1,0.30000000000000004,47171.74758911133,4700,1,0.30000000000000004,29980.18751525879,4700,1,0.30000000000000004,7273.934005737305,4700,1,0.30000000000000004,7163.009552001953,4700,1,0.30000000000000004,6753.803970336914,4700,1,0.30000000000000004,6971.672912597656,4700,1,0.30000000000000004,14079.98648071289,3007,3007,3007,3007,3007,3007,3007,3007,3007,3007,3007,3007,4690,4691,3007,3007,3007,4690,3007,3007,3007,3007,3007,4690,100,4.761904716491699,0,0,0,5.263157844543457,0,5.263157844543457,0,10,0,0,13.636363983154297,0,0,0,0,5.263157844543457,5,100,0,0,0,0,66481098752,12884893696,1711038464,0
99,1780596667994,57764.152084350586,4700,1,0.30000000000000004,6936.623794555664,4700,1,0.30000000000000004,6799.808166503906,4700,1,0.30000000000000004,12207.831787109375,4700,1,0.30000000000000004,45801.747970581055,4700,1,0.30000000000000004,37951.363540649414,4700,1,0.30000000000000004,47172.032287597656,4700,1,0.30000000000000004,29981.060760498047,4700,1,0.30000000000000004,7273.937057495117,4700,1,0.30000000000000004,7163.012603759766,4700,1,0.30000000000000004,6753.807022094727,4700,1,0.30000000000000004,6971.675994873047,4700,1,0.30000000000000004,14085.423629760742,3007,3007,3007,3007,3007,3007,3007,3007,3007,3007,3007,3007,4690,4691,3007,3007,3007,4690,3007,3007,3007,3007,3007,4690,95,0,0,0,0,0,0,10,5,0,0,0,0,0,0,0,0,11.111111640930176,5.263157844543457,100,0,0,0,0,66481098752,12884893696,1712181248,0
99,1780596668094,57764.903091430664,4700,1,0.30000000000000004,6936.626907348633,4700,1,0.30000000000000004,6799.811309814453,4700,1,0.30000000000000004,12208.03173828125,4700,1,0.30000000000000004,45801.76695251465,4700,1,0.30000000000000004,37951.608306884766,4700,1,0.30000000000000004,47172.40319824219,4700,1,0.30000000000000004,29981.930633544922,4700,1,0.30000000000000004,7273.940170288086,4700,1,0.30000000000000004,7163.015686035156,4700,1,0.30000000000000004,6753.810104370117,4700,1,0.30000000000000004,6971.679107666016,4700,1,0.30000000000000004,14090.78694152832,3007,3007,3007,3007,3007,3007,3007,3007,3007,3007,3007,3007,4690,4691,3007,3007,3007,4690,3007,3007,3007,3007,3007,4690,95,0,0,0,0,0,0,10,5,0,0,0,0,0,0,0,0,11.111111640930176,5.263157844543457,100,0,0,0,0,66481098752,12884893696,1712373760,0
99,1780596668194,57765.6534576416,4700,1,0.3062499999999999,6936.629989624023,4700,1,0.3062499999999999,6799.814498901367,4700,1,0.3062499999999999,12208.261520385742,4700,1,0.3062499999999999,45801.78944396973,4700,1,0.3062499999999999,37951.84506225586,4700,1,0.3062499999999999,47172.75648498535,4700,1,0.3062499999999999,29982.801315307617,4700,1,0.3062499999999999,7273.943252563477,4700,1,0.3062499999999999,7163.018768310547,4700,1,0.3062499999999999,6753.813186645508,4700,1,0.3062499999999999,6971.682357788086,4700,1,0.3062499999999999,14096.264892578125,3007,3007,3007,3007,3007,3007,3007,3007,3007,3007,3007,3007,4690,4691,3007,3007,3007,4690,3007,3007,3007,3007,3007,4690,95,0,0,0,0,5.263157844543457,0,5.555555820465088,0,0,0,0,0,0,0,0,0,0,27.272727966308594,100,0,0,0,0,66481098752,12884893696,1709842432,0
99,1780596668294,57766.40293884277,4700,1,0.3062499999999999,6936.633209228516,4700,1,0.3062499999999999,6799.81770324707,4700,1,0.3062499999999999,12208.457794189453,4700,1,0.3062499999999999,45801.81918334961,4700,1,0.3062499999999999,37952.08644104004,4700,1,0.3062499999999999,47173.124099731445,4700,1,0.3062499999999999,29983.67022705078,4700,1,0.3062499999999999,7273.946395874023,4700,1,0.3062499999999999,7163.021881103516,4700,1,0.3062499999999999,6753.816268920898,4700,1,0.3062499999999999,6971.685470581055,4700,1,0.3062499999999999,14101.758163452148,3007,3007,3007,3007,3007,3007,3007,3007,3007,3007,3007,3007,4690,4691,3007,3007,3007,4690,3007,3007,3007,3007,3007,4690,95,0,0,0,0,5.263157844543457,0,5.555555820465088,0,0,0,0,0,0,0,0,0,0,27.272727966308594,100,0,0,0,0,66481098752,12884893696,1710022656,0
99,1780596668394,57767.15509033203,4700,1,0.3062499999999999,6936.636291503906,4700,1,0.3062499999999999,6799.820846557617,4700,1,0.3062499999999999,12208.677978515625,4700,1,0.3062499999999999,45801.84036254883,4700,1,0.3062499999999999,37952.348083496094,4700,1,0.3062499999999999,47173.454986572266,4700,1,0.3062499999999999,29984.536590576172,4700,1,0.3062499999999999,7273.949478149414,4700,1,0.3062499999999999,7163.025009155273,4700,1,0.3062499999999999,6753.819381713867,4700,1,0.3062499999999999,6971.688613891602,4700,1,0.3062499999999999,14107.203048706055,3007,3007,3007,3007,3007,3007,3007,3007,3007,3007,3007,3007,4690,4691,3007,3007,3007,4690,3007,3007,3007,3007,3007,4690,100,0,0,0,0,5.263157844543457,0,10.526315689086914,0,5.263157844543457,0,0,0,0,0,0,0,0,11.111111640930176,100,0,0,0,0,66481098752,12884893696,1710362624,0
99,1780596668494,57767.90498352051,4700,1,0.30000000000000004,6936.639450073242,4700,1,0.3062499999999999,6799.823989868164,4700,1,0.3062499999999999,12208.832382202148,4700,1,0.30000000000000004,45801.972885131836,4700,1,0.30000000000000004,37952.57856750488,4700,1,0.30000000000000004,47173.80404663086,4700,1,0.30000000000000004,29985.404357910156,4700,1,0.30000000000000004,7273.952560424805,4700,1,0.3062499999999999,7163.028091430664,4700,1,0.3062499999999999,6753.822463989258,4700,1,0.3062499999999999,6971.69172668457,4700,1,0.3062499999999999,14112.75505065918,3007,3007,3007,3007,3007,3007,3007,3007,3007,3007,3007,3007,4690,4691,3007,3007,3007,4690,3007,3007,3007,3007,3007,4690,100,0,0,0,0,5.263157844543457,0,10.526315689086914,0,5.263157844543457,0,0,0,0,0,0,0,0,11.111111640930176,100,0,0,0,0,66481098752,12884893696,1709744128,0
99,1780596668594,57768.63739013672,4700,1,0.30000000000000004,6936.661331176758,4700,1,0.3062499999999999,6799.862228393555,4700,1,0.3062499999999999,12208.901962280273,4700,1,0.30000000000000004,45802.21092224121,4700,1,0.30000000000000004,37952.784118652344,4700,1,0.30000000000000004,47174.083984375,4700,1,0.30000000000000004,29986.15264892578,4700,1,0.30000000000000004,7273.983306884766,4700,1,0.30000000000000004,7163.062576293945,4700,1,0.30000000000000004,6753.850021362305,4700,1,0.30000000000000004,6971.734069824219,4700,1,0.30000000000000004,14118.273025512695,3007,3007,3007,3007,3007,3007,3007,3007,3007,3007,3007,3007,4690,4691,3007,3007,3007,4690,3007,3007,3007,3007,3007,4690,95.23809814453125,5,0,0,0,0,0,0,5.263157844543457,5,0,0,5.263157844543457,0,0,0,0,0,15.000000953674316,94.73684692382813,0,0,0,0,66481098752,12884893696,1714827264,0
99,1780596668695,57769.39050292969,4700,1,0.30000000000000004,6936.666427612305,4700,1,0.30000000000000004,6799.870132446289,4700,1,0.30000000000000004,12209.154403686523,4700,1,0.30000000000000004,45802.445541381836,4700,1,0.30000000000000004,37953.000579833984,4700,1,0.30000000000000004,47174.335845947266,4700,1,0.30000000000000004,29987.021759033203,4700,1,0.30000000000000004,7273.98779296875,4700,1,0.30000000000000004,7163.070281982422,4700,1,0.30000000000000004,6753.858413696289,4700,1,0.30000000000000004,6971.740982055664,4700,1,0.30000000000000004,14123.761047363281,3007,3007,3007,3007,3007,3007,3007,3007,3007,3007,3007,3007,4690,4691,3007,3007,3007,4690,3007,3007,3007,3007,3007,4690,95.23809814453125,5,0,0,0,0,0,0,5.263157844543457,5,0,0,5.263157844543457,0,0,0,0,0,15.000000953674316,94.73684692382813,0,0,0,0,66481098752,12884893696,1708400640,0
99,1780596668795,57770.14582824707,4700,1,0.30000000000000004,6936.669509887695,4700,1,0.30000000000000004,6799.881866455078,4700,1,0.30000000000000004,12209.531463623047,4700,1,0.30000000000000004,45802.47769165039,4700,1,0.30000000000000004,37953.24165344238,4700,1,0.30000000000000004,47174.52575683594,4700,1,0.30000000000000004,29987.895629882813,4700,1,0.30000000000000004,7273.990875244141,4700,1,0.30000000000000004,7163.073455810547,4700,1,0.30000000000000004,6753.861465454102,4700,1,0.30000000000000004,6971.744140625,4700,1,0.30000000000000004,14129.169784545898,3007,3007,3007,3007,3007,3007,3007,3007,3007,3007,3007,3007,4690,4691,3007,3007,3007,4690,3007,3007,3007,3007,3007,4690,95,15.789472579956055,0,0,0,0,5,0,0,0,0,0,0,0,0,0,0,14.285715103149414,10.526315689086914,100,0,0,0,0,66481098752,12884893696,1710301184,0
99,1780596668895,57770.88366699219,4700,1,0.30000000000000004,6936.672622680664,4700,1,0.30000000000000004,6799.885101318359,4700,1,0.30000000000000004,12209.665481567383,4700,1,0.30000000000000004,45802.64106750488,4700,1,0.30000000000000004,37953.396896362305,4700,1,0.30000000000000004,47174.87203979492,4700,1,0.30000000000000004,29988.783599853516,4700,1,0.30000000000000004,7273.99397277832,4700,1,0.30000000000000004,7163.076583862305,4700,1,0.30000000000000004,6753.86457824707,4700,1,0.30000000000000004,6971.747329711914,4700,1,0.30000000000000004,14134.536087036133,3007,3007,3007,3007,3007,3007,3007,3007,3007,3007,3007,3007,4690,4691,3007,3007,3007,4690,3007,3007,3007,3007,3007,4690,95,15.789472579956055,0,0,0,0,5,0,0,0,0,0,0,0,0,0,0,14.285715103149414,10.526315689086914,100,0,0,0,0,66481098752,12884893696,1711280128,0
99,1780596668995,57771.62614440918,4700,1,0.3062499999999999,6936.675704956055,4700,1,0.3062499999999999,6799.88818359375,4700,1,0.3062499999999999,12209.920669555664,4700,1,0.3062499999999999,45802.71954345703,4700,1,0.3062499999999999,37953.56234741211,4700,1,0.3062499999999999,47175.20323181152,4700,1,0.3062499999999999,29989.667419433594,4700,1,0.3062499999999999,7273.997055053711,4700,1,0.3062499999999999,7163.079666137695,4700,1,0.3062499999999999,6753.867660522461,4700,1,0.3062499999999999,6971.750411987305,4700,1,0.3062499999999999,14140.029022216797,3007,3007,3007,3007,3007,3007,3007,3007,3007,3007,3007,3007,4690,4691,3007,3007,3007,4690,3007,3007,3007,3007,3007,4690,94.73684692382813,0,0,0,0,5,0,0,19.047618865966797,15.000000953674316,0,0,0,0,0,0,0,0,15.000000953674316,100,0,0,0,0,66481098752,12884893696,1706475520,0
99,1780596669095,57772.377182006836,4700,1,0.3062499999999999,6936.678787231445,4700,1,0.3062499999999999,6799.891326904297,4700,1,0.3062499999999999,12210.158889770508,4700,1,0.3062499999999999,45802.98310852051,4700,1,0.3062499999999999,37953.80126953125,4700,1,0.3062499999999999,47175.44346618652,4700,1,0.3062499999999999,29990.54280090332,4700,1,0.3062499999999999,7274.000137329102,4700,1,0.3062499999999999,7163.082748413086,4700,1,0.3062499999999999,6753.870742797852,4700,1,0.3062499999999999,6971.753570556641,4700,1,0.3062499999999999,14145.573471069336,3007,3007,3007,3007,3007,3007,3007,3007,3007,3007,3007,3007,4690,4691,3007,3007,3007,4690,3007,3007,3007,3007,3007,4690,94.73684692382813,0,0,0,0,5,0,0,19.047618865966797,15.000000953674316,0,0,0,0,0,0,0,0,15.000000953674316,100,0,0,0,0,66481098752,12884893696,1709514752,0
99,1780596669195,57773.12788391113,4700,1,0.30000000000000004,6936.681869506836,4700,1,0.3062499999999999,6799.8944091796875,4700,1,0.3062499999999999,12210.408737182617,4700,1,0.30000000000000004,45803.236328125,4700,1,0.30000000000000004,37954.03756713867,4700,1,0.30000000000000004,47175.67594909668,4700,1,0.30000000000000004,29991.41729736328,4700,1,0.3062499999999999,7274.003219604492,4700,1,0.3062499999999999,7163.085830688477,4700,1,0.3062499999999999,6753.873825073242,4700,1,0.3062499999999999,6971.756652832031,4700,1,0.3062499999999999,14151.204513549805,3007,3007,3007,3007,3007,3007,3007,3007,3007,3007,3007,3007,4690,4691,3007,3007,3007,4690,3007,3007,3007,3007,3007,4690,95,5,0,0,0,15.000000953674316,5,0,10.526315689086914,10.526315689086914,0,0,0,0,0,0,0,10.526315689086914,0,100,0,0,0,0,66481098752,12884893696,1709133824,0
99,1780596669295,57773.88186645508,4700,1,0.3062499999999999,6936.685012817383,4700,1,0.3062499999999999,6799.90934753418,4700,1,0.3062499999999999,12210.655090332031,4700,1,0.3062499999999999,45803.44723510742,4700,1,0.3062499999999999,37954.30990600586,4700,1,0.3062499999999999,47175.92004394531,4700,1,0.3062499999999999,29992.289154052734,4700,1,0.3062499999999999,7274.006362915039,4700,1,0.3062499999999999,7163.088912963867,4700,1,0.3062499999999999,6753.876907348633,4700,1,0.3062499999999999,6971.759735107422,4700,1,0.3062499999999999,14156.817321777344,3007,3007,3007,3007,3007,3007,3007,3007,3007,3007,3007,3007,4690,4691,3007,3007,3007,4690,3007,3007,3007,3007,3007,4690,95,5,0,0,0,15.000000953674316,5,0,10.526315689086914,10.526315689086914,0,0,0,0,0,0,0,10.526315689086914,0,100,0,0,0,0,66481098752,12884893696,1710153728,0
99,1780596669395,57774.62437438965,4700,1,0.3062499999999999,6936.688125610352,4700,1,0.3062499999999999,6799.912490844727,4700,1,0.3062499999999999,12210.900253295898,4700,1,0.3062499999999999,45803.69577026367,4700,1,0.3062499999999999,37954.54249572754,4700,1,0.3062499999999999,47176.16484069824,4700,1,0.3062499999999999,29993.163482666016,4700,1,0.3062499999999999,7274.00944519043,4700,1,0.3062499999999999,7163.091995239258,4700,1,0.3062499999999999,6753.879989624023,4700,1,0.3062499999999999,6971.762939453125,4700,1,0.3062499999999999,14162.449111938477,3007,3007,3007,3007,3007,3007,3007,3007,3007,3007,3007,3007,4690,4691,3007,3007,3007,4690,3007,3007,3007,3007,3007,4690,95,0,0,0,0,0,10.526315689086914,0,10.526315689086914,5.263157844543457,0,0,0,0,0,0,0,19.047618865966797,0,100,0,0,0,0,66481098752,12884893696,1713033216,0
99,1780596669495,57775.37222290039,4700,1,0.3062499999999999,6936.691177368164,4700,1,0.3062499999999999,6799.915542602539,4700,1,0.3062499999999999,12211.153564453125,4700,1,0.3062499999999999,45803.948959350586,4700,1,0.3062499999999999,37954.780212402344,4700,1,0.3062499999999999,47176.3874206543,4700,1,0.3062499999999999,29994.033920288086,4700,1,0.3062499999999999,7274.012496948242,4700,1,0.3062499999999999,7163.09504699707,4700,1,0.3062499999999999,6753.883087158203,4700,1,0.3062499999999999,6971.7659912109375,4700,1,0.3062499999999999,14167.990097045898,3007,3007,3007,3007,3007,3007,3007,3007,3007,3007,3007,3007,4690,4691,3007,3007,3007,4690,3007,3007,3007,3007,3007,4690,95,0,0,0,0,0,10.526315689086914,0,10.526315689086914,5.263157844543457,0,0,0,0,0,0,0,19.047618865966797,0,100,0,0,0,0,66481098752,12884893696,1711583232,0
99,1780596669595,57776.12661743164,4700,1,0.3062499999999999,6936.694259643555,4700,1,0.3062499999999999,6799.918685913086,4700,1,0.3062499999999999,12211.219512939453,4700,1,0.3062499999999999,45804.248779296875,4700,1,0.3062499999999999,37954.92565917969,4700,1,0.3062499999999999,47176.691497802734,4700,1,0.3062499999999999,29994.91162109375,4700,1,0.3062499999999999,7274.015579223633,4700,1,0.3062499999999999,7163.098129272461,4700,1,0.3062499999999999,6753.886199951172,4700,1,0.3062499999999999,6971.7691650390625,4700,1,0.3062499999999999,14173.46401977539,3007,3007,3007,3007,3007,3007,3007,3007,3007,3007,3007,3007,4690,4691,3007,3007,3007,4690,3007,3007,3007,3007,3007,4690,100,0,0,0,0,0,15.789472579956055,0,15.000000953674316,10.526315689086914,0,0,4.761904716491699,0,0,0,0,10,5,100,0,0,0,0,66481098752,12884893696,1709555712,0
99,1780596669695,57776.88523864746,4700,1,0.3062499999999999,6936.6973876953125,4700,1,0.3062499999999999,6799.935256958008,4700,1,0.3062499999999999,12211.367233276367,4700,1,0.3062499999999999,45804.4881439209,4700,1,0.3062499999999999,37955.0362701416,4700,1,0.3062499999999999,47177.04765319824,4700,1,0.3062499999999999,29995.782943725586,4700,1,0.3062499999999999,7274.018753051758,4700,1,0.3062499999999999,7163.101303100586,4700,1,0.3062499999999999,6753.889343261719,4700,1,0.3062499999999999,6971.772277832031,4700,1,0.3062499999999999,14178.95832824707,3007,3007,3007,3007,3007,3007,3007,3007,3007,3007,3007,3007,4690,4691,3007,3007,3007,4690,3007,3007,3007,3007,3007,4690,100,0,0,0,0,0,15.789472579956055,0,15.000000953674316,10.526315689086914,0,0,4.761904716491699,0,0,0,0,10,5,100,0,0,0,0,66481098752,12884893696,1702572032,0
99,1780596669795,57777.63626098633,4700,1,0.3062499999999999,6936.700469970703,4700,1,0.3062499999999999,6799.938339233398,4700,1,0.3062499999999999,12211.527359008789,4700,1,0.3062499999999999,45804.524841308594,4700,1,0.3062499999999999,37955.320083618164,4700,1,0.3062499999999999,47177.37548828125,4700,1,0.3062499999999999,29996.663833618164,4700,1,0.3062499999999999,7274.021835327148,4700,1,0.3062499999999999,7163.104415893555,4700,1,0.3062499999999999,6753.892425537109,4700,1,0.3062499999999999,6971.775360107422,4700,1,0.3062499999999999,14184.408065795898,3007,3007,3007,3007,3007,3007,3007,3007,3007,3007,3007,3007,4690,4691,3007,3007,3007,4690,3007,3007,3007,3007,3007,4690,94.73684692382813,0,0,0,0,9.523809432983398,13.636363983154297,10,10.526315689086914,0,0,0,0,0,0,0,0,0,0,100,0,0,0,0,66481098752,12884893696,1703153664,0
99,1780596669895,57778.38636779785,4700,1,0.30000000000000004,6936.703598022461,4700,1,0.3062499999999999,6799.941513061523,4700,1,0.3062499999999999,12211.551193237305,4700,1,0.30000000000000004,45804.649658203125,4700,1,0.30000000000000004,37955.61181640625,4700,1,0.30000000000000004,47177.69696044922,4700,1,0.30000000000000004,29997.544479370117,4700,1,0.30000000000000004,7274.024917602539,4700,1,0.3062499999999999,7163.107498168945,4700,1,0.3062499999999999,6753.8955078125,4700,1,0.3062499999999999,6971.778518676758,4700,1,0.3062499999999999,14189.864669799805,3007,3007,3007,3007,3007,3007,3007,3007,3007,3007,3007,3007,4690,4691,3007,3007,3007,4690,3007,3007,3007,3007,3007,4690,94.73684692382813,0,0,0,0,9.523809432983398,13.636363983154297,10,10.526315689086914,0,0,0,0,0,0,0,0,0,0,100,0,0,0,0,66481098752,12884893696,1704919040,0
99,1780596669995,57779.14270019531,4700,1,0.3062499999999999,6936.706680297852,4700,1,0.3062499999999999,6799.944595336914,4700,1,0.3062499999999999,12211.578567504883,4700,1,0.3062499999999999,45804.88348388672,4700,1,0.3062499999999999,37955.85057067871,4700,1,0.3062499999999999,47178.04209899902,4700,1,0.3062499999999999,29998.420944213867,4700,1,0.3062499999999999,7274.02799987793,4700,1,0.3062499999999999,7163.110580444336,4700,1,0.3062499999999999,6753.898590087891,4700,1,0.3062499999999999,6971.781600952148,4700,1,0.3062499999999999,14195.368743896484,3007,3007,3007,3007,3007,3007,3007,3007,3007,3007,3007,3007,4690,4691,3007,3007,3007,4690,3007,3007,3007,3007,3007,4690,95.23809814453125,0,0,0,0,4.761904716491699,0,5,15.000000953674316,15.000000953674316,0,0,0,0,0,0,0,0,0,100,0,0,0,0,66481098752,12884893696,1702903808,0
99,1780596670095,57779.88836669922,4700,1,0.30000000000000004,6936.709762573242,4700,1,0.30000000000000004,6799.952041625977,4700,1,0.30000000000000004,12211.744338989258,4700,1,0.30000000000000004,45805.10939025879,4700,1,0.30000000000000004,37955.942443847656,4700,1,0.30000000000000004,47178.39793395996,4700,1,0.30000000000000004,29999.295989990234,4700,1,0.30000000000000004,7274.031112670898,4700,1,0.30000000000000004,7163.113662719727,4700,1,0.30000000000000004,6753.901672363281,4700,1,0.30000000000000004,6971.784759521484,4700,1,0.30000000000000004,14200.874740600586,3007,3007,3007,3007,3007,3007,3007,3007,3007,3007,3007,3007,4690,4691,3007,3007,3007,4690,3007,3007,3007,3007,3007,4690,95.23809814453125,0,0,0,0,4.761904716491699,0,5,15.000000953674316,15.000000953674316,0,0,0,0,0,0,0,0,0,100,0,0,0,0,66481098752,12884893696,1704521728,0
99,1780596670195,57780.6457824707,4700,1,0.30000000000000004,6936.712936401367,4700,1,0.30000000000000004,6799.955123901367,4700,1,0.30000000000000004,12211.974609375,4700,1,0.30000000000000004,45805.34516906738,4700,1,0.30000000000000004,37955.94746398926,4700,1,0.30000000000000004,47178.745178222656,4700,1,0.30000000000000004,30000.15869140625,4700,1,0.30000000000000004,7274.034164428711,4700,1,0.30000000000000004,7163.116714477539,4700,1,0.30000000000000004,6753.904724121094,4700,1,0.30000000000000004,6971.787811279297,4700,1,0.30000000000000004,14206.286972045898,3007,3007,3007,3007,3007,3007,3007,3007,3007,3007,3007,3007,4690,4691,3007,3007,3007,4690,3007,3007,3007,3007,3007,4690,94.44444274902344,15.000000953674316,0,0,0,4.761904716491699,5.555555820465088,0,15.789472579956055,10,0,0,0,0,0,0,0,4.761904716491699,5,100,0,0,0,0,66481098752,12884893696,1705336832,0
99,1780596670295,57781.40548706055,4700,1,0.30000000000000004,6936.716018676758,4700,1,0.30000000000000004,6799.960891723633,4700,1,0.30000000000000004,12212.195281982422,4700,1,0.30000000000000004,45805.5641784668,4700,1,0.30000000000000004,37955.952087402344,4700,1,0.30000000000000004,47179.12107849121,4700,1,0.30000000000000004,30001.028076171875,4700,1,0.30000000000000004,7274.037322998047,4700,1,0.30000000000000004,7163.119781494141,4700,1,0.30000000000000004,6753.907806396484,4700,1,0.30000000000000004,6971.7908935546875,4700,1,0.30000000000000004,14211.631927490234,3007,3007,3007,3007,3007,3007,3007,3007,3007,3007,3007,3007,4690,4691,3007,3007,3007,4690,3007,3007,3007,3007,3007,4690,94.44444274902344,15.000000953674316,0,0,0,4.761904716491699,5.555555820465088,0,15.789472579956055,10,0,0,0,0,0,0,0,4.761904716491699,5,100,0,0,0,0,66481098752,12884893696,1706737664,0
99,1780596670395,57782.165954589844,4700,1,0.30000000000000004,6936.719100952148,4700,1,0.30000000000000004,6799.964096069336,4700,1,0.30000000000000004,12212.394943237305,4700,1,0.30000000000000004,45805.806564331055,4700,1,0.30000000000000004,37955.95681762695,4700,1,0.30000000000000004,47179.466064453125,4700,1,0.30000000000000004,30001.89942932129,4700,1,0.30000000000000004,7274.0404052734375,4700,1,0.30000000000000004,7163.122863769531,4700,1,0.30000000000000004,6753.910888671875,4700,1,0.30000000000000004,6971.794036865234,4700,1,0.30000000000000004,14217.04150390625,3007,3007,3007,3007,3007,3007,3007,3007,3007,3007,3007,3007,4690,4691,3007,3007,3007,4690,3007,3007,3007,3007,3007,4690,95,0,0,0,0,0,5.263157844543457,0,23.809524536132813,14.285715103149414,0,0,4.761904716491699,0,0,0,0,0,5.263157844543457,100,0,0,0,0,66481098752,12884893696,1708503040,0
99,1780596670495,57782.937759399414,4700,1,0.3062499999999999,6936.722213745117,4700,1,0.3062499999999999,6799.967239379883,4700,1,0.3062499999999999,12212.617370605469,4700,1,0.3062499999999999,45806.12872314453,4700,1,0.3062499999999999,37955.961853027344,4700,1,0.3062499999999999,47179.75932312012,4700,1,0.3062499999999999,30002.746795654297,4700,1,0.3062499999999999,7274.043487548828,4700,1,0.3062499999999999,7163.125946044922,4700,1,0.3062499999999999,6753.913970947266,4700,1,0.3062499999999999,6971.797119140625,4700,1,0.3062499999999999,14222.516098022461,3007,3007,3007,3007,3007,3007,3007,3007,3007,3007,3007,3007,4690,4691,3007,3007,3007,4690,3007,3007,3007,3007,3007,4690,95,0,0,0,0,0,5.263157844543457,0,23.809524536132813,14.285715103149414,0,0,4.761904716491699,0,0,0,0,0,5.263157844543457,100,0,0,0,0,66481098752,12884893696,1710592000,0
99,1780596670596,57783.709533691406,4700,1,0.3062499999999999,6936.725387573242,4700,1,0.3062499999999999,6799.970458984375,4700,1,0.3062499999999999,12212.801574707031,4700,1,0.3062499999999999,45806.453048706055,4700,1,0.3062499999999999,37955.96662902832,4700,1,0.3062499999999999,47180.090072631836,4700,1,0.3062499999999999,30003.58950805664,4700,1,0.3062499999999999,7274.046661376953,4700,1,0.3062499999999999,7163.129150390625,4700,1,0.3062499999999999,6753.917205810547,4700,1,0.3062499999999999,6971.800354003906,4700,1,0.3062499999999999,14227.99787902832,3007,3007,3007,3007,3007,3007,3007,3007,3007,3007,3007,3007,4690,4691,3007,3007,3007,4690,3007,3007,3007,3007,3007,4690,100,10,0,0,0,5,10.526315689086914,0,15.000000953674316,0,0,0,19.047618865966797,0,0,0,0,0,0,100,0,0,0,0,66481098752,12884893696,1711751168,0
99,1780596670696,57784.47702026367,4700,1,0.30000000000000004,6936.728515625,4700,1,0.30000000000000004,6799.973541259766,4700,1,0.30000000000000004,12212.985733032227,4700,1,0.30000000000000004,45806.7706451416,4700,1,0.30000000000000004,37955.97183227539,4700,1,0.30000000000000004,47180.42250061035,4700,1,0.30000000000000004,30004.430267333984,4700,1,0.30000000000000004,7274.049774169922,4700,1,0.30000000000000004,7163.132263183594,4700,1,0.30000000000000004,6753.920318603516,4700,1,0.30000000000000004,6971.803482055664,4700,1,0.30000000000000004,14233.46467590332,3007,3007,3007,3007,3007,3007,3007,3007,3007,3007,3007,3007,4690,4691,3007,3007,3007,4690,3007,3007,3007,3007,3007,4690,100,10,0,0,0,5,10.526315689086914,0,15.000000953674316,0,0,0,19.047618865966797,0,0,0,0,0,0,100,0,0,0,0,66481098752,12884893696,1711284224,0
99,1780596670796,57785.23243713379,4700,1,0.30000000000000004,6936.731597900391,4700,1,0.30000000000000004,6799.979156494141,4700,1,0.30000000000000004,12213.215621948242,4700,1,0.30000000000000004,45807.007720947266,4700,1,0.30000000000000004,37956.22927856445,4700,1,0.30000000000000004,47180.67599487305,4700,1,0.30000000000000004,30005.293823242188,4700,1,0.30000000000000004,7274.0528564453125,4700,1,0.30000000000000004,7163.1353759765625,4700,1,0.30000000000000004,6753.923400878906,4700,1,0.30000000000000004,6971.806564331055,4700,1,0.30000000000000004,14239.064407348633,3007,3007,3007,3007,3007,3007,3007,3007,3007,3007,3007,3007,4690,4691,3007,3007,3007,4690,3007,3007,3007,3007,3007,4690,100,10.526315689086914,0,0,0,0,0,0,10.526315689086914,5,0,0,15.789472579956055,0,0,0,0,0,5,100,0,0,0,0,66481098752,12884893696,1711575040,0
99,1780596670896,57785.98435974121,4700,1,0.30000000000000004,6936.734680175781,4700,1,0.30000000000000004,6799.982330322266,4700,1,0.30000000000000004,12213.439590454102,4700,1,0.30000000000000004,45807.31202697754,4700,1,0.30000000000000004,37956.369689941406,4700,1,0.30000000000000004,47180.919830322266,4700,1,0.30000000000000004,30006.153045654297,4700,1,0.30000000000000004,7274.055908203125,4700,1,0.30000000000000004,7163.138427734375,4700,1,0.30000000000000004,6753.926452636719,4700,1,0.30000000000000004,6971.8096923828125,4700,1,0.30000000000000004,14244.544799804688,3007,3007,3007,3007,3007,3007,3007,3007,3007,3007,3007,3007,4690,4691,3007,3007,3007,4690,3007,3007,3007,3007,3007,4690,100,10.526315689086914,0,0,0,0,0,0,10.526315689086914,5,0,0,15.789472579956055,0,0,0,0,0,5,100,0,0,0,0,66481098752,12884893696,1712324608,0
99,1780596670996,57786.73699951172,4700,1,0.3062499999999999,6936.737762451172,4700,1,0.3062499999999999,6799.985412597656,4700,1,0.3062499999999999,12213.56884765625,4700,1,0.3062499999999999,45807.62138366699,4700,1,0.3062499999999999,37956.62878417969,4700,1,0.3062499999999999,47181.09376525879,4700,1,0.3062499999999999,30007.020111083984,4700,1,0.3062499999999999,7274.058990478516,4700,1,0.3062499999999999,7163.141510009766,4700,1,0.3062499999999999,6753.92951965332,4700,1,0.3062499999999999,6971.812789916992,4700,1,0.3062499999999999,14250.116455078125,3007,3007,3007,3007,3007,3007,3007,3007,3007,3007,3007,3007,4690,4691,3007,3007,3007,4690,3007,3007,3007,3007,3007,4690,95.23809814453125,10,0,0,0,0,15.000000953674316,0,14.285715103149414,5.263157844543457,0,0,10.526315689086914,0,0,0,0,0,0,100,0,0,0,0,66481098752,12884893696,1715449856,0
99,1780596671096,57787.49383544922,4700,1,0.3062499999999999,6936.7408447265625,4700,1,0.3062499999999999,6799.988555908203,4700,1,0.3062499999999999,12213.827651977539,4700,1,0.3062499999999999,45807.82963562012,4700,1,0.3062499999999999,37956.88885498047,4700,1,0.3062499999999999,47181.34768676758,4700,1,0.3062499999999999,30007.880447387695,4700,1,0.3062499999999999,7274.062072753906,4700,1,0.3062499999999999,7163.144592285156,4700,1,0.3062499999999999,6753.932586669922,4700,1,0.3062499999999999,6971.815948486328,4700,1,0.3062499999999999,14255.707641601563,3007,3007,3007,3007,3007,3007,3007,3007,3007,3007,3007,3007,4690,4691,3007,3007,3007,4690,3007,3007,3007,3007,3007,4690,95.23809814453125,10,0,0,0,0,15.000000953674316,0,14.285715103149414,5.263157844543457,0,0,10.526315689086914,0,0,0,0,0,0,100,0,0,0,0,66481098752,12884893696,1714393088,0
99,1780596671196,57788.25296020508,4700,1,0.3062499999999999,6936.743927001953,4700,1,0.3062499999999999,6799.991638183594,4700,1,0.3062499999999999,12214.02896118164,4700,1,0.3062499999999999,45808.07693481445,4700,1,0.3062499999999999,37957.14500427246,4700,1,0.3062499999999999,47181.60873413086,4700,1,0.3062499999999999,30008.745346069336,4700,1,0.3062499999999999,7274.065200805664,4700,1,0.3062499999999999,7163.147674560547,4700,1,0.3062499999999999,6753.9356689453125,4700,1,0.3062499999999999,6971.819030761719,4700,1,0.3062499999999999,14261.324462890625,3007,3007,3007,3007,3007,3007,3007,3007,3007,3007,3007,3007,4690,4691,3007,3007,3007,4690,3007,3007,3007,3007,3007,4690,94.73684692382813,10.526315689086914,0,0,0,0,10,5.263157844543457,15.789472579956055,5.263157844543457,0,0,0,0,0,0,0,0,0,100,0,0,0,0,66481098752,12884893696,1709305856,0
99,1780596671296,57789.011657714844,4700,1,0.30000000000000004,6936.747177124023,4700,1,0.3062499999999999,6799.99494934082,4700,1,0.3062499999999999,12214.263931274414,4700,1,0.30000000000000004,45808.40463256836,4700,1,0.30000000000000004,37957.389709472656,4700,1,0.30000000000000004,47181.65711975098,4700,1,0.30000000000000004,30009.622833251953,4700,1,0.30000000000000004,7274.068344116211,4700,1,0.30000000000000004,7163.1507568359375,4700,1,0.30000000000000004,6753.938751220703,4700,1,0.3062499999999999,6971.822113037109,4700,1,0.3062499999999999,14266.761825561523,3007,3007,3007,3007,3007,3007,3007,3007,3007,3007,3007,3007,4690,4691,3007,3007,3007,4690,3007,3007,3007,3007,3007,4690,94.73684692382813,10.526315689086914,0,0,0,0,10,5.263157844543457,15.789472579956055,5.263157844543457,0,0,0,0,0,0,0,0,0,100,0,0,0,0,66481098752,12884893696,1711382528,0
99,1780596671396,57789.774505615234,4700,1,0.30000000000000004,6936.750259399414,4700,1,0.30000000000000004,6799.998077392578,4700,1,0.3062499999999999,12214.488357543945,4700,1,0.30000000000000004,45808.6930847168,4700,1,0.30000000000000004,37957.610900878906,4700,1,0.30000000000000004,47181.87223815918,4700,1,0.30000000000000004,30010.49610900879,4700,1,0.30000000000000004,7274.071426391602,4700,1,0.30000000000000004,7163.153839111328,4700,1,0.30000000000000004,6753.941833496094,4700,1,0.30000000000000004,6971.825271606445,4700,1,0.30000000000000004,14272.29411315918,3007,3007,3007,3007,3007,3007,3007,3007,3007,3007,3007,3007,4690,4691,3007,3007,3007,4690,3007,3007,3007,3007,3007,4690,95,5.263157844543457,0,0,5,0,5.263157844543457,10,9.523809432983398,18.18181800842285,0,0,18.18181800842285,0,0,0,0,0,0,100,0,0,0,0,66481098752,12884893696,1708957696,0
99,1780596671496,57790.550689697266,4700,1,0.30000000000000004,6936.753341674805,4700,1,0.30000000000000004,6800.001159667969,4700,1,0.30000000000000004,12214.723083496094,4700,1,0.30000000000000004,45809.04592895508,4700,1,0.30000000000000004,37957.69664001465,4700,1,0.30000000000000004,47182.046875,4700,1,0.30000000000000004,30011.349731445313,4700,1,0.30000000000000004,7274.074478149414,4700,1,0.30000000000000004,7163.156890869141,4700,1,0.30000000000000004,6753.944885253906,4700,1,0.30000000000000004,6971.828323364258,4700,1,0.30000000000000004,14277.803909301758,3007,3007,3007,3007,3007,3007,3007,3007,3007,3007,3007,3007,4690,4691,3007,3007,3007,4690,3007,3007,3007,3007,3007,4690,95,5.263157844543457,0,0,5,0,5.263157844543457,10,9.523809432983398,18.18181800842285,0,0,18.18181800842285,0,0,0,0,0,0,100,0,0,0,0,66481098752,12884893696,1709555712,0
99,1780596671596,57791.31410217285,4700,1,0.3062499999999999,6936.756393432617,4700,1,0.3062499999999999,6800.0042724609375,4700,1,0.3062499999999999,12214.770431518555,4700,1,0.3062499999999999,45809.420318603516,4700,1,0.3062499999999999,37957.973236083984,4700,1,0.3062499999999999,47182.164627075195,4700,1,0.3062499999999999,30012.212936401367,4700,1,0.3062499999999999,7274.077560424805,4700,1,0.3062499999999999,7163.159973144531,4700,1,0.3062499999999999,6753.947967529297,4700,1,0.3062499999999999,6971.831481933594,4700,1,0.3062499999999999,14283.254379272461,3007,3007,3007,3007,3007,3007,3007,3007,3007,3007,3007,3007,4690,4691,3007,3007,3007,4690,3007,3007,3007,3007,3007,4690,100,0,0,0,4.761904716491699,0,10.526315689086914,0,5,0,0,0,28.571430206298828,0,0,0,0,0,0,100,0,0,0,0,66481098752,12884893696,1712484352,0
99,1780596671696,57792.078033447266,4700,1,0.3062499999999999,6936.759567260742,4700,1,0.3062499999999999,6800.009582519531,4700,1,0.3062499999999999,12214.920135498047,4700,1,0.3062499999999999,45809.74363708496,4700,1,0.3062499999999999,37958.26509094238,4700,1,0.3062499999999999,47182.24858093262,4700,1,0.3062499999999999,30013.084411621094,4700,1,0.3062499999999999,7274.080673217773,4700,1,0.3062499999999999,7163.163055419922,4700,1,0.3062499999999999,6753.9510498046875,4700,1,0.3062499999999999,6971.834564208984,4700,1,0.3062499999999999,14288.716598510742,3007,3007,3007,3007,3007,3007,3007,3007,3007,3007,3007,3007,4690,4691,3007,3007,3007,4690,3007,3007,3007,3007,3007,4690,100,0,0,0,4.761904716491699,0,10.526315689086914,0,5,0,0,0,28.571430206298828,0,0,0,0,0,0,100,0,0,0,0,66481098752,12884893696,1704357888,0
99,1780596671796,57792.83840942383,4700,1,0.3062499999999999,6936.762649536133,4700,1,0.3062499999999999,6800.012664794922,4700,1,0.3062499999999999,12215.119720458984,4700,1,0.3062499999999999,45810.02618408203,4700,1,0.3062499999999999,37958.53515625,4700,1,0.3062499999999999,47182.47254943848,4700,1,0.3062499999999999,30013.9510345459,4700,1,0.3062499999999999,7274.083755493164,4700,1,0.3062499999999999,7163.1661376953125,4700,1,0.3062499999999999,6753.954132080078,4700,1,0.3062499999999999,6971.837646484375,4700,1,0.3062499999999999,14294.34033203125,3007,3007,3007,3007,3007,3007,3007,3007,3007,3007,3007,3007,4690,4691,3007,3007,3007,4690,3007,3007,3007,3007,3007,4690,100,0,0,0,0,9.523809432983398,10,5,0,5.263157844543457,0,0,5.882352828979492,0,0,0,0,0,0,100,0,0,0,0,66481098752,12884893696,1706156032,0
99,1780596671896,57793.585845947266,4700,1,0.30000000000000004,6936.765731811523,4700,1,0.3062499999999999,6800.015808105469,4700,1,0.3062499999999999,12215.127975463867,4700,1,0.30000000000000004,45810.384506225586,4700,1,0.3062499999999999,37958.8098449707,4700,1,0.3062499999999999,47182.62031555176,4700,1,0.3062499999999999,30014.83055114746,4700,1,0.3062499999999999,7274.086837768555,4700,1,0.3062499999999999,7163.169219970703,4700,1,0.3062499999999999,6753.957214355469,4700,1,0.3062499999999999,6971.840805053711,4700,1,0.3062499999999999,14299.803680419922,3007,3007,3007,3007,3007,3007,3007,3007,3007,3007,3007,3007,4690,4691,3007,3007,3007,4690,3007,3007,3007,3007,3007,4690,100,0,0,0,0,9.523809432983398,10,5,0,5.263157844543457,0,0,5.882352828979492,0,0,0,0,0,0,100,0,0,0,0,66481098752,12884893696,1706278912,0
99,1780596671996,57794.33856201172,4700,1,0.30000000000000004,6936.768890380859,4700,1,0.3062499999999999,6800.0189208984375,4700,1,0.3062499999999999,12215.323532104492,4700,1,0.30000000000000004,45810.61666870117,4700,1,0.30000000000000004,37959.0729675293,4700,1,0.30000000000000004,47182.87814331055,4700,1,0.30000000000000004,30015.706085205078,4700,1,0.30000000000000004,7274.089950561523,4700,1,0.30000000000000004,7163.172302246094,4700,1,0.3062499999999999,6753.960296630859,4700,1,0.3062499999999999,6971.843887329102,4700,1,0.3062499999999999,14305.362075805664,3007,3007,3007,3007,3007,3007,3007,3007,3007,3007,3007,3007,4690,4691,3007,3007,3007,4690,3007,3007,3007,3007,3007,4690,95.45454406738281,5,0,0,0,0,5.555555820465088,0,10,14.285715103149414,0,0,15.000000953674316,0,0,0,0,0,0,100,0,0,0,0,66481098752,12884893696,1709187072,0
99,1780596672096,57795.09181213379,4700,1,0.3062499999999999,6936.77197265625,4700,1,0.3062499999999999,6800.022155761719,4700,1,0.3062499999999999,12215.540100097656,4700,1,0.3062499999999999,45810.854080200195,4700,1,0.3062499999999999,37959.33721923828,4700,1,0.3062499999999999,47183.13623046875,4700,1,0.3062499999999999,30016.580139160156,4700,1,0.3062499999999999,7274.093032836914,4700,1,0.3062499999999999,7163.175384521484,4700,1,0.3062499999999999,6753.96337890625,4700,1,0.3062499999999999,6971.8470458984375,4700,1,0.3062499999999999,14310.910339355469,3007,3007,3007,3007,3007,3007,3007,3007,3007,3007,3007,3007,4690,4691,3007,3007,3007,4690,3007,3007,3007,3007,3007,4690,95.45454406738281,5,0,0,0,0,5.555555820465088,0,10,14.285715103149414,0,0,15.000000953674316,0,0,0,0,0,0,100,0,0,0,0,66481098752,12884893696,1709547520,0
99,1780596672196,57795.83979797363,4700,1,0.3062499999999999,6936.775054931641,4700,1,0.3062499999999999,6800.025238037109,4700,1,0.3062499999999999,12215.73176574707,4700,1,0.3062499999999999,45811.104919433594,4700,1,0.3062499999999999,37959.59635925293,4700,1,0.3062499999999999,47183.38946533203,4700,1,0.3062499999999999,30017.443145751953,4700,1,0.3062499999999999,7274.096084594727,4700,1,0.3062499999999999,7163.178436279297,4700,1,0.3062499999999999,6753.9664306640625,4700,1,0.3062499999999999,6971.850128173828,4700,1,0.3062499999999999,14316.505096435547,3007,3007,3007,3007,3007,3007,3007,3007,3007,3007,3007,3007,4690,4691,3007,3007,3007,4690,3007,3007,3007,3007,3007,4690,94.44444274902344,5.263157844543457,0,0,0,0,11.111111640930176,0,19.047618865966797,5.555555820465088,0,0,0,0,0,0,0,5.263157844543457,0,100,0,0,0,0,66481098752,12884893696,1711505408,0
99,1780596672296,57796.59509277344,4700,1,0.3062499999999999,6936.7783203125,4700,1,0.3062499999999999,6800.0284423828125,4700,1,0.3062499999999999,12215.94645690918,4700,1,0.3062499999999999,45811.332931518555,4700,1,0.3062499999999999,37959.860748291016,4700,1,0.3062499999999999,47183.640365600586,4700,1,0.3062499999999999,30018.315200805664,4700,1,0.3062499999999999,7274.099258422852,4700,1,0.3062499999999999,7163.181579589844,4700,1,0.3062499999999999,6753.969543457031,4700,1,0.3062499999999999,6971.853179931641,4700,1,0.3062499999999999,14322.029800415039,3007,3007,3007,3007,3007,3007,3007,3007,3007,3007,3007,3007,4690,4691,3007,3007,3007,4690,3007,3007,3007,3007,3007,4690,94.44444274902344,5.263157844543457,0,0,0,0,11.111111640930176,0,19.047618865966797,5.555555820465088,0,0,0,0,0,0,0,5.263157844543457,0,100,0,0,0,0,66481098752,12884893696,1710194688,0
99,1780596672396,57797.345443725586,4700,1,0.3062499999999999,6936.781478881836,4700,1,0.3062499999999999,6800.031646728516,4700,1,0.3062499999999999,12216.200378417969,4700,1,0.3062499999999999,45811.545974731445,4700,1,0.3062499999999999,37960.10870361328,4700,1,0.3062499999999999,47183.89619445801,4700,1,0.3062499999999999,30019.190948486328,4700,1,0.3062499999999999,7274.102340698242,4700,1,0.3062499999999999,7163.184661865234,4700,1,0.3062499999999999,6753.972625732422,4700,1,0.3062499999999999,6971.856338500977,4700,1,0.3062499999999999,14327.651229858398,3007,3007,3007,3007,3007,3007,3007,3007,3007,3007,3007,3007,4690,4691,3007,3007,3007,4690,3007,3007,3007,3007,3007,4690,95,11.111111640930176,0,0,0,0,5.263157844543457,0,0,5.263157844543457,0,0,0,0,0,0,0,5,5.555555820465088,100,0,0,0,0,66481098752,12884893696,1712222208,0
99,1780596672496,57798.09603881836,4700,1,0.3062499999999999,6936.784561157227,4700,1,0.3062499999999999,6800.034729003906,4700,1,0.3062499999999999,12216.435150146484,4700,1,0.3062499999999999,45811.73635864258,4700,1,0.3062499999999999,37960.27555847168,4700,1,0.3062499999999999,47184.2018737793,4700,1,0.3062499999999999,30020.06655883789,4700,1,0.3062499999999999,7274.105422973633,4700,1,0.3062499999999999,7163.187744140625,4700,1,0.3062499999999999,6753.9757080078125,4700,1,0.3062499999999999,6971.859420776367,4700,1,0.3062499999999999,14333.200942993164,3007,3007,3007,3007,3007,3007,3007,3007,3007,3007,3007,3007,4690,4691,3007,3007,3007,4690,3007,3007,3007,3007,3007,4690,95,11.111111640930176,0,0,0,0,5.263157844543457,0,0,5.263157844543457,0,0,0,0,0,0,0,5,5.555555820465088,100,0,0,0,0,66481098752,12884893696,1713000448,0
99,1780596672597,57798.84306335449,4700,1,0.3062499999999999,6936.7882080078125,4700,1,0.3062499999999999,6800.038040161133,4700,1,0.3062499999999999,12216.56494140625,4700,1,0.3062499999999999,45812.076400756836,4700,1,0.3062499999999999,37960.47738647461,4700,1,0.3062499999999999,47184.36834716797,4700,1,0.3062499999999999,30020.942474365234,4700,1,0.3062499999999999,7274.108596801758,4700,1,0.3062499999999999,7163.190856933594,4700,1,0.3062499999999999,6753.99201965332,4700,1,0.3062499999999999,6971.863723754883,4700,1,0.3062499999999999,14338.745376586914,3007,3007,3007,3007,3007,3007,3007,3007,3007,3007,3007,3007,4690,4691,3007,3007,3007,4690,3007,3007,3007,3007,3007,4690,95,0,0,0,0,0,5.555555820465088,0,10,10.526315689086914,0,0,5,0,0,0,0,0,5,100,0,0,0,0,66481098752,12884893696,1709428736,0
99,1780596672697,57799.59922790527,4700,1,0.30000000000000004,6936.791320800781,4700,1,0.3062499999999999,6800.041152954102,4700,1,0.3062499999999999,12216.911270141602,4700,1,0.30000000000000004,45812.333892822266,4700,1,0.30000000000000004,37960.50648498535,4700,1,0.30000000000000004,47184.57977294922,4700,1,0.30000000000000004,30021.810424804688,4700,1,0.30000000000000004,7274.111679077148,4700,1,0.30000000000000004,7163.193939208984,4700,1,0.3062499999999999,6753.995101928711,4700,1,0.3062499999999999,6971.866806030273,4700,1,0.3062499999999999,14344.260360717773,3007,3007,3007,3007,3007,3007,3007,3007,3007,3007,3007,3007,4690,4691,3007,3007,3007,4690,3007,3007,3007,3007,3007,4690,95,0,0,0,0,0,5.555555820465088,0,10,10.526315689086914,0,0,5,0,0,0,0,0,5,100,0,0,0,0,66481098752,12884893696,1706127360,0
99,1780596672797,57800.35485839844,4700,1,0.30000000000000004,6936.794464111328,4700,1,0.3062499999999999,6800.04443359375,4700,1,0.3062499999999999,12217.072463989258,4700,1,0.30000000000000004,45812.665954589844,4700,1,0.30000000000000004,37960.68144226074,4700,1,0.30000000000000004,47184.79895019531,4700,1,0.30000000000000004,30022.685180664063,4700,1,0.30000000000000004,7274.114791870117,4700,1,0.30000000000000004,7163.197021484375,4700,1,0.30000000000000004,6753.998184204102,4700,1,0.3062499999999999,6971.869888305664,4700,1,0.3062499999999999,14349.714370727539,3007,3007,3007,3007,3007,3007,3007,3007,3007,3007,3007,3007,4690,4691,3007,3007,3007,4690,3007,3007,3007,3007,3007,4690,94.73684692382813,0,0,0,0,10.526315689086914,9.523809432983398,0,15.000000953674316,10,0,0,20,0,0,0,0,5,0,100,0,0,0,0,66481098752,12884893696,1706434560,0
99,1780596672897,57801.10038757324,4700,1,0.30000000000000004,6936.797546386719,4700,1,0.30000000000000004,6800.047576904297,4700,1,0.30000000000000004,12217.37336730957,4700,1,0.30000000000000004,45812.90394592285,4700,1,0.30000000000000004,37960.924896240234,4700,1,0.30000000000000004,47184.92707824707,4700,1,0.30000000000000004,30023.547943115234,4700,1,0.30000000000000004,7274.11784362793,4700,1,0.30000000000000004,7163.2000732421875,4700,1,0.30000000000000004,6754.001266479492,4700,1,0.30000000000000004,6971.873031616211,4700,1,0.30000000000000004,14355.28970336914,3007,3007,3007,3007,3007,3007,3007,3007,3007,3007,3007,3007,4690,4691,3007,3007,3007,4690,3007,3007,3007,3007,3007,4690,94.73684692382813,0,0,0,0,10.526315689086914,9.523809432983398,0,15.000000953674316,10,0,0,20,0,0,0,0,5,0,100,0,0,0,0,66481098752,12884893696,1701363712,0
99,1780596672997,57801.85510253906,4700,1,0.30000000000000004,6936.800598144531,4700,1,0.30000000000000004,6800.0506591796875,4700,1,0.30000000000000004,12217.735809326172,4700,1,0.30000000000000004,45813.14823913574,4700,1,0.30000000000000004,37961.14433288574,4700,1,0.30000000000000004,47184.93019104004,4700,1,0.30000000000000004,30024.420684814453,4700,1,0.30000000000000004,7274.12092590332,4700,1,0.30000000000000004,7163.203155517578,4700,1,0.30000000000000004,6754.004318237305,4700,1,0.30000000000000004,6971.876083374023,4700,1,0.30000000000000004,14360.771362304688,3007,3007,3007,3007,3007,3007,3007,3007,3007,3007,3007,3007,4690,4691,3007,3007,3007,4690,3007,3007,3007,3007,3007,4690,95.23809814453125,5,0,0,0,10.526315689086914,15.000000953674316,0,0,14.285715103149414,0,0,0,0,0,0,0,10,0,100,0,0,0,0,66481098752,12884893696,1702273024,0
99,1780596673097,57802.61151123047,4700,1,0.30000000000000004,6936.803680419922,4700,1,0.30000000000000004,6800.053771972656,4700,1,0.30000000000000004,12218.082733154297,4700,1,0.30000000000000004,45813.37649536133,4700,1,0.30000000000000004,37961.3987121582,4700,1,0.30000000000000004,47184.93342590332,4700,1,0.30000000000000004,30025.294921875,4700,1,0.30000000000000004,7274.124008178711,4700,1,0.30000000000000004,7163.20622253418,4700,1,0.30000000000000004,6754.007400512695,4700,1,0.30000000000000004,6971.879241943359,4700,1,0.30000000000000004,14366.131362915039,3007,3007,3007,3007,3007,3007,3007,3007,3007,3007,3007,3007,4690,4691,3007,3007,3007,4690,3007,3007,3007,3007,3007,4690,95.23809814453125,5,0,0,0,10.526315689086914,15.000000953674316,0,0,14.285715103149414,0,0,0,0,0,0,0,10,0,100,0,0,0,0,66481098752,12884893696,1699692544,0
99,1780596673197,57803.36494445801,4700,1,0.3062499999999999,6936.806838989258,4700,1,0.3062499999999999,6800.056915283203,4700,1,0.3062499999999999,12218.332321166992,4700,1,0.3062499999999999,45813.554611206055,4700,1,0.3062499999999999,37961.76629638672,4700,1,0.3062499999999999,47184.95526123047,4700,1,0.3062499999999999,30026.175567626953,4700,1,0.3062499999999999,7274.12712097168,4700,1,0.3062499999999999,7163.20930480957,4700,1,0.3062499999999999,6754.010482788086,4700,1,0.3062499999999999,6971.88232421875,4700,1,0.3062499999999999,14371.565292358398,3007,3007,3007,3007,3007,3007,3007,3007,3007,3007,3007,3007,4690,4691,3007,3007,3007,4690,3007,3007,3007,3007,3007,4690,100,0,0,0,0,14.285715103149414,5.263157844543457,5.263157844543457,0,5.263157844543457,0,0,0,0,0,0,0,23.809524536132813,0,100,0,0,0,0,66481098752,12884893696,1701384192,0
99,1780596673297,57804.12168884277,4700,1,0.30000000000000004,6936.810073852539,4700,1,0.30000000000000004,6800.060119628906,4700,1,0.30000000000000004,12218.565032958984,4700,1,0.30000000000000004,45813.784240722656,4700,1,0.30000000000000004,37962.074462890625,4700,1,0.30000000000000004,47185.090744018555,4700,1,0.30000000000000004,30027.051025390625,4700,1,0.30000000000000004,7274.130264282227,4700,1,0.30000000000000004,7163.212448120117,4700,1,0.30000000000000004,6754.013565063477,4700,1,0.30000000000000004,6971.885406494141,4700,1,0.30000000000000004,14377.04476928711,3007,3007,3007,3007,3007,3007,3007,3007,3007,3007,3007,3007,4690,4691,3007,3007,3007,4690,3007,3007,3007,3007,3007,4690,100,0,0,0,0,14.285715103149414,5.263157844543457,5.263157844543457,0,5.263157844543457,0,0,0,0,0,0,0,23.809524536132813,0,100,0,0,0,0,66481098752,12884893696,1703411712,0
99,1780596673397,57804.87716674805,4700,1,0.30000000000000004,6936.81315612793,4700,1,0.3062499999999999,6800.063262939453,4700,1,0.3062499999999999,12218.825012207031,4700,1,0.30000000000000004,45814.044998168945,4700,1,0.30000000000000004,37962.333084106445,4700,1,0.30000000000000004,47185.28952026367,4700,1,0.30000000000000004,30027.922409057617,4700,1,0.3062499999999999,7274.133377075195,4700,1,0.3062499999999999,7163.215530395508,4700,1,0.3062499999999999,6754.016647338867,4700,1,0.3062499999999999,6971.888565063477,4700,1,0.3062499999999999,14382.662521362305,3007,3007,3007,3007,3007,3007,3007,3007,3007,3007,3007,3007,4690,4691,3007,3007,3007,4690,3007,3007,3007,3007,3007,4690,95.23809814453125,15.000000953674316,0,0,0,0,10,20,5.263157844543457,5.263157844543457,0,0,0,0,0,0,0,0,0,100,0,0,0,0,66481098752,12884893696,1704751104,0
99,1780596673497,57805.634185791016,4700,1,0.3062499999999999,6936.81623840332,4700,1,0.3062499999999999,6800.066345214844,4700,1,0.3062499999999999,12219.087417602539,4700,1,0.3062499999999999,45814.25143432617,4700,1,0.3062499999999999,37962.58038330078,4700,1,0.3062499999999999,47185.55044555664,4700,1,0.3062499999999999,30028.792846679688,4700,1,0.3062499999999999,7274.136459350586,4700,1,0.3062499999999999,7163.218612670898,4700,1,0.3062499999999999,6754.019729614258,4700,1,0.3062499999999999,6971.891647338867,4700,1,0.3062499999999999,14388.254989624023,3007,3007,3007,3007,3007,3007,3007,3007,3007,3007,3007,3007,4690,4691,3007,3007,3007,4690,3007,3007,3007,3007,3007,4690,95.23809814453125,15.000000953674316,0,0,0,0,10,20,5.263157844543457,5.263157844543457,0,0,0,0,0,0,0,0,0,100,0,0,0,0,66481098752,12884893696,1703563264,0
99,1780596673597,57806.38529968262,4700,1,0.30000000000000004,6936.819381713867,4700,1,0.30000000000000004,6800.069549560547,4700,1,0.30000000000000004,12219.34243774414,4700,1,0.30000000000000004,45814.49203491211,4700,1,0.30000000000000004,37962.823471069336,4700,1,0.30000000000000004,47185.78712463379,4700,1,0.30000000000000004,30029.664520263672,4700,1,0.30000000000000004,7274.139541625977,4700,1,0.30000000000000004,7163.221694946289,4700,1,0.30000000000000004,6754.022933959961,4700,1,0.30000000000000004,6971.894866943359,4700,1,0.30000000000000004,14393.820129394531,3007,3007,3007,3007,3007,3007,3007,3007,3007,3007,3007,3007,4690,4691,3007,3007,3007,4690,3007,3007,3007,3007,3007,4690,95.23809814453125,5,0,0,0,0,0,5.555555820465088,15.000000953674316,5.263157844543457,0,0,0,0,0,0,0,0,0,100,0,0,0,0,66481098752,12884893696,1706356736,0
99,1780596673697,57807.1455078125,4700,1,0.30000000000000004,6936.822494506836,4700,1,0.30000000000000004,6800.072738647461,4700,1,0.30000000000000004,12219.503402709961,4700,1,0.30000000000000004,45814.73025512695,4700,1,0.30000000000000004,37963.11782836914,4700,1,0.30000000000000004,47186.02381896973,4700,1,0.30000000000000004,30030.527313232422,4700,1,0.30000000000000004,7274.142593383789,4700,1,0.30000000000000004,7163.224746704102,4700,1,0.30000000000000004,6754.025985717773,4700,1,0.30000000000000004,6971.897918701172,4700,1,0.30000000000000004,14399.315521240234,3007,3007,3007,3007,3007,3007,3007,3007,3007,3007,3007,3007,4690,4691,3007,3007,3007,4690,3007,3007,3007,3007,3007,4690,95.23809814453125,5,0,0,0,0,0,5.555555820465088,15.000000953674316,5.263157844543457,0,0,0,0,0,0,0,0,0,100,0,0,0,0,66481098752,12884893696,1698852864,0
99,1780596673797,57807.910903930664,4700,1,0.30000000000000004,6936.825576782227,4700,1,0.30000000000000004,6800.07585144043,4700,1,0.30000000000000004,12219.508178710938,4700,1,0.30000000000000004,45814.94172668457,4700,1,0.30000000000000004,37963.47010803223,4700,1,0.30000000000000004,47186.28414916992,4700,1,0.30000000000000004,30031.40545654297,4700,1,0.30000000000000004,7274.14567565918,4700,1,0.30000000000000004,7163.227828979492,4700,1,0.30000000000000004,6754.029067993164,4700,1,0.30000000000000004,6971.9010009765625,4700,1,0.30000000000000004,14404.923126220703,3007,3007,3007,3007,3007,3007,3007,3007,3007,3007,3007,3007,4690,4691,3007,3007,3007,4690,3007,3007,3007,3007,3007,4690,100,4.761904716491699,0,0,0,0,10,15.000000953674316,15.789472579956055,5.263157844543457,0,0,0,0,0,0,0,0,4.761904716491699,100,0,0,0,0,66481098752,12884893696,1699786752,0
99,1780596673897,57808.67185974121,4700,1,0.3062499999999999,6936.828659057617,4700,1,0.3062499999999999,6800.078948974609,4700,1,0.3062499999999999,12219.719055175781,4700,1,0.3062499999999999,45815.18000793457,4700,1,0.3062499999999999,37963.75604248047,4700,1,0.3062499999999999,47186.50210571289,4700,1,0.3062499999999999,30032.276321411133,4700,1,0.3062499999999999,7274.1488037109375,4700,1,0.3062499999999999,7163.230941772461,4700,1,0.3062499999999999,6754.032135009766,4700,1,0.3062499999999999,6971.904159545898,4700,1,0.3062499999999999,14410.436431884766,3007,3007,3007,3007,3007,3007,3007,3007,3007,3007,3007,3007,4690,4691,3007,3007,3007,4690,3007,3007,3007,3007,3007,4690,100,4.761904716491699,0,0,0,0,10,15.000000953674316,15.789472579956055,5.263157844543457,0,0,0,0,0,0,0,0,4.761904716491699,100,0,0,0,0,66481098752,12884893696,1701167104,0
99,1780596673997,57809.42721557617,4700,1,0.3062499999999999,6936.831848144531,4700,1,0.3062499999999999,6800.082092285156,4700,1,0.3062499999999999,12219.966049194336,4700,1,0.3062499999999999,45815.42724609375,4700,1,0.3062499999999999,37963.99676513672,4700,1,0.3062499999999999,47186.74690246582,4700,1,0.3062499999999999,30033.14874267578,4700,1,0.3062499999999999,7274.151885986328,4700,1,0.3062499999999999,7163.234024047852,4700,1,0.3062499999999999,6754.035217285156,4700,1,0.3062499999999999,6971.907241821289,4700,1,0.3062499999999999,14416.061782836914,3007,3007,3007,3007,3007,3007,3007,3007,3007,3007,3007,3007,4690,4691,3007,3007,3007,4690,3007,3007,3007,3007,3007,4690,95.23809814453125,5.263157844543457,0,0,0,0,11.111111640930176,5.555555820465088,5,9.523809432983398,0,0,0,0,0,0,0,4.761904716491699,5.263157844543457,100,0,0,0,0,66481098752,12884893696,1702768640,0
99,1780596674097,57810.182357788086,4700,1,0.3062499999999999,6936.834930419922,4700,1,0.3062499999999999,6800.085174560547,4700,1,0.3062499999999999,12220.16128540039,4700,1,0.3062499999999999,45815.650970458984,4700,1,0.3062499999999999,37964.25830078125,4700,1,0.3062499999999999,47187.01466369629,4700,1,0.3062499999999999,30034.015594482422,4700,1,0.3062499999999999,7274.154968261719,4700,1,0.3062499999999999,7163.237106323242,4700,1,0.3062499999999999,6754.038299560547,4700,1,0.3062499999999999,6971.91032409668,4700,1,0.3062499999999999,14421.734909057617,3007,3007,3007,3007,3007,3007,3007,3007,3007,3007,3007,3007,4690,4691,3007,3007,3007,4690,3007,3007,3007,3007,3007,4690,95.23809814453125,5.263157844543457,0,0,0,0,11.111111640930176,5.555555820465088,5,9.523809432983398,0,0,0,0,0,0,0,4.761904716491699,5.263157844543457,100,0,0,0,0,66481098752,12884893696,1705385984,0
99,1780596674197,57810.94227600098,4700,1,0.3062499999999999,6936.8380126953125,4700,1,0.3062499999999999,6800.088317871094,4700,1,0.3062499999999999,12220.405303955078,4700,1,0.3062499999999999,45815.86169433594,4700,1,0.3062499999999999,37964.42562866211,4700,1,0.3062499999999999,47187.30960083008,4700,1,0.3062499999999999,30034.888305664063,4700,1,0.3062499999999999,7274.1580810546875,4700,1,0.3062499999999999,7163.240188598633,4700,1,0.3062499999999999,6754.0413818359375,4700,1,0.3062499999999999,6971.913482666016,4700,1,0.3062499999999999,14427.207717895508,3007,3007,3007,3007,3007,3007,3007,3007,3007,3007,3007,3007,4690,4691,3007,3007,3007,4690,3007,3007,3007,3007,3007,4690,95,5.263157844543457,0,0,0,0,14.285715103149414,5,5.263157844543457,10,0,0,0,0,0,0,0,0,15.000000953674316,100,0,0,0,0,66481098752,12884893696,1704185856,0
99,1780596674297,57811.692794799805,4700,1,0.3062499999999999,6936.841262817383,4700,1,0.3062499999999999,6800.091522216797,4700,1,0.3062499999999999,12220.66177368164,4700,1,0.3062499999999999,45816.103591918945,4700,1,0.3062499999999999,37964.65321350098,4700,1,0.3062499999999999,47187.53842163086,4700,1,0.3062499999999999,30035.749465942383,4700,1,0.3062499999999999,7274.161193847656,4700,1,0.3062499999999999,7163.243240356445,4700,1,0.3062499999999999,6754.044464111328,4700,1,0.3062499999999999,6971.916564941406,4700,1,0.3062499999999999,14432.799530029297,3007,3007,3007,3007,3007,3007,3007,3007,3007,3007,3007,3007,4690,4691,3007,3007,3007,4690,3007,3007,3007,3007,3007,4690,95,5.263157844543457,0,0,0,0,14.285715103149414,5,5.263157844543457,10,0,0,0,0,0,0,0,0,15.000000953674316,100,0,0,0,0,66481098752,12884893696,1706639360,0
99,1780596674397,57812.45104980469,4700,1,0.3062499999999999,6936.844421386719,4700,1,0.3062499999999999,6800.0947265625,4700,1,0.3062499999999999,12220.961441040039,4700,1,0.3062499999999999,45816.33773803711,4700,1,0.3062499999999999,37964.897872924805,4700,1,0.3062499999999999,47187.5998840332,4700,1,0.3062499999999999,30036.62483215332,4700,1,0.3062499999999999,7274.164306640625,4700,1,0.3062499999999999,7163.246368408203,4700,1,0.3062499999999999,6754.047546386719,4700,1,0.3062499999999999,6971.919692993164,4700,1,0.3062499999999999,14438.286880493164,3007,3007,3007,3007,3007,3007,3007,3007,3007,3007,3007,3007,4690,4691,3007,3007,3007,4690,3007,3007,3007,3007,3007,4690,100,5.555555820465088,0,0,0,0,10.526315689086914,10,0,14.285715103149414,0,0,0,0,0,0,0,0,10,100,0,0,0,0,66481098752,12884893696,1706307584,0
99,1780596674498,57813.209228515625,4700,1,0.30000000000000004,6936.847503662109,4700,1,0.30000000000000004,6800.0977783203125,4700,1,0.30000000000000004,12221.315338134766,4700,1,0.30000000000000004,45816.57637023926,4700,1,0.30000000000000004,37965.11973571777,4700,1,0.30000000000000004,47187.6252746582,4700,1,0.30000000000000004,30037.498489379883,4700,1,0.30000000000000004,7274.167419433594,4700,1,0.30000000000000004,7163.249450683594,4700,1,0.30000000000000004,6754.05061340332,4700,1,0.30000000000000004,6971.922775268555,4700,1,0.30000000000000004,14443.610580444336,3007,3007,3007,3007,3007,3007,3007,3007,3007,3007,3007,3007,4690,4691,3007,3007,3007,4690,3007,3007,3007,3007,3007,4690,100,5.555555820465088,0,0,0,0,10.526315689086914,10,0,14.285715103149414,0,0,0,0,0,0,0,0,10,100,0,0,0,0,66481098752,12884893696,1709871104,0
99,1780596674598,57813.964294433594,4700,1,0.3062499999999999,6936.850677490234,4700,1,0.3062499999999999,6800.100921630859,4700,1,0.3062499999999999,12221.657424926758,4700,1,0.3062499999999999,45816.81170654297,4700,1,0.3062499999999999,37965.35319519043,4700,1,0.3062499999999999,47187.645919799805,4700,1,0.3062499999999999,30038.372817993164,4700,1,0.3062499999999999,7274.170562744141,4700,1,0.3062499999999999,7163.252624511719,4700,1,0.3062499999999999,6754.053817749023,4700,1,0.3062499999999999,6971.92594909668,4700,1,0.3062499999999999,14449.006149291992,3007,3007,3007,3007,3007,3007,3007,3007,3007,3007,3007,3007,4690,4691,3007,3007,3007,4690,3007,3007,3007,3007,3007,4690,95,0,0,0,0,15.789472579956055,10.526315689086914,0,0,5.263157844543457,4.761904716491699,0,0,0,0,0,0,5.263157844543457,0,100,0,0,0,0,66481098752,12884893696,1710641152,0
99,1780596674698,57814.72605895996,4700,1,0.3062499999999999,6936.853805541992,4700,1,0.3062499999999999,6800.104064941406,4700,1,0.3062499999999999,12221.90739440918,4700,1,0.3062499999999999,45817.03886413574,4700,1,0.3062499999999999,37965.57287597656,4700,1,0.3062499999999999,47187.91993713379,4700,1,0.3062499999999999,30039.243209838867,4700,1,0.3062499999999999,7274.173645019531,4700,1,0.3062499999999999,7163.255706787109,4700,1,0.3062499999999999,6754.056900024414,4700,1,0.3062499999999999,6971.929107666016,4700,1,0.3062499999999999,14454.581069946289,3007,3007,3007,3007,3007,3007,3007,3007,3007,3007,3007,3007,4690,4691,3007,3007,3007,4690,3007,3007,3007,3007,3007,4690,95,0,0,0,0,15.789472579956055,10.526315689086914,0,0,5.263157844543457,4.761904716491699,0,0,0,0,0,0,5.263157844543457,0,100,0,0,0,0,66481098752,12884893696,1703632896,0
99,1780596674798,57815.48361206055,4700,1,0.3062499999999999,6936.856948852539,4700,1,0.3062499999999999,6800.10725402832,4700,1,0.3062499999999999,12222.153518676758,4700,1,0.3062499999999999,45817.307556152344,4700,1,0.3062499999999999,37965.78953552246,4700,1,0.3062499999999999,47188.15977478027,4700,1,0.3062499999999999,30040.10874938965,4700,1,0.3062499999999999,7274.1767578125,4700,1,0.3062499999999999,7163.2587890625,4700,1,0.3062499999999999,6754.059982299805,4700,1,0.3062499999999999,6971.932189941406,4700,1,0.3062499999999999,14460.17692565918,3007,3007,3007,3007,3007,3007,3007,3007,3007,3007,3007,3007,4690,4691,3007,3007,3007,4690,3007,3007,3007,3007,3007,4690,95,5,0,0,4.761904716491699,0,15.000000953674316,0,15.789472579956055,0,0,0,0,0,0,0,0,10.526315689086914,0,100,0,0,0,0,66481098752,12884893696,1706577920,0
99,1780596674898,57816.23246765137,4700,1,0.30000000000000004,6936.86003112793,4700,1,0.30000000000000004,6800.110397338867,4700,1,0.3062499999999999,12222.399978637695,4700,1,0.30000000000000004,45817.5693359375,4700,1,0.30000000000000004,37966.02685546875,4700,1,0.30000000000000004,47188.39930725098,4700,1,0.30000000000000004,30040.97300720215,4700,1,0.30000000000000004,7274.179840087891,4700,1,0.30000000000000004,7163.261871337891,4700,1,0.30000000000000004,6754.0631103515625,4700,1,0.30000000000000004,6971.93537902832,4700,1,0.30000000000000004,14465.828521728516,3007,3007,3007,3007,3007,3007,3007,3007,3007,3007,3007,3007,4690,4691,3007,3007,3007,4690,3007,3007,3007,3007,3007,4690,95,5,0,0,4.761904716491699,0,15.000000953674316,0,15.789472579956055,0,0,0,0,0,0,0,0,10.526315689086914,0,100,0,0,0,0,66481098752,12884893696,1700507648,0
99,1780596674998,57816.99263000488,4700,1,0.30000000000000004,6936.86311340332,4700,1,0.3062499999999999,6800.113479614258,4700,1,0.3062499999999999,12222.523315429688,4700,1,0.30000000000000004,45817.904846191406,4700,1,0.30000000000000004,37966.238357543945,4700,1,0.30000000000000004,47188.622497558594,4700,1,0.30000000000000004,30041.841583251953,4700,1,0.30000000000000004,7274.182922363281,4700,1,0.30000000000000004,7163.264953613281,4700,1,0.30000000000000004,6754.066192626953,4700,1,0.30000000000000004,6971.938461303711,4700,1,0.3062499999999999,14471.431274414063,3007,3007,3007,3007,3007,3007,3007,3007,3007,3007,3007,3007,4690,4691,3007,3007,3007,4690,3007,3007,3007,3007,3007,4690,100,0,0,0,0,0,20,0,5,10,0,0,0,0,0,0,0,5.263157844543457,10,100,0,0,0,0,66481098752,12884893696,1702600704,0
99,1780596675098,57817.755126953125,4700,1,0.30000000000000004,6936.866165161133,4700,1,0.30000000000000004,6800.11653137207,4700,1,0.30000000000000004,12222.76547241211,4700,1,0.30000000000000004,45818.246505737305,4700,1,0.30000000000000004,37966.244384765625,4700,1,0.30000000000000004,47188.82307434082,4700,1,0.30000000000000004,30042.695343017578,4700,1,0.30000000000000004,7274.185974121094,4700,1,0.30000000000000004,7163.268005371094,4700,1,0.30000000000000004,6754.069244384766,4700,1,0.30000000000000004,6971.941513061523,4700,1,0.30000000000000004,14476.881454467773,3007,3007,3007,3007,3007,3007,3007,3007,3007,3007,3007,3007,4690,4691,3007,3007,3007,4690,3007,3007,3007,3007,3007,4690,100,0,0,0,0,0,20,0,5,10,0,0,0,0,0,0,0,5.263157844543457,10,100,0,0,0,0,66481098752,12884893696,1702334464,0
99,1780596675198,57818.516510009766,4700,1,0.30000000000000004,6936.869323730469,4700,1,0.30000000000000004,6800.119735717773,4700,1,0.30000000000000004,12223.01155090332,4700,1,0.30000000000000004,45818.62098693848,4700,1,0.30000000000000004,37966.25094604492,4700,1,0.30000000000000004,47188.976150512695,4700,1,0.30000000000000004,30043.555145263672,4700,1,0.30000000000000004,7274.1890869140625,4700,1,0.30000000000000004,7163.271087646484,4700,1,0.30000000000000004,6754.072311401367,4700,1,0.30000000000000004,6971.944671630859,4700,1,0.30000000000000004,14482.359664916992,3007,3007,3007,3007,3007,3007,3007,3007,3007,3007,3007,3007,4690,4691,3007,3007,3007,4690,3007,3007,3007,3007,3007,4690,95,0,0,0,0,10,28.571430206298828,0,5,5,0,0,10.526315689086914,0,0,0,0,0,0,100,0,0,0,0,66481098752,12884893696,1703411712,0
99,1780596675298,57819.275161743164,4700,1,0.30000000000000004,6936.872543334961,4700,1,0.30000000000000004,6800.122940063477,4700,1,0.30000000000000004,12223.258651733398,4700,1,0.30000000000000004,45818.99459838867,4700,1,0.30000000000000004,37966.25717163086,4700,1,0.30000000000000004,47189.11180114746,4700,1,0.30000000000000004,30044.422943115234,4700,1,0.30000000000000004,7274.192291259766,4700,1,0.30000000000000004,7163.274169921875,4700,1,0.30000000000000004,6754.075393676758,4700,1,0.30000000000000004,6971.947769165039,4700,1,0.30000000000000004,14487.758819580078,3007,3007,3007,3007,3007,3007,3007,3007,3007,3007,3007,3007,4690,4691,3007,3007,3007,4690,3007,3007,3007,3007,3007,4690,95,0,0,0,0,10,28.571430206298828,0,5,5,0,0,10.526315689086914,0,0,0,0,0,0,100,0,0,0,0,66481098752,12884893696,1703026688,0
99,1780596675398,57820.03112792969,4700,1,0.3062499999999999,6936.87565612793,4700,1,0.3062499999999999,6800.126083374023,4700,1,0.3062499999999999,12223.50715637207,4700,1,0.3062499999999999,45819.35858154297,4700,1,0.3062499999999999,37966.26385498047,4700,1,0.3062499999999999,47189.27226257324,4700,1,0.3062499999999999,30045.289993286133,4700,1,0.3062499999999999,7274.195373535156,4700,1,0.3062499999999999,7163.277252197266,4700,1,0.3062499999999999,6754.078475952148,4700,1,0.3062499999999999,6971.950973510742,4700,1,0.3062499999999999,14493.147521972656,3007,3007,3007,3007,3007,3007,3007,3007,3007,3007,3007,3007,4690,4691,3007,3007,3007,4690,3007,3007,3007,3007,3007,4690,94.44444274902344,0,0,0,0,0,20,0,4.761904716491699,5.263157844543457,0,0,25,0,0,0,0,0,0,100,0,0,0,0,66481098752,12884893696,1705152512,0
99,1780596675498,57820.78874206543,4700,1,0.30000000000000004,6936.878799438477,4700,1,0.3062499999999999,6800.12922668457,4700,1,0.3062499999999999,12223.752990722656,4700,1,0.30000000000000004,45819.72137451172,4700,1,0.30000000000000004,37966.27006530762,4700,1,0.30000000000000004,47189.42546081543,4700,1,0.30000000000000004,30046.15512084961,4700,1,0.3062499999999999,7274.198455810547,4700,1,0.3062499999999999,7163.280334472656,4700,1,0.3062499999999999,6754.081558227539,4700,1,0.3062499999999999,6971.954055786133,4700,1,0.3062499999999999,14498.600891113281,3007,3007,3007,3007,3007,3007,3007,3007,3007,3007,3007,3007,4690,4691,3007,3007,3007,4690,3007,3007,3007,3007,3007,4690,94.44444274902344,0,0,0,0,0,20,0,4.761904716491699,5.263157844543457,0,0,25,0,0,0,0,0,0,100,0,0,0,0,66481098752,12884893696,1708617728,0
99,1780596675598,57821.542053222656,4700,1,0.3062499999999999,6936.881881713867,4700,1,0.3062499999999999,6800.132339477539,4700,1,0.3062499999999999,12224.001922607422,4700,1,0.3062499999999999,45820.084548950195,4700,1,0.3062499999999999,37966.276290893555,4700,1,0.3062499999999999,47189.576248168945,4700,1,0.3062499999999999,30047.026779174805,4700,1,0.3062499999999999,7274.2015380859375,4700,1,0.3062499999999999,7163.283416748047,4700,1,0.3062499999999999,6754.08464050293,4700,1,0.3062499999999999,6971.957138061523,4700,1,0.3062499999999999,14503.995849609375,3007,3007,3007,3007,3007,3007,3007,3007,3007,3007,3007,3007,4690,4691,3007,3007,3007,4690,3007,3007,3007,3007,3007,4690,100,5.263157844543457,0,0,0,0,0,0,0,5.263157844543457,0,0,23.809524536132813,0,0,0,0,0,9.090909004211426,100,0,0,0,0,66481098752,12884893696,1709400064,0
99,1780596675698,57822.291595458984,4700,1,0.30000000000000004,6936.884963989258,4700,1,0.30000000000000004,6800.143081665039,4700,1,0.30000000000000004,12224.248062133789,4700,1,0.30000000000000004,45820.285873413086,4700,1,0.30000000000000004,37966.40333557129,4700,1,0.30000000000000004,47189.8077545166,4700,1,0.30000000000000004,30047.886428833008,4700,1,0.30000000000000004,7274.20458984375,4700,1,0.30000000000000004,7163.2864990234375,4700,1,0.30000000000000004,6754.08772277832,4700,1,0.30000000000000004,6971.960296630859,4700,1,0.30000000000000004,14509.44709777832,3007,3007,3007,3007,3007,3007,3007,3007,3007,3007,3007,3007,4690,4691,3007,3007,3007,4690,3007,3007,3007,3007,3007,4690,100,5.263157844543457,0,0,0,0,0,0,0,5.263157844543457,0,0,23.809524536132813,0,0,0,0,0,9.090909004211426,100,0,0,0,0,66481098752,12884893696,1700728832,0
99,1780596675798,57823.04689025879,4700,1,0.3062499999999999,6936.888046264648,4700,1,0.3062499999999999,6800.14616394043,4700,1,0.3062499999999999,12224.609512329102,4700,1,0.3062499999999999,45820.31555175781,4700,1,0.3062499999999999,37966.64338684082,4700,1,0.3062499999999999,47190.0281829834,4700,1,0.3062499999999999,30048.750442504883,4700,1,0.3062499999999999,7274.207672119141,4700,1,0.3062499999999999,7163.28955078125,4700,1,0.3062499999999999,6754.090805053711,4700,1,0.3062499999999999,6971.96337890625,4700,1,0.3062499999999999,14514.938980102539,3007,3007,3007,3007,3007,3007,3007,3007,3007,3007,3007,3007,4690,4691,3007,3007,3007,4690,3007,3007,3007,3007,3007,4690,95,5,0,0,0,14.285715103149414,5,0,5.263157844543457,10,0,0,5.263157844543457,0,0,0,0,10.526315689086914,5,100,0,0,0,0,66481098752,12884893696,1702555648,0
99,1780596675898,57823.812423706055,4700,1,0.30000000000000004,6936.891220092773,4700,1,0.30000000000000004,6800.149444580078,4700,1,0.30000000000000004,12224.917266845703,4700,1,0.30000000000000004,45820.49223327637,4700,1,0.30000000000000004,37966.91279602051,4700,1,0.30000000000000004,47190.26466369629,4700,1,0.30000000000000004,30049.589935302734,4700,1,0.30000000000000004,7274.210754394531,4700,1,0.30000000000000004,7163.292633056641,4700,1,0.30000000000000004,6754.0938720703125,4700,1,0.30000000000000004,6971.966491699219,4700,1,0.30000000000000004,14520.601104736328,3007,3007,3007,3007,3007,3007,3007,3007,3007,3007,3007,3007,4690,4691,3007,3007,3007,4690,3007,3007,3007,3007,3007,4690,95,5,0,0,0,14.285715103149414,5,0,5.263157844543457,10,0,0,5.263157844543457,0,0,0,0,10.526315689086914,5,100,0,0,0,0,66481098752,12884893696,1704464384,0
99,1780596675998,57824.58804321289,4700,1,0.3062499999999999,6936.894302368164,4700,1,0.3062499999999999,6800.152496337891,4700,1,0.3062499999999999,12225.147354125977,4700,1,0.3062499999999999,45820.70170593262,4700,1,0.3062499999999999,37967.23294067383,4700,1,0.3062499999999999,47190.41180419922,4700,1,0.3062499999999999,30050.458404541016,4700,1,0.3062499999999999,7274.213836669922,4700,1,0.3062499999999999,7163.295700073242,4700,1,0.3062499999999999,6754.096939086914,4700,1,0.3062499999999999,6971.969573974609,4700,1,0.3062499999999999,14526.071655273438,3007,3007,3007,3007,3007,3007,3007,3007,3007,3007,3007,3007,4690,4691,3007,3007,3007,4690,3007,3007,3007,3007,3007,4690,100,0,0,0,0,5.263157844543457,5,14.285715103149414,10,0,0,0,0,0,0,0,0,5.555555820465088,4.761904716491699,100,0,0,0,0,66481098752,12884893696,1703763968,0
99,1780596676098,57825.3444519043,4700,1,0.3062499999999999,6936.897384643555,4700,1,0.3062499999999999,6800.155578613281,4700,1,0.3062499999999999,12225.399307250977,4700,1,0.3062499999999999,45820.94450378418,4700,1,0.3062499999999999,37967.47465515137,4700,1,0.3062499999999999,47190.66030883789,4700,1,0.3062499999999999,30051.327575683594,4700,1,0.3062499999999999,7274.2169189453125,4700,1,0.3062499999999999,7163.298782348633,4700,1,0.3062499999999999,6754.100006103516,4700,1,0.3062499999999999,6971.97265625,4700,1,0.3062499999999999,14531.711395263672,3007,3007,3007,3007,3007,3007,3007,3007,3007,3007,3007,3007,4690,4691,3007,3007,3007,4690,3007,3007,3007,3007,3007,4690,100,0,0,0,0,5.263157844543457,5,14.285715103149414,10,0,0,0,0,0,0,0,0,5.555555820465088,4.761904716491699,100,0,0,0,0,66481098752,12884893696,1707405312,0
99,1780596676198,57826.11592102051,4700,1,0.30000000000000004,6936.900466918945,4700,1,0.3062499999999999,6800.158721923828,4700,1,0.3062499999999999,12225.728012084961,4700,1,0.30000000000000004,45821.01281738281,4700,1,0.3062499999999999,37967.713943481445,4700,1,0.3062499999999999,47190.90641784668,4700,1,0.3062499999999999,30052.202514648438,4700,1,0.3062499999999999,7274.2200927734375,4700,1,0.3062499999999999,7163.301864624023,4700,1,0.3062499999999999,6754.103088378906,4700,1,0.3062499999999999,6971.975814819336,4700,1,0.3062499999999999,14537.197616577148,3007,3007,3007,3007,3007,3007,3007,3007,3007,3007,3007,3007,4690,4691,3007,3007,3007,4690,3007,3007,3007,3007,3007,4690,94.73684692382813,0,0,0,0,15.000000953674316,0,5,11.111111640930176,5.263157844543457,0,0,5,0,0,0,0,13.636363983154297,0,100,0,0,0,0,66481098752,12884893696,1709412352,0
99,1780596676298,57826.88008117676,4700,1,0.30000000000000004,6936.903717041016,4700,1,0.3062499999999999,6800.162048339844,4700,1,0.3062499999999999,12225.925415039063,4700,1,0.30000000000000004,45821.24012756348,4700,1,0.30000000000000004,37967.97834777832,4700,1,0.30000000000000004,47191.15083312988,4700,1,0.30000000000000004,30053.074905395508,4700,1,0.30000000000000004,7274.223236083984,4700,1,0.30000000000000004,7163.304977416992,4700,1,0.30000000000000004,6754.106170654297,4700,1,0.30000000000000004,6971.978897094727,4700,1,0.30000000000000004,14542.76399230957,3007,3007,3007,3007,3007,3007,3007,3007,3007,3007,3007,3007,4690,4691,3007,3007,3007,4690,3007,3007,3007,3007,3007,4690,94.73684692382813,0,0,0,0,15.000000953674316,0,5,11.111111640930176,5.263157844543457,0,0,5,0,0,0,0,13.636363983154297,0,100,0,0,0,0,66481098752,12884893696,1711910912,0
99,1780596676399,57827.62664794922,4700,1,0.3062499999999999,6936.906799316406,4700,1,0.3062499999999999,6800.165237426758,4700,1,0.3062499999999999,12225.930282592773,4700,1,0.3062499999999999,45821.5354309082,4700,1,0.3062499999999999,37968.226791381836,4700,1,0.3062499999999999,47191.40512084961,4700,1,0.3062499999999999,30053.94874572754,4700,1,0.3062499999999999,7274.226318359375,4700,1,0.3062499999999999,7163.308059692383,4700,1,0.3062499999999999,6754.1092529296875,4700,1,0.3062499999999999,6971.9820556640625,4700,1,0.3062499999999999,14548.296463012695,3007,3007,3007,3007,3007,3007,3007,3007,3007,3007,3007,3007,4690,4691,3007,3007,3007,4690,3007,3007,3007,3007,3007,4690,95.23809814453125,0,4.761904716491699,0,0,9.523809432983398,5,5.263157844543457,0,5.263157844543457,0,0,15.000000953674316,0,0,0,0,5.263157844543457,5.263157844543457,100,0,0,0,0,66481098752,12884893696,1710792704,0
99,1780596676499,57828.36915588379,4700,1,0.30000000000000004,6936.909881591797,4700,1,0.30000000000000004,6800.168319702148,4700,1,0.30000000000000004,12225.934707641602,4700,1,0.30000000000000004,45821.70608520508,4700,1,0.30000000000000004,37968.59265136719,4700,1,0.30000000000000004,47191.65785217285,4700,1,0.30000000000000004,30054.80795288086,4700,1,0.30000000000000004,7274.2293701171875,4700,1,0.30000000000000004,7163.311141967773,4700,1,0.30000000000000004,6754.112335205078,4700,1,0.30000000000000004,6971.985137939453,4700,1,0.30000000000000004,14553.865814208984,3007,3007,3007,3007,3007,3007,3007,3007,3007,3007,3007,3007,4690,4691,3007,3007,3007,4690,3007,3007,3007,3007,3007,4690,95.23809814453125,0,4.761904716491699,0,0,9.523809432983398,5,5.263157844543457,0,5.263157844543457,0,0,15.000000953674316,0,0,0,0,5.263157844543457,5.263157844543457,100,0,0,0,0,66481098752,12884893696,1711640576,0
99,1780596676599,57829.12127685547,4700,1,0.30000000000000004,6936.9129638671875,4700,1,0.30000000000000004,6800.171401977539,4700,1,0.30000000000000004,12225.99853515625,4700,1,0.30000000000000004,45822.02307128906,4700,1,0.30000000000000004,37968.80613708496,4700,1,0.30000000000000004,47191.911392211914,4700,1,0.30000000000000004,30055.679260253906,4700,1,0.30000000000000004,7274.232452392578,4700,1,0.30000000000000004,7163.314193725586,4700,1,0.30000000000000004,6754.115386962891,4700,1,0.30000000000000004,6971.988189697266,4700,1,0.30000000000000004,14559.460861206055,3007,3007,3007,3007,3007,3007,3007,3007,3007,3007,3007,3007,4690,4691,3007,3007,3007,4690,3007,3007,3007,3007,3007,4690,100,0,0,0,0,0,5.263157844543457,15.000000953674316,0,5.263157844543457,0,0,5.263157844543457,0,0,0,0,15.000000953674316,0,100,0,0,0,0,66481098752,12884893696,1712660480,0
99,1780596676699,57829.902908325195,4700,1,0.30000000000000004,6936.916122436523,4700,1,0.30000000000000004,6800.174575805664,4700,1,0.30000000000000004,12226.103118896484,4700,1,0.30000000000000004,45822.202407836914,4700,1,0.30000000000000004,37969.09736633301,4700,1,0.30000000000000004,47192.2194519043,4700,1,0.30000000000000004,30056.560775756836,4700,1,0.30000000000000004,7274.235565185547,4700,1,0.30000000000000004,7163.317276000977,4700,1,0.30000000000000004,6754.118469238281,4700,1,0.30000000000000004,6971.9913330078125,4700,1,0.30000000000000004,14564.973358154297,3007,3007,3007,3007,3007,3007,3007,3007,3007,3007,3007,3007,4690,4691,3007,3007,3007,4690,3007,3007,3007,3007,3007,4690,100,0,0,0,0,0,5.263157844543457,15.000000953674316,0,5.263157844543457,0,0,5.263157844543457,0,0,0,0,15.000000953674316,0,100,0,0,0,0,66481098752,12884893696,1708077056,0
99,1780596676799,57830.66438293457,4700,1,0.3062499999999999,6936.919204711914,4700,1,0.3062499999999999,6800.180267333984,4700,1,0.3062499999999999,12226.166015625,4700,1,0.3062499999999999,45822.49559020996,4700,1,0.3062499999999999,37969.307708740234,4700,1,0.3062499999999999,47192.48178100586,4700,1,0.3062499999999999,30057.43719482422,4700,1,0.3062499999999999,7274.2386474609375,4700,1,0.3062499999999999,7163.320358276367,4700,1,0.3062499999999999,6754.121551513672,4700,1,0.3062499999999999,6971.994415283203,4700,1,0.3062499999999999,14570.5654296875,3007,3007,3007,3007,3007,3007,3007,3007,3007,3007,3007,3007,4690,4691,3007,3007,3007,4690,3007,3007,3007,3007,3007,4690,94.44444274902344,0,0,0,0,0,14.285715103149414,5,0,10,0,0,18.18181800842285,0,0,0,0,5.263157844543457,5,100,0,0,0,0,66481098752,12884893696,1710301184,0
99,1780596676899,57831.42823791504,4700,1,0.3062499999999999,6936.922286987305,4700,1,0.3062499999999999,6800.183410644531,4700,1,0.3062499999999999,12226.174194335938,4700,1,0.3062499999999999,45822.83644104004,4700,1,0.3062499999999999,37969.52185058594,4700,1,0.3062499999999999,47192.7371673584,4700,1,0.3062499999999999,30058.307662963867,4700,1,0.3062499999999999,7274.241729736328,4700,1,0.3062499999999999,7163.323440551758,4700,1,0.3062499999999999,6754.1246337890625,4700,1,0.3062499999999999,6971.99755859375,4700,1,0.3062499999999999,14576.137390136719,3007,3007,3007,3007,3007,3007,3007,3007,3007,3007,3007,3007,4690,4691,3007,3007,3007,4690,3007,3007,3007,3007,3007,4690,94.44444274902344,0,0,0,0,0,14.285715103149414,5,0,10,0,0,18.18181800842285,0,0,0,0,5.263157844543457,5,100,0,0,0,0,66481098752,12884893696,1709563904,0
99,1780596676999,57832.187423706055,4700,1,0.3062499999999999,6936.925369262695,4700,1,0.3062499999999999,6800.186492919922,4700,1,0.3062499999999999,12226.178833007813,4700,1,0.3062499999999999,45823.081130981445,4700,1,0.3062499999999999,37969.777282714844,4700,1,0.3062499999999999,47193.08093261719,4700,1,0.3062499999999999,30059.177658081055,4700,1,0.3062499999999999,7274.244812011719,4700,1,0.3062499999999999,7163.326522827148,4700,1,0.3062499999999999,6754.127716064453,4700,1,0.3062499999999999,6972.000640869141,4700,1,0.3062499999999999,14581.695495605469,3007,3007,3007,3007,3007,3007,3007,3007,3007,3007,3007,3007,4690,4691,3007,3007,3007,4690,3007,3007,3007,3007,3007,4690,100,0,0,0,0,0,5.263157844543457,0,17.39130401611328,10,0,0,11.111111640930176,0,0,0,0,5.555555820465088,0,100,0,0,0,0,66481098752,12884893696,1710936064,0
99,1780596677099,57832.934829711914,4700,1,0.3062499999999999,6936.928558349609,4700,1,0.3062499999999999,6800.191482543945,4700,1,0.3062499999999999,12226.183776855469,4700,1,0.3062499999999999,45823.29704284668,4700,1,0.3062499999999999,37970.03747558594,4700,1,0.3062499999999999,47193.43328857422,4700,1,0.3062499999999999,30060.037170410156,4700,1,0.3062499999999999,7274.247894287109,4700,1,0.3062499999999999,7163.329574584961,4700,1,0.3062499999999999,6754.130798339844,4700,1,0.3062499999999999,6972.003723144531,4700,1,0.3062499999999999,14587.241989135742,3007,3007,3007,3007,3007,3007,3007,3007,3007,3007,3007,3007,4690,4691,3007,3007,3007,4690,3007,3007,3007,3007,3007,4690,100,0,0,0,0,0,5.263157844543457,0,17.39130401611328,10,0,0,11.111111640930176,0,0,0,0,5.555555820465088,0,100,0,0,0,0,66481098752,12884893696,1710014464,0
99,1780596677199,57833.689361572266,4700,1,0.30000000000000004,6936.931640625,4700,1,0.30000000000000004,6800.194610595703,4700,1,0.30000000000000004,12226.428283691406,4700,1,0.30000000000000004,45823.552001953125,4700,1,0.30000000000000004,37970.279220581055,4700,1,0.30000000000000004,47193.6575012207,4700,1,0.30000000000000004,30060.904205322266,4700,1,0.30000000000000004,7274.2509765625,4700,1,0.30000000000000004,7163.33268737793,4700,1,0.30000000000000004,6754.133850097656,4700,1,0.30000000000000004,6972.006851196289,4700,1,0.30000000000000004,14592.791519165039,3007,3007,3007,3007,3007,3007,3007,3007,3007,3007,3007,3007,4690,4691,3007,3007,3007,4690,3007,3007,3007,3007,3007,4690,94.73684692382813,0,0,0,0,4.761904716491699,0,4.761904716491699,11.111111640930176,10,0,0,19.047618865966797,0,0,0,0,15.000000953674316,0,100,0,0,0,0,66481098752,12884893696,1712316416,0
99,1780596677299,57834.43901062012,4700,1,0.30000000000000004,6936.934875488281,4700,1,0.30000000000000004,6800.197814941406,4700,1,0.30000000000000004,12226.69157409668,4700,1,0.30000000000000004,45823.79689025879,4700,1,0.30000000000000004,37970.505630493164,4700,1,0.30000000000000004,47193.91264343262,4700,1,0.30000000000000004,30061.770141601563,4700,1,0.30000000000000004,7274.254119873047,4700,1,0.30000000000000004,7163.33576965332,4700,1,0.30000000000000004,6754.136932373047,4700,1,0.30000000000000004,6972.00993347168,4700,1,0.30000000000000004,14598.402526855469,3007,3007,3007,3007,3007,3007,3007,3007,3007,3007,3007,3007,4690,4691,3007,3007,3007,4690,3007,3007,3007,3007,3007,4690,94.73684692382813,0,0,0,0,4.761904716491699,0,4.761904716491699,11.111111640930176,10,0,0,19.047618865966797,0,0,0,0,15.000000953674316,0,100,0,0,0,0,66481098752,12884893696,1712160768,0
99,1780596677399,57835.187271118164,4700,1,0.3062499999999999,6936.937973022461,4700,1,0.3062499999999999,6800.200973510742,4700,1,0.3062499999999999,12226.95083618164,4700,1,0.3062499999999999,45824.04708862305,4700,1,0.3062499999999999,37970.75193786621,4700,1,0.3062499999999999,47194.14225769043,4700,1,0.3062499999999999,30062.640594482422,4700,1,0.3062499999999999,7274.2572021484375,4700,1,0.3062499999999999,7163.338851928711,4700,1,0.3062499999999999,6754.1400146484375,4700,1,0.3062499999999999,6972.013092041016,4700,1,0.3062499999999999,14603.962005615234,3007,3007,3007,3007,3007,3007,3007,3007,3007,3007,3007,3007,4690,4691,3007,3007,3007,4690,3007,3007,3007,3007,3007,4690,94.73684692382813,0,0,0,0,0,0,0,10.526315689086914,0,0,0,15.789472579956055,0,0,0,0,0,0,100,0,0,0,0,66481098752,12884893696,1712320512,0
99,1780596677499,57835.934982299805,4700,1,0.3062499999999999,6936.941146850586,4700,1,0.3062499999999999,6800.204162597656,4700,1,0.3062499999999999,12227.217758178711,4700,1,0.3062499999999999,45824.28157043457,4700,1,0.3062499999999999,37970.9909362793,4700,1,0.3062499999999999,47194.39060974121,4700,1,0.3062499999999999,30063.509643554688,4700,1,0.3062499999999999,7274.260284423828,4700,1,0.3062499999999999,7163.341934204102,4700,1,0.3062499999999999,6754.143096923828,4700,1,0.3062499999999999,6972.016174316406,4700,1,0.3062499999999999,14609.620498657227,3007,3007,3007,3007,3007,3007,3007,3007,3007,3007,3007,3007,4690,4691,3007,3007,3007,4690,3007,3007,3007,3007,3007,4690,94.73684692382813,0,0,0,0,0,0,0,10.526315689086914,0,0,0,15.789472579956055,0,0,0,0,0,0,100,0,0,0,0,66481098752,12884893696,1711955968,0
99,1780596677599,57836.6834564209,4700,1,0.30000000000000004,6936.944229125977,4700,1,0.3062499999999999,6800.207244873047,4700,1,0.3062499999999999,12227.47622680664,4700,1,0.30000000000000004,45824.50311279297,4700,1,0.30000000000000004,37971.2438659668,4700,1,0.30000000000000004,47194.632415771484,4700,1,0.30000000000000004,30064.381713867188,4700,1,0.30000000000000004,7274.263366699219,4700,1,0.3062499999999999,7163.345016479492,4700,1,0.3062499999999999,6754.146179199219,4700,1,0.3062499999999999,6972.02311706543,4700,1,0.3062499999999999,14615.199508666992,3007,3007,3007,3007,3007,3007,3007,3007,3007,3007,3007,3007,4690,4691,3007,3007,3007,4690,3007,3007,3007,3007,3007,4690,95.23809814453125,0,0,0,0,0,0,0,10.526315689086914,5.263157844543457,0,0,10,0,0,0,0,10.526315689086914,0,100,0,0,0,0,66481098752,12884893696,1712357376,0
99,1780596677699,57837.433197021484,4700,1,0.30000000000000004,6936.947311401367,4700,1,0.3062499999999999,6800.21208190918,4700,1,0.3062499999999999,12227.644973754883,4700,1,0.30000000000000004,45824.7635345459,4700,1,0.30000000000000004,37971.48567199707,4700,1,0.30000000000000004,47194.89990234375,4700,1,0.30000000000000004,30065.251846313477,4700,1,0.30000000000000004,7274.266448974609,4700,1,0.30000000000000004,7163.348098754883,4700,1,0.3062499999999999,6754.149261474609,4700,1,0.3062499999999999,6972.026275634766,4700,1,0.3062499999999999,14620.79769897461,3007,3007,3007,3007,3007,3007,3007,3007,3007,3007,3007,3007,4690,4691,3007,3007,3007,4690,3007,3007,3007,3007,3007,4690,95.23809814453125,0,0,0,0,0,0,0,10.526315689086914,5.263157844543457,0,0,10,0,0,0,0,10.526315689086914,0,100,0,0,0,0,66481098752,12884893696,1707692032,0
99,1780596677799,57838.17900085449,4700,1,0.30000000000000004,6936.950393676758,4700,1,0.30000000000000004,6800.21516418457,4700,1,0.3062499999999999,12227.649719238281,4700,1,0.30000000000000004,45824.99687194824,4700,1,0.30000000000000004,37971.70965576172,4700,1,0.30000000000000004,47195.26811218262,4700,1,0.30000000000000004,30066.121047973633,4700,1,0.30000000000000004,7274.26953125,4700,1,0.30000000000000004,7163.351181030273,4700,1,0.30000000000000004,6754.15234375,4700,1,0.30000000000000004,6972.029357910156,4700,1,0.30000000000000004,14626.328643798828,3007,3007,3007,3007,3007,3007,3007,3007,3007,3007,3007,3007,4690,4691,3007,3007,3007,4690,3007,3007,3007,3007,3007,4690,100,4.761904716491699,0,0,0,0,0,0,15.789472579956055,10,0,0,15.789472579956055,0,0,0,0,10,0,100,0,0,0,0,66481098752,12884893696,1709256704,0
99,1780596677899,57838.94877624512,4700,1,0.30000000000000004,6936.953521728516,4700,1,0.30000000000000004,6800.2183837890625,4700,1,0.30000000000000004,12227.805877685547,4700,1,0.30000000000000004,45825.21203613281,4700,1,0.30000000000000004,37971.96614074707,4700,1,0.30000000000000004,47195.56140136719,4700,1,0.30000000000000004,30066.97444152832,4700,1,0.30000000000000004,7274.2725830078125,4700,1,0.30000000000000004,7163.354232788086,4700,1,0.30000000000000004,6754.1553955078125,4700,1,0.30000000000000004,6972.032470703125,4700,1,0.30000000000000004,14631.820327758789,3007,3007,3007,3007,3007,3007,3007,3007,3007,3007,3007,3007,4690,4691,3007,3007,3007,4690,3007,3007,3007,3007,3007,4690,100,4.761904716491699,0,0,0,0,0,0,15.789472579956055,10,0,0,15.789472579956055,0,0,0,0,10,0,100,0,0,0,0,66481098752,12884893696,1707986944,0
99,1780596677999,57839.71905517578,4700,1,0.3062499999999999,6936.956604003906,4700,1,0.3062499999999999,6800.221466064453,4700,1,0.3062499999999999,12228.118957519531,4700,1,0.3062499999999999,45825.431716918945,4700,1,0.3062499999999999,37972.20640563965,4700,1,0.3062499999999999,47195.79063415527,4700,1,0.3062499999999999,30067.821044921875,4700,1,0.3062499999999999,7274.275665283203,4700,1,0.3062499999999999,7163.357315063477,4700,1,0.3062499999999999,6754.158477783203,4700,1,0.3062499999999999,6972.035552978516,4700,1,0.3062499999999999,14637.384307861328,3007,3007,3007,3007,3007,3007,3007,3007,3007,3007,3007,3007,4690,4691,3007,3007,3007,4690,3007,3007,3007,3007,3007,4690,95.23809814453125,5,0,0,4.761904716491699,0,0,0,15.000000953674316,4.761904716491699,0,0,5,0,0,0,0,15.000000953674316,0,100,0,0,0,0,66481098752,12884893696,1711730688,0
99,1780596678099,57840.49641418457,4700,1,0.3062499999999999,6936.959686279297,4700,1,0.3062499999999999,6800.224548339844,4700,1,0.3062499999999999,12228.415725708008,4700,1,0.3062499999999999,45825.649353027344,4700,1,0.3062499999999999,37972.460220336914,4700,1,0.3062499999999999,47196.02879333496,4700,1,0.3062499999999999,30068.675521850586,4700,1,0.3062499999999999,7274.278747558594,4700,1,0.3062499999999999,7163.360397338867,4700,1,0.3062499999999999,6754.161560058594,4700,1,0.3062499999999999,6972.038635253906,4700,1,0.3062499999999999,14642.983795166016,3007,3007,3007,3007,3007,3007,3007,3007,3007,3007,3007,3007,4690,4691,3007,3007,3007,4690,3007,3007,3007,3007,3007,4690,95.23809814453125,5,0,0,4.761904716491699,0,0,0,15.000000953674316,4.761904716491699,0,0,5,0,0,0,0,15.000000953674316,0,100,0,0,0,0,66481098752,12884893696,1707069440,0
99,1780596678199,57841.250747680664,4700,1,0.3062499999999999,6936.9627685546875,4700,1,0.3062499999999999,6800.227691650391,4700,1,0.3062499999999999,12228.666778564453,4700,1,0.3062499999999999,45825.89839172363,4700,1,0.3062499999999999,37972.718322753906,4700,1,0.3062499999999999,47196.24882507324,4700,1,0.3062499999999999,30069.544189453125,4700,1,0.3062499999999999,7274.281921386719,4700,1,0.3062499999999999,7163.363479614258,4700,1,0.3062499999999999,6754.164642333984,4700,1,0.3062499999999999,6972.041793823242,4700,1,0.3062499999999999,14648.612487792969,3007,3007,3007,3007,3007,3007,3007,3007,3007,3007,3007,3007,4690,4691,3007,3007,3007,4690,3007,3007,3007,3007,3007,4690,100,5,0,0,0,5,15.000000953674316,5,10.526315689086914,0,0,0,0,0,0,0,0,10,0,100,0,0,0,0,66481098752,12884893696,1707253760,0
99,1780596678299,57842.0078125,4700,1,0.30000000000000004,6936.966079711914,4700,1,0.3062499999999999,6800.231094360352,4700,1,0.3062499999999999,12228.915908813477,4700,1,0.30000000000000004,45825.99351501465,4700,1,0.30000000000000004,37972.91647338867,4700,1,0.30000000000000004,47196.56260681152,4700,1,0.30000000000000004,30070.417282104492,4700,1,0.30000000000000004,7274.2850341796875,4700,1,0.30000000000000004,7163.366561889648,4700,1,0.3062499999999999,6754.167724609375,4700,1,0.3062499999999999,6972.044876098633,4700,1,0.3062499999999999,14654.109619140625,3007,3007,3007,3007,3007,3007,3007,3007,3007,3007,3007,3007,4690,4691,3007,3007,3007,4690,3007,3007,3007,3007,3007,4690,100,5,0,0,0,5,15.000000953674316,5,10.526315689086914,0,0,0,0,0,0,0,0,10,0,100,0,0,0,0,66481098752,12884893696,1707982848,0
99,1780596678400,57842.76611328125,4700,1,0.3062499999999999,6936.969161987305,4700,1,0.3062499999999999,6800.234237670898,4700,1,0.3062499999999999,12229.116729736328,4700,1,0.3062499999999999,45826.349349975586,4700,1,0.3062499999999999,37973.000259399414,4700,1,0.3062499999999999,47196.7946472168,4700,1,0.3062499999999999,30071.280807495117,4700,1,0.3062499999999999,7274.288116455078,4700,1,0.3062499999999999,7163.369644165039,4700,1,0.3062499999999999,6754.170806884766,4700,1,0.3062499999999999,6972.048034667969,4700,1,0.3062499999999999,14659.625991821289,3007,3007,3007,3007,3007,3007,3007,3007,3007,3007,3007,3007,4690,4691,3007,3007,3007,4690,3007,3007,3007,3007,3007,4690,95,0,0,0,0,5.263157844543457,10,5.263157844543457,15.000000953674316,5,0,0,10,0,0,0,0,0,0,100,0,0,0,0,66481098752,12884893696,1708818432,0
99,1780596678500,57843.518783569336,4700,1,0.30000000000000004,6936.972244262695,4700,1,0.30000000000000004,6800.237319946289,4700,1,0.30000000000000004,12229.441604614258,4700,1,0.30000000000000004,45826.587814331055,4700,1,0.30000000000000004,37973.0048828125,4700,1,0.30000000000000004,47197.039306640625,4700,1,0.30000000000000004,30072.134017944336,4700,1,0.30000000000000004,7274.291198730469,4700,1,0.30000000000000004,7163.372695922852,4700,1,0.30000000000000004,6754.173858642578,4700,1,0.30000000000000004,6972.051116943359,4700,1,0.30000000000000004,14665.057693481445,3007,3007,3007,3007,3007,3007,3007,3007,3007,3007,3007,3007,4690,4691,3007,3007,3007,4690,3007,3007,3007,3007,3007,4690,95,0,0,0,0,5.263157844543457,10,5.263157844543457,15.000000953674316,5,0,0,10,0,0,0,0,0,0,100,0,0,0,0,66481098752,12884893696,1709928448,0
99,1780596678600,57844.27586364746,4700,1,0.30000000000000004,6936.980667114258,4700,1,0.30000000000000004,6800.260299682617,4700,1,0.30000000000000004,12229.73371887207,4700,1,0.30000000000000004,45826.81840515137,4700,1,0.30000000000000004,37973.196380615234,4700,1,0.30000000000000004,47197.17074584961,4700,1,0.30000000000000004,30072.971740722656,4700,1,0.30000000000000004,7274.3184814453125,4700,1,0.30000000000000004,7163.388275146484,4700,1,0.30000000000000004,6754.189804077148,4700,1,0.30000000000000004,6972.06591796875,4700,1,0.30000000000000004,14670.580780029297,3007,3007,3007,3007,3007,3007,3007,3007,3007,3007,3007,3007,4690,4691,3007,3007,3007,4690,3007,3007,3007,3007,3007,4690,100,10.526315689086914,0,0,0,0,10.526315689086914,5,5.263157844543457,5,0,0,0,0,0,0,0,0,5,95,0,0,0,0,66481098752,12884893696,1718841344,0
99,1780596678700,57845.01274108887,4700,1,0.3062499999999999,6936.998275756836,4700,1,0.3062499999999999,6800.287200927734,4700,1,0.3062499999999999,12229.929336547852,4700,1,0.3062499999999999,45827.10224914551,4700,1,0.3062499999999999,37973.40588378906,4700,1,0.3062499999999999,47197.304443359375,4700,1,0.3062499999999999,30073.748825073242,4700,1,0.3062499999999999,7274.3369140625,4700,1,0.3062499999999999,7163.4114990234375,4700,1,0.3062499999999999,6754.218032836914,4700,1,0.3062499999999999,6972.095901489258,4700,1,0.3062499999999999,14675.983489990234,3007,3007,3007,3007,3007,3007,3007,3007,3007,3007,3007,3007,4690,4691,3007,3007,3007,4690,3007,3007,3007,3007,3007,4690,100,10.526315689086914,0,0,0,0,10.526315689086914,5,5.263157844543457,5,0,0,0,0,0,0,0,0,5,95,0,0,0,0,66481098752,12884893696,1706725376,0
99,1780596678800,57845.77267456055,4700,1,0.3062499999999999,6937.0023193359375,4700,1,0.3062499999999999,6800.2908935546875,4700,1,0.3062499999999999,12230.139923095703,4700,1,0.3062499999999999,45827.3717956543,4700,1,0.3062499999999999,37973.66325378418,4700,1,0.3062499999999999,47197.545349121094,4700,1,0.3062499999999999,30074.61701965332,4700,1,0.3062499999999999,7274.340148925781,4700,1,0.3062499999999999,7163.414581298828,4700,1,0.3062499999999999,6754.221115112305,4700,1,0.3062499999999999,6972.106521606445,4700,1,0.3062499999999999,14681.548156738281,3007,3007,3007,3007,3007,3007,3007,3007,3007,3007,3007,3007,4690,4691,3007,3007,3007,4690,3007,3007,3007,3007,3007,4690,100,9.523809432983398,0,0,4.761904716491699,0,9.523809432983398,0,10,5.263157844543457,0,0,19.047618865966797,0,0,0,0,0,0,95,0,0,0,0,66481098752,12884893696,1707618304,0
99,1780596678900,57846.54455566406,4700,1,0.3062499999999999,6937.005447387695,4700,1,0.3062499999999999,6800.293975830078,4700,1,0.3062499999999999,12230.352966308594,4700,1,0.3062499999999999,45827.669494628906,4700,1,0.3062499999999999,37973.91749572754,4700,1,0.3062499999999999,47197.76942443848,4700,1,0.3062499999999999,30075.47413635254,4700,1,0.3062499999999999,7274.34326171875,4700,1,0.3062499999999999,7163.417724609375,4700,1,0.3062499999999999,6754.224197387695,4700,1,0.3062499999999999,6972.109664916992,4700,1,0.3062499999999999,14687.129440307617,3007,3007,3007,3007,3007,3007,3007,3007,3007,3007,3007,3007,4690,4691,3007,3007,3007,4690,3007,3007,3007,3007,3007,4690,100,9.523809432983398,0,0,4.761904716491699,0,9.523809432983398,0,10,5.263157844543457,0,0,19.047618865966797,0,0,0,0,0,0,95,0,0,0,0,66481098752,12884893696,1710231552,0
99,1780596679000,57847.301849365234,4700,1,0.3062499999999999,6937.008575439453,4700,1,0.3062499999999999,6800.297164916992,4700,1,0.3062499999999999,12230.600158691406,4700,1,0.3062499999999999,45827.9080657959,4700,1,0.3062499999999999,37974.16145324707,4700,1,0.3062499999999999,47198.01789855957,4700,1,0.3062499999999999,30076.341384887695,4700,1,0.3062499999999999,7274.346343994141,4700,1,0.3062499999999999,7163.420806884766,4700,1,0.3062499999999999,6754.227310180664,4700,1,0.3062499999999999,6972.112747192383,4700,1,0.3062499999999999,14692.739166259766,3007,3007,3007,3007,3007,3007,3007,3007,3007,3007,3007,3007,4690,4691,3007,3007,3007,4690,3007,3007,3007,3007,3007,4690,95.23809814453125,5,0,0,0,0,5,10,10.526315689086914,0,0,0,15.789472579956055,0,0,0,0,0,0,100,0,0,0,0,66481098752,12884893696,1710084096,0
99,1780596679100,57848.05813598633,4700,1,0.30000000000000004,6937.011657714844,4700,1,0.3062499999999999,6800.300247192383,4700,1,0.3062499999999999,12230.819320678711,4700,1,0.30000000000000004,45828.16482543945,4700,1,0.30000000000000004,37974.40939331055,4700,1,0.30000000000000004,47198.27949523926,4700,1,0.30000000000000004,30077.20980834961,4700,1,0.30000000000000004,7274.349426269531,4700,1,0.30000000000000004,7163.423889160156,4700,1,0.30000000000000004,6754.230392456055,4700,1,0.30000000000000004,6972.115829467773,4700,1,0.30000000000000004,14698.342193603516,3007,3007,3007,3007,3007,3007,3007,3007,3007,3007,3007,3007,4690,4691,3007,3007,3007,4690,3007,3007,3007,3007,3007,4690,95.23809814453125,5,0,0,0,0,5,10,10.526315689086914,0,0,0,15.789472579956055,0,0,0,0,0,0,100,0,0,0,0,66481098752,12884893696,1711595520,0
99,1780596679200,57848.80680847168,4700,1,0.3062499999999999,6937.014785766602,4700,1,0.3062499999999999,6800.303329467773,4700,1,0.3062499999999999,12231.144760131836,4700,1,0.3062499999999999,45828.264068603516,4700,1,0.3062499999999999,37974.479736328125,4700,1,0.3062499999999999,47198.54879760742,4700,1,0.3062499999999999,30078.07080078125,4700,1,0.3062499999999999,7274.352554321289,4700,1,0.3062499999999999,7163.427047729492,4700,1,0.3062499999999999,6754.233474731445,4700,1,0.3062499999999999,6972.118988037109,4700,1,0.3062499999999999,14703.717041015625,3007,3007,3007,3007,3007,3007,3007,3007,3007,3007,3007,3007,4690,4691,3007,3007,3007,4690,3007,3007,3007,3007,3007,4690,100,0,0,0,0,10,0,5.263157844543457,13.636363983154297,10,0,0,5.263157844543457,0,0,0,0,0,0,100,0,0,0,0,66481098752,12884893696,1714143232,0
99,1780596679300,57849.56640625,4700,1,0.30000000000000004,6937.017974853516,4700,1,0.30000000000000004,6800.320098876953,4700,1,0.30000000000000004,12231.47134399414,4700,1,0.30000000000000004,45828.53414916992,4700,1,0.30000000000000004,37974.55320739746,4700,1,0.30000000000000004,47198.679626464844,4700,1,0.30000000000000004,30078.941986083984,4700,1,0.30000000000000004,7274.355606079102,4700,1,0.30000000000000004,7163.430130004883,4700,1,0.30000000000000004,6754.236587524414,4700,1,0.30000000000000004,6972.122039794922,4700,1,0.30000000000000004,14709.19010925293,3007,3007,3007,3007,3007,3007,3007,3007,3007,3007,3007,3007,4690,4691,3007,3007,3007,4690,3007,3007,3007,3007,3007,4690,100,0,0,0,0,10,0,5.263157844543457,13.636363983154297,10,0,0,5.263157844543457,0,0,0,0,0,0,100,0,0,0,0,66481098752,12884893696,1714372608,0
99,1780596679400,57850.32518005371,4700,1,0.30000000000000004,6937.021194458008,4700,1,0.30000000000000004,6800.32893371582,4700,1,0.30000000000000004,12231.661819458008,4700,1,0.30000000000000004,45828.89712524414,4700,1,0.30000000000000004,37974.77470397949,4700,1,0.30000000000000004,47198.6981048584,4700,1,0.30000000000000004,30079.814422607422,4700,1,0.30000000000000004,7274.35871887207,4700,1,0.30000000000000004,7163.433288574219,4700,1,0.30000000000000004,6754.239669799805,4700,1,0.30000000000000004,6972.125198364258,4700,1,0.30000000000000004,14714.633224487305,3007,3007,3007,3007,3007,3007,3007,3007,3007,3007,3007,3007,4690,4691,3007,3007,3007,4690,3007,3007,3007,3007,3007,4690,94.73684692382813,10,0,0,0,0,11.111111640930176,0,5,5.263157844543457,0,0,5.263157844543457,0,0,0,0,0,0,100,0,0,0,0,66481098752,12884893696,1712586752,0
99,1780596679500,57851.09194946289,4700,1,0.3062499999999999,6937.0242919921875,4700,1,0.3062499999999999,6800.332061767578,4700,1,0.3062499999999999,12231.963348388672,4700,1,0.3062499999999999,45829.15524291992,4700,1,0.3062499999999999,37975.00422668457,4700,1,0.3062499999999999,47198.8291015625,4700,1,0.3062499999999999,30080.68687438965,4700,1,0.3062499999999999,7274.361801147461,4700,1,0.3062499999999999,7163.436370849609,4700,1,0.3062499999999999,6754.242736816406,4700,1,0.3062499999999999,6972.128280639648,4700,1,0.3062499999999999,14720.20442199707,3007,3007,3007,3007,3007,3007,3007,3007,3007,3007,3007,3007,4690,4691,3007,3007,3007,4690,3007,3007,3007,3007,3007,4690,94.73684692382813,10,0,0,0,0,11.111111640930176,0,5,5.263157844543457,0,0,5.263157844543457,0,0,0,0,0,0,100,0,0,0,0,66481098752,12884893696,1714032640,0
99,1780596679600,57851.84558105469,4700,1,0.3062499999999999,6937.0274658203125,4700,1,0.3062499999999999,6800.335144042969,4700,1,0.3062499999999999,12232.21955871582,4700,1,0.3062499999999999,45829.35008239746,4700,1,0.3062499999999999,37975.020263671875,4700,1,0.3062499999999999,47199.18313598633,4700,1,0.3062499999999999,30081.555618286133,4700,1,0.3062499999999999,7274.364944458008,4700,1,0.3062499999999999,7163.439453125,4700,1,0.3062499999999999,6754.245819091797,4700,1,0.3062499999999999,6972.131362915039,4700,1,0.3062499999999999,14725.591491699219,3007,3007,3007,3007,3007,3007,3007,3007,3007,3007,3007,3007,4690,4691,3007,3007,3007,4690,3007,3007,3007,3007,3007,4690,95,5,0,0,9.090909004211426,5,5.263157844543457,9.523809432983398,5.263157844543457,5.263157844543457,0,0,4.761904716491699,0,0,0,0,0,5.555555820465088,100,0,0,0,0,66481098752,12884893696,1716908032,0
99,1780596679700,57852.599197387695,4700,1,0.30000000000000004,6937.03059387207,4700,1,0.30000000000000004,6800.338317871094,4700,1,0.30000000000000004,12232.277893066406,4700,1,0.30000000000000004,45829.697357177734,4700,1,0.30000000000000004,37975.06544494629,4700,1,0.30000000000000004,47199.4598236084,4700,1,0.30000000000000004,30082.423873901367,4700,1,0.30000000000000004,7274.368057250977,4700,1,0.30000000000000004,7163.442596435547,4700,1,0.30000000000000004,6754.248977661133,4700,1,0.30000000000000004,6972.141494750977,4700,1,0.30000000000000004,14731.023132324219,3007,3007,3007,3007,3007,3007,3007,3007,3007,3007,3007,3007,4690,4691,3007,3007,3007,4690,3007,3007,3007,3007,3007,4690,95,5,0,0,9.090909004211426,5,5.263157844543457,9.523809432983398,5.263157844543457,5.263157844543457,0,0,4.761904716491699,0,0,0,0,0,5.555555820465088,100,0,0,0,0,66481098752,12884893696,1711464448,0
99,1780596679800,57853.363708496094,4700,1,0.30000000000000004,6937.033782958984,4700,1,0.30000000000000004,6800.345230102539,4700,1,0.30000000000000004,12232.432754516602,4700,1,0.30000000000000004,45829.931243896484,4700,1,0.30000000000000004,37975.28369140625,4700,1,0.30000000000000004,47199.752182006836,4700,1,0.30000000000000004,30083.27328491211,4700,1,0.30000000000000004,7274.371139526367,4700,1,0.30000000000000004,7163.445709228516,4700,1,0.30000000000000004,6754.252059936523,4700,1,0.30000000000000004,6972.144577026367,4700,1,0.30000000000000004,14736.523986816406,3007,3007,3007,3007,3007,3007,3007,3007,3007,3007,3007,3007,4690,4691,3007,3007,3007,4690,3007,3007,3007,3007,3007,4690,100,0,0,0,0,5,15.000000953674316,5.263157844543457,5,0,0,0,15.789472579956055,0,0,0,0,0,5,100,0,0,0,0,66481098752,12884893696,1707659264,0
99,1780596679900,57854.11737060547,4700,1,0.30000000000000004,6937.036911010742,4700,1,0.30000000000000004,6800.34831237793,4700,1,0.30000000000000004,12232.509735107422,4700,1,0.30000000000000004,45829.955978393555,4700,1,0.30000000000000004,37975.627517700195,4700,1,0.30000000000000004,47200.03251647949,4700,1,0.30000000000000004,30084.147994995117,4700,1,0.30000000000000004,7274.374267578125,4700,1,0.30000000000000004,7163.448883056641,4700,1,0.30000000000000004,6754.255142211914,4700,1,0.30000000000000004,6972.147735595703,4700,1,0.30000000000000004,14741.99642944336,3007,3007,3007,3007,3007,3007,3007,3007,3007,3007,3007,3007,4690,4691,3007,3007,3007,4690,3007,3007,3007,3007,3007,4690,100,0,0,0,0,5,15.000000953674316,5.263157844543457,5,0,0,0,15.789472579956055,0,0,0,0,0,5,100,0,0,0,0,66481098752,12884893696,1708597248,0
99,1780596680000,57854.89128112793,4700,1,0.30000000000000004,6937.039993286133,4700,1,0.30000000000000004,6800.35139465332,4700,1,0.30000000000000004,12232.655487060547,4700,1,0.30000000000000004,45830.048904418945,4700,1,0.30000000000000004,37975.892166137695,4700,1,0.30000000000000004,47200.34910583496,4700,1,0.30000000000000004,30085.01887512207,4700,1,0.30000000000000004,7274.3773193359375,4700,1,0.30000000000000004,7163.451934814453,4700,1,0.30000000000000004,6754.258224487305,4700,1,0.30000000000000004,6972.150817871094,4700,1,0.30000000000000004,14747.488143920898,3007,3007,3007,3007,3007,3007,3007,3007,3007,3007,3007,3007,4690,4691,3007,3007,3007,4690,3007,3007,3007,3007,3007,4690,95.23809814453125,0,0,0,0,0,0,18.18181800842285,13.636363983154297,5.263157844543457,0,0,0,0,0,0,0,10.526315689086914,0,100,0,0,0,0,66481098752,12884893696,1708175360,0
99,1780596680100,57855.648361206055,4700,1,0.3062499999999999,6937.043045043945,4700,1,0.3062499999999999,6800.354446411133,4700,1,0.3062499999999999,12232.897567749023,4700,1,0.3062499999999999,45830.26289367676,4700,1,0.3062499999999999,37976.15641784668,4700,1,0.3062499999999999,47200.61018371582,4700,1,0.3062499999999999,30085.885665893555,4700,1,0.3062499999999999,7274.380447387695,4700,1,0.3062499999999999,7163.455017089844,4700,1,0.3062499999999999,6754.261276245117,4700,1,0.3062499999999999,6972.153869628906,4700,1,0.3062499999999999,14752.990966796875,3007,3007,3007,3007,3007,3007,3007,3007,3007,3007,3007,3007,4690,4691,3007,3007,3007,4690,3007,3007,3007,3007,3007,4690,95.23809814453125,0,0,0,0,0,0,18.18181800842285,13.636363983154297,5.263157844543457,0,0,0,0,0,0,0,10.526315689086914,0,100,0,0,0,0,66481098752,12884893696,1706737664,0
99,1780596680201,57856.405334472656,4700,1,0.3062499999999999,6937.046279907227,4700,1,0.3062499999999999,6800.36083984375,4700,1,0.3062499999999999,12233.088012695313,4700,1,0.3062499999999999,45830.482421875,4700,1,0.3062499999999999,37976.32081604004,4700,1,0.3062499999999999,47200.93101501465,4700,1,0.3062499999999999,30086.755828857422,4700,1,0.3062499999999999,7274.383529663086,4700,1,0.3062499999999999,7163.458190917969,4700,1,0.3062499999999999,6754.264450073242,4700,1,0.3062499999999999,6972.157012939453,4700,1,0.3062499999999999,14758.522842407227,3007,3007,3007,3007,3007,3007,3007,3007,3007,3007,3007,3007,4690,4691,3007,3007,3007,4690,3007,3007,3007,3007,3007,4690,94.73684692382813,5,0,0,0,14.285715103149414,5.263157844543457,0,11.111111640930176,5.263157844543457,0,0,5,0,0,0,0,0,0,100,0,0,0,0,66481098752,12884893696,1709232128,0
99,1780596680301,57857.200942993164,4700,1,0.30000000000000004,6937.049514770508,4700,1,0.30000000000000004,6800.364105224609,4700,1,0.30000000000000004,12233.275283813477,4700,1,0.30000000000000004,45830.71276855469,4700,1,0.30000000000000004,37976.59907531738,4700,1,0.30000000000000004,47201.20805358887,4700,1,0.30000000000000004,30087.620803833008,4700,1,0.30000000000000004,7274.386672973633,4700,1,0.30000000000000004,7163.461380004883,4700,1,0.30000000000000004,6754.267547607422,4700,1,0.30000000000000004,6972.160095214844,4700,1,0.30000000000000004,14764.052810668945,3007,3007,3007,3007,3007,3007,3007,3007,3007,3007,3007,3007,4690,4691,3007,3007,3007,4690,3007,3007,3007,3007,3007,4690,94.73684692382813,5,0,0,0,14.285715103149414,5.263157844543457,0,11.111111640930176,5.263157844543457,0,0,5,0,0,0,0,0,0,100,0,0,0,0,66481098752,12884893696,1708085248,0
99,1780596680401,57857.95495605469,4700,1,0.30000000000000004,6937.052642822266,4700,1,0.3062499999999999,6800.3671875,4700,1,0.3062499999999999,12233.47445678711,4700,1,0.3062499999999999,45830.98986816406,4700,1,0.3062499999999999,37976.7707824707,4700,1,0.3062499999999999,47201.468032836914,4700,1,0.3062499999999999,30088.490921020508,4700,1,0.3062499999999999,7274.389755249023,4700,1,0.3062499999999999,7163.464553833008,4700,1,0.3062499999999999,6754.270645141602,4700,1,0.3062499999999999,6972.163314819336,4700,1,0.3062499999999999,14769.55728149414,3007,3007,3007,3007,3007,3007,3007,3007,3007,3007,3007,3007,4690,4691,3007,3007,3007,4690,3007,3007,3007,3007,3007,4690,100,4.761904716491699,0,0,0,5.263157844543457,10,9.523809432983398,0,0,0,0,14.285715103149414,0,0,0,0,10,5,100,0,0,0,0,66481098752,12884893696,1710862336,0
99,1780596680501,57858.71047973633,4700,1,0.30000000000000004,6937.055725097656,4700,1,0.3062499999999999,6800.370269775391,4700,1,0.3062499999999999,12233.70248413086,4700,1,0.30000000000000004,45831.21434020996,4700,1,0.30000000000000004,37976.789459228516,4700,1,0.30000000000000004,47201.80389404297,4700,1,0.30000000000000004,30089.360565185547,4700,1,0.30000000000000004,7274.392837524414,4700,1,0.30000000000000004,7163.467636108398,4700,1,0.30000000000000004,6754.273696899414,4700,1,0.3062499999999999,6972.166397094727,4700,1,0.3062499999999999,14775.020645141602,3007,3007,3007,3007,3007,3007,3007,3007,3007,3007,3007,3007,4690,4691,3007,3007,3007,4690,3007,3007,3007,3007,3007,4690,100,4.761904716491699,0,0,0,5.263157844543457,10,9.523809432983398,0,0,0,0,14.285715103149414,0,0,0,0,10,5,100,0,0,0,0,66481098752,12884893696,1707474944,0
99,1780596680601,57859.46081542969,4700,1,0.30000000000000004,6937.058868408203,4700,1,0.30000000000000004,6800.3734130859375,4700,1,0.30000000000000004,12233.944427490234,4700,1,0.30000000000000004,45831.4365234375,4700,1,0.30000000000000004,37976.810638427734,4700,1,0.30000000000000004,47202.159423828125,4700,1,0.30000000000000004,30090.231674194336,4700,1,0.30000000000000004,7274.395919799805,4700,1,0.30000000000000004,7163.470718383789,4700,1,0.30000000000000004,6754.276779174805,4700,1,0.30000000000000004,6972.169479370117,4700,1,0.30000000000000004,14780.496856689453,3007,3007,3007,3007,3007,3007,3007,3007,3007,3007,3007,3007,4690,4691,3007,3007,3007,4690,3007,3007,3007,3007,3007,4690,100,0,0,0,0,0,10,0,19.047618865966797,10,0,0,0,0,0,0,0,0,20,100,0,0,0,0,66481098752,12884893696,1709547520,0
99,1780596680701,57860.21836853027,4700,1,0.3062499999999999,6937.061996459961,4700,1,0.3062499999999999,6800.376495361328,4700,1,0.3062499999999999,12234.19418334961,4700,1,0.3062499999999999,45831.724197387695,4700,1,0.3062499999999999,37976.83842468262,4700,1,0.3062499999999999,47202.45349121094,4700,1,0.3062499999999999,30091.096237182617,4700,1,0.3062499999999999,7274.398971557617,4700,1,0.3062499999999999,7163.473831176758,4700,1,0.3062499999999999,6754.279815673828,4700,1,0.3062499999999999,6972.172622680664,4700,1,0.3062499999999999,14785.967727661133,3007,3007,3007,3007,3007,3007,3007,3007,3007,3007,3007,3007,4690,4691,3007,3007,3007,4690,3007,3007,3007,3007,3007,4690,100,0,0,0,0,0,10,0,19.047618865966797,10,0,0,0,0,0,0,0,0,20,100,0,0,0,0,66481098752,12884893696,1708040192,0
99,1780596680801,57860.97901916504,4700,1,0.3062499999999999,6937.065048217773,4700,1,0.3062499999999999,6800.379577636719,4700,1,0.3062499999999999,12234.437194824219,4700,1,0.3062499999999999,45831.9861907959,4700,1,0.3062499999999999,37976.857482910156,4700,1,0.3062499999999999,47202.78479003906,4700,1,0.3062499999999999,30091.959045410156,4700,1,0.3062499999999999,7274.402069091797,4700,1,0.3062499999999999,7163.476913452148,4700,1,0.3062499999999999,6754.28288269043,4700,1,0.3062499999999999,6972.177642822266,4700,1,0.3062499999999999,14791.452835083008,3007,3007,3007,3007,3007,3007,3007,3007,3007,3007,3007,3007,4690,4691,3007,3007,3007,4690,3007,3007,3007,3007,3007,4690,95.23809814453125,0,0,0,0,10.526315689086914,9.523809432983398,0,5.263157844543457,5.263157844543457,0,0,11.111111640930176,0,0,0,0,0,10,100,0,0,0,0,66481098752,12884893696,1708589056,0
99,1780596680901,57861.74055480957,4700,1,0.30000000000000004,6937.068176269531,4700,1,0.30000000000000004,6800.382659912109,4700,1,0.30000000000000004,12234.667098999023,4700,1,0.30000000000000004,45832.33834838867,4700,1,0.30000000000000004,37976.87463378906,4700,1,0.30000000000000004,47202.99198913574,4700,1,0.30000000000000004,30092.821502685547,4700,1,0.30000000000000004,7274.4051513671875,4700,1,0.30000000000000004,7163.480072021484,4700,1,0.30000000000000004,6754.285980224609,4700,1,0.30000000000000004,6972.180816650391,4700,1,0.30000000000000004,14796.933380126953,3007,3007,3007,3007,3007,3007,3007,3007,3007,3007,3007,3007,4690,4691,3007,3007,3007,4690,3007,3007,3007,3007,3007,4690,95.23809814453125,0,0,0,0,10.526315689086914,9.523809432983398,0,5.263157844543457,5.263157844543457,0,0,11.111111640930176,0,0,0,0,0,10,100,0,0,0,0,66481098752,12884893696,1706070016,0
99,1780596681001,57862.49980163574,4700,1,0.3062499999999999,6937.071334838867,4700,1,0.3062499999999999,6800.385833740234,4700,1,0.3062499999999999,12234.801849365234,4700,1,0.3062499999999999,45832.59669494629,4700,1,0.3062499999999999,37977.09629821777,4700,1,0.3062499999999999,47203.25379943848,4700,1,0.3062499999999999,30093.681030273438,4700,1,0.3062499999999999,7274.408233642578,4700,1,0.3062499999999999,7163.483154296875,4700,1,0.3062499999999999,6754.289047241211,4700,1,0.3062499999999999,6972.183898925781,4700,1,0.3062499999999999,14802.512771606445,3007,3007,3007,3007,3007,3007,3007,3007,3007,3007,3007,3007,4690,4691,3007,3007,3007,4690,3007,3007,3007,3007,3007,4690,100,0,0,0,0,5,10.526315689086914,0,5.263157844543457,9.523809432983398,0,0,15.000000953674316,0,0,0,0,0,10,100,0,0,0,0,66481098752,12884893696,1708421120,0
99,1780596681101,57863.254943847656,4700,1,0.3062499999999999,6937.074417114258,4700,1,0.3062499999999999,6800.388916015625,4700,1,0.3062499999999999,12235.056777954102,4700,1,0.3062499999999999,45832.87072753906,4700,1,0.3062499999999999,37977.251220703125,4700,1,0.3062499999999999,47203.494720458984,4700,1,0.3062499999999999,30094.546279907227,4700,1,0.3062499999999999,7274.411361694336,4700,1,0.3062499999999999,7163.486236572266,4700,1,0.3062499999999999,6754.292129516602,4700,1,0.3062499999999999,6972.186981201172,4700,1,0.3062499999999999,14808.061798095703,3007,3007,3007,3007,3007,3007,3007,3007,3007,3007,3007,3007,4690,4691,3007,3007,3007,4690,3007,3007,3007,3007,3007,4690,100,0,0,0,0,5,10.526315689086914,0,5.263157844543457,9.523809432983398,0,0,15.000000953674316,0,0,0,0,0,10,100,0,0,0,0,66481098752,12884893696,1712414720,0
99,1780596681201,57864.013671875,4700,1,0.30000000000000004,6937.077545166016,4700,1,0.3062499999999999,6800.391998291016,4700,1,0.3062499999999999,12235.215301513672,4700,1,0.30000000000000004,45833.28260803223,4700,1,0.30000000000000004,37977.27198791504,4700,1,0.30000000000000004,47203.73426818848,4700,1,0.3062499999999999,30095.404693603516,4700,1,0.3062499999999999,7274.414443969727,4700,1,0.3062499999999999,7163.489440917969,4700,1,0.3062499999999999,6754.295181274414,4700,1,0.3062499999999999,6972.190139770508,4700,1,0.3062499999999999,14813.524795532227,3007,3007,3007,3007,3007,3007,3007,3007,3007,3007,3007,3007,4690,4691,3007,3007,3007,4690,3007,3007,3007,3007,3007,4690,95,0,0,0,0,10.526315689086914,0,5,10,0,0,0,15.000000953674316,0,0,0,0,0,0,100,0,0,0,0,66481098752,12884893696,1711931392,0
99,1780596681301,57864.765853881836,4700,1,0.3062499999999999,6937.080856323242,4700,1,0.3062499999999999,6800.395202636719,4700,1,0.3062499999999999,12235.220199584961,4700,1,0.3062499999999999,45833.60166931152,4700,1,0.3062499999999999,37977.434020996094,4700,1,0.3062499999999999,47204.02717590332,4700,1,0.3062499999999999,30096.26951599121,4700,1,0.3062499999999999,7274.417526245117,4700,1,0.3062499999999999,7163.4925537109375,4700,1,0.3062499999999999,6754.29833984375,4700,1,0.3062499999999999,6972.193222045898,4700,1,0.3062499999999999,14819.023956298828,3007,3007,3007,3007,3007,3007,3007,3007,3007,3007,3007,3007,4690,4691,3007,3007,3007,4690,3007,3007,3007,3007,3007,4690,95,0,0,0,0,10.526315689086914,0,5,10,0,0,0,15.000000953674316,0,0,0,0,0,0,100,0,0,0,0,66481098752,12884893696,1711616000,0
99,1780596681401,57865.52081298828,4700,1,0.30000000000000004,6937.084030151367,4700,1,0.30000000000000004,6800.398345947266,4700,1,0.30000000000000004,12235.427459716797,4700,1,0.30000000000000004,45833.832595825195,4700,1,0.30000000000000004,37977.4578704834,4700,1,0.30000000000000004,47204.38540649414,4700,1,0.30000000000000004,30097.13609313965,4700,1,0.30000000000000004,7274.420608520508,4700,1,0.30000000000000004,7163.4957275390625,4700,1,0.30000000000000004,6754.301361083984,4700,1,0.30000000000000004,6972.196426391602,4700,1,0.30000000000000004,14824.418319702148,3007,3007,3007,3007,3007,3007,3007,3007,3007,3007,3007,3007,4690,4691,3007,3007,3007,4690,3007,3007,3007,3007,3007,4690,100,0,0,0,0,0,10,5,10.526315689086914,5.263157844543457,0,0,10,0,0,0,0,0,15.789472579956055,100,0,0,0,0,66481098752,12884893696,1711673344,0
99,1780596681501,57866.27862548828,4700,1,0.30000000000000004,6937.08708190918,4700,1,0.30000000000000004,6800.401397705078,4700,1,0.30000000000000004,12235.677169799805,4700,1,0.30000000000000004,45834.100173950195,4700,1,0.30000000000000004,37977.4854888916,4700,1,0.30000000000000004,47204.68322753906,4700,1,0.30000000000000004,30097.99513244629,4700,1,0.30000000000000004,7274.42366027832,4700,1,0.30000000000000004,7163.498779296875,4700,1,0.30000000000000004,6754.304397583008,4700,1,0.30000000000000004,6972.199478149414,4700,1,0.30000000000000004,14829.921997070313,3007,3007,3007,3007,3007,3007,3007,3007,3007,3007,3007,3007,4690,4691,3007,3007,3007,4690,3007,3007,3007,3007,3007,4690,100,0,0,0,0,0,10,5,10.526315689086914,5.263157844543457,0,0,10,0,0,0,0,0,15.789472579956055,100,0,0,0,0,66481098752,12884893696,1714286592,0
99,1780596681601,57867.05262756348,4700,1,0.30000000000000004,6937.09016418457,4700,1,0.30000000000000004,6800.404479980469,4700,1,0.30000000000000004,12235.930755615234,4700,1,0.30000000000000004,45834.46531677246,4700,1,0.30000000000000004,37977.500396728516,4700,1,0.30000000000000004,47204.869049072266,4700,1,0.30000000000000004,30098.853958129883,4700,1,0.30000000000000004,7274.426742553711,4700,1,0.30000000000000004,7163.501861572266,4700,1,0.30000000000000004,6754.307464599609,4700,1,0.30000000000000004,6972.202560424805,4700,1,0.30000000000000004,14835.32797241211,3007,3007,3007,3007,3007,3007,3007,3007,3007,3007,3007,3007,4690,4691,3007,3007,3007,4690,3007,3007,3007,3007,3007,4690,100,0,0,0,0,5.263157844543457,15.789472579956055,0,10,9.523809432983398,0,0,10,0,0,0,0,0,9.523809432983398,100,0,0,0,0,66481098752,12884893696,1715593216,0
99,1780596681701,57867.80381774902,4700,1,0.30000000000000004,6937.093246459961,4700,1,0.30000000000000004,6800.4075927734375,4700,1,0.30000000000000004,12236.231384277344,4700,1,0.30000000000000004,45834.67414855957,4700,1,0.30000000000000004,37977.58897399902,4700,1,0.30000000000000004,47205.140563964844,4700,1,0.30000000000000004,30099.723861694336,4700,1,0.30000000000000004,7274.429824829102,4700,1,0.30000000000000004,7163.5050048828125,4700,1,0.30000000000000004,6754.310546875,4700,1,0.30000000000000004,6972.205780029297,4700,1,0.30000000000000004,14840.858779907227,3007,3007,3007,3007,3007,3007,3007,3007,3007,3007,3007,3007,4690,4691,3007,3007,3007,4690,3007,3007,3007,3007,3007,4690,100,0,0,0,0,5.263157844543457,15.789472579956055,0,10,9.523809432983398,0,0,10,0,0,0,0,0,9.523809432983398,100,0,0,0,0,66481098752,12884893696,1707339776,0
99,1780596681801,57868.58387756348,4700,1,0.3062499999999999,6937.096389770508,4700,1,0.3062499999999999,6800.410736083984,4700,1,0.3062499999999999,12236.36947631836,4700,1,0.3062499999999999,45834.87649536133,4700,1,0.3062499999999999,37977.82878112793,4700,1,0.3062499999999999,47205.43621826172,4700,1,0.3062499999999999,30100.605987548828,4700,1,0.3062499999999999,7274.432907104492,4700,1,0.3062499999999999,7163.508117675781,4700,1,0.3062499999999999,6754.3135986328125,4700,1,0.3062499999999999,6972.2088623046875,4700,1,0.3062499999999999,14846.37240600586,3007,3007,3007,3007,3007,3007,3007,3007,3007,3007,3007,3007,4690,4691,3007,3007,3007,4690,3007,3007,3007,3007,3007,4690,95.23809814453125,5.263157844543457,0,0,5,0,4.761904716491699,9.523809432983398,5.263157844543457,18.18181800842285,0,0,10,0,0,0,0,0,11.111111640930176,100,0,0,0,0,66481098752,12884893696,1709953024,0
99,1780596681901,57869.33930969238,4700,1,0.3062499999999999,6937.099517822266,4700,1,0.3062499999999999,6800.413879394531,4700,1,0.3062499999999999,12236.37466430664,4700,1,0.3062499999999999,45835.2409362793,4700,1,0.3062499999999999,37978.06690979004,4700,1,0.3062499999999999,47205.65473937988,4700,1,0.3062499999999999,30101.477584838867,4700,1,0.3062499999999999,7274.435989379883,4700,1,0.3062499999999999,7163.511260986328,4700,1,0.3062499999999999,6754.316680908203,4700,1,0.3062499999999999,6972.212005615234,4700,1,0.3062499999999999,14851.934661865234,3007,3007,3007,3007,3007,3007,3007,3007,3007,3007,3007,3007,4690,4691,3007,3007,3007,4690,3007,3007,3007,3007,3007,4690,95.23809814453125,5.263157844543457,0,0,5,0,4.761904716491699,9.523809432983398,5.263157844543457,18.18181800842285,0,0,10,0,0,0,0,0,11.111111640930176,100,0,0,0,0,66481098752,12884893696,1707319296,0
99,1780596682002,57870.09501647949,4700,1,0.3062499999999999,6937.102600097656,4700,1,0.3062499999999999,6800.416961669922,4700,1,0.3062499999999999,12236.379425048828,4700,1,0.3062499999999999,45835.58221435547,4700,1,0.3062499999999999,37978.28846740723,4700,1,0.3062499999999999,47205.926528930664,4700,1,0.3062499999999999,30102.343185424805,4700,1,0.3062499999999999,7274.439071655273,4700,1,0.3062499999999999,7163.514343261719,4700,1,0.3062499999999999,6754.319763183594,4700,1,0.3062499999999999,6972.215087890625,4700,1,0.3062499999999999,14857.550674438477,3007,3007,3007,3007,3007,3007,3007,3007,3007,3007,3007,3007,4690,4691,3007,3007,3007,4690,3007,3007,3007,3007,3007,4690,100,0,0,0,0,0,0,14.285715103149414,19.047618865966797,0,0,0,15.000000953674316,0,0,0,0,0,4.761904716491699,100,0,0,0,0,66481098752,12884893696,1709850624,0
99,1780596682102,57870.84355163574,4700,1,0.30000000000000004,6937.105682373047,4700,1,0.30000000000000004,6800.4200439453125,4700,1,0.30000000000000004,12236.46923828125,4700,1,0.30000000000000004,45835.92111206055,4700,1,0.30000000000000004,37978.52258300781,4700,1,0.30000000000000004,47206.142578125,4700,1,0.30000000000000004,30103.19938659668,4700,1,0.30000000000000004,7274.442184448242,4700,1,0.30000000000000004,7163.517395019531,4700,1,0.30000000000000004,6754.322830200195,4700,1,0.30000000000000004,6972.219253540039,4700,1,0.30000000000000004,14863.143646240234,3007,3007,3007,3007,3007,3007,3007,3007,3007,3007,3007,3007,4690,4691,3007,3007,3007,4690,3007,3007,3007,3007,3007,4690,100,0,0,0,0,0,0,14.285715103149414,19.047618865966797,0,0,0,15.000000953674316,0,0,0,0,0,4.761904716491699,100,0,0,0,0,66481098752,12884893696,1709240320,0
99,1780596682202,57871.6015625,4700,1,0.30000000000000004,6937.108871459961,4700,1,0.30000000000000004,6800.423187255859,4700,1,0.30000000000000004,12236.71401977539,4700,1,0.30000000000000004,45836.247299194336,4700,1,0.30000000000000004,37978.73612976074,4700,1,0.30000000000000004,47206.24450683594,4700,1,0.30000000000000004,30104.072067260742,4700,1,0.30000000000000004,7274.445297241211,4700,1,0.30000000000000004,7163.520599365234,4700,1,0.30000000000000004,6754.325973510742,4700,1,0.30000000000000004,6972.222442626953,4700,1,0.30000000000000004,14868.638626098633,3007,3007,3007,3007,3007,3007,3007,3007,3007,3007,3007,3007,4690,4691,3007,3007,3007,4690,3007,3007,3007,3007,3007,4690,94.73684692382813,0,0,0,0,0,0,5.263157844543457,0,0,0,0,20,0,0,0,0,0,0,100,0,0,0,0,66481098752,12884893696,1712279552,0
99,1780596682302,57872.35975646973,4700,1,0.30000000000000004,6937.112075805664,4700,1,0.30000000000000004,6800.426361083984,4700,1,0.30000000000000004,12236.933853149414,4700,1,0.30000000000000004,45836.49105834961,4700,1,0.30000000000000004,37978.99562072754,4700,1,0.30000000000000004,47206.49987792969,4700,1,0.30000000000000004,30104.924209594727,4700,1,0.30000000000000004,7274.448348999023,4700,1,0.30000000000000004,7163.523712158203,4700,1,0.30000000000000004,6754.329025268555,4700,1,0.30000000000000004,6972.225494384766,4700,1,0.30000000000000004,14874.20571899414,3007,3007,3007,3007,3007,3007,3007,3007,3007,3007,3007,3007,4690,4691,3007,3007,3007,4690,3007,3007,3007,3007,3007,4690,94.73684692382813,0,0,0,0,0,0,5.263157844543457,0,0,0,0,20,0,0,0,0,0,0,100,0,0,0,0,66481098752,12884893696,1713971200,0
99,1780596682402,57873.118560791016,4700,1,0.3062499999999999,6937.115203857422,4700,1,0.3062499999999999,6800.429534912109,4700,1,0.3062499999999999,12237.16650390625,4700,1,0.3062499999999999,45836.71614074707,4700,1,0.3062499999999999,37979.22589111328,4700,1,0.3062499999999999,47206.79039001465,4700,1,0.3062499999999999,30105.780014038086,4700,1,0.3062499999999999,7274.451461791992,4700,1,0.3062499999999999,7163.526885986328,4700,1,0.3062499999999999,6754.332138061523,4700,1,0.3062499999999999,6972.228698730469,4700,1,0.3062499999999999,14879.92790222168,3007,3007,3007,3007,3007,3007,3007,3007,3007,3007,3007,3007,4690,4691,3007,3007,3007,4690,3007,3007,3007,3007,3007,4690,100,0,0,0,0,9.523809432983398,20,10,20,0,0,0,0,0,0,0,0,0,5,100,0,0,0,0,66481098752,12884893696,1715183616,0
99,1780596682502,57873.87791442871,4700,1,0.3062499999999999,6937.1182861328125,4700,1,0.3062499999999999,6800.432586669922,4700,1,0.3062499999999999,12237.395294189453,4700,1,0.3062499999999999,45836.94805908203,4700,1,0.3062499999999999,37979.47709655762,4700,1,0.3062499999999999,47207.04850769043,4700,1,0.3062499999999999,30106.638610839844,4700,1,0.3062499999999999,7274.454574584961,4700,1,0.3062499999999999,7163.529998779297,4700,1,0.3062499999999999,6754.335235595703,4700,1,0.3062499999999999,6972.237838745117,4700,1,0.3062499999999999,14885.49072265625,3007,3007,3007,3007,3007,3007,3007,3007,3007,3007,3007,3007,4690,4691,3007,3007,3007,4690,3007,3007,3007,3007,3007,4690,100,0,0,0,0,9.523809432983398,20,10,20,0,0,0,0,0,0,0,0,0,5,100,0,0,0,0,66481098752,12884893696,1716293632,0
99,1780596682602,57874.63442993164,4700,1,0.3062499999999999,6937.121612548828,4700,1,0.3062499999999999,6800.435852050781,4700,1,0.3062499999999999,12237.641403198242,4700,1,0.3062499999999999,45837.215270996094,4700,1,0.3062499999999999,37979.70674133301,4700,1,0.3062499999999999,47207.288635253906,4700,1,0.3062499999999999,30107.500396728516,4700,1,0.3062499999999999,7274.457717895508,4700,1,0.3062499999999999,7163.538650512695,4700,1,0.3062499999999999,6754.338409423828,4700,1,0.3062499999999999,6972.240982055664,4700,1,0.3062499999999999,14891.163116455078,3007,3007,3007,3007,3007,3007,3007,3007,3007,3007,3007,3007,4690,4691,3007,3007,3007,4690,3007,3007,3007,3007,3007,4690,95.23809814453125,0,0,0,0,0,22.72727394104004,5.882352828979492,0,5,0,0,0,0,0,0,0,0,23.809524536132813,100,0,0,0,0,66481098752,12884893696,1716342784,0
99,1780596682702,57875.38960266113,4700,1,0.30000000000000004,6937.124725341797,4700,1,0.3062499999999999,6800.43896484375,4700,1,0.3062499999999999,12237.866912841797,4700,1,0.30000000000000004,45837.454162597656,4700,1,0.30000000000000004,37979.98258972168,4700,1,0.30000000000000004,47207.539627075195,4700,1,0.30000000000000004,30108.367294311523,4700,1,0.30000000000000004,7274.460800170898,4700,1,0.30000000000000004,7163.541793823242,4700,1,0.30000000000000004,6754.341522216797,4700,1,0.3062499999999999,6972.244140625,4700,1,0.3062499999999999,14896.736831665039,3007,3007,3007,3007,3007,3007,3007,3007,3007,3007,3007,3007,4690,4691,3007,3007,3007,4690,3007,3007,3007,3007,3007,4690,95.23809814453125,0,0,0,0,0,22.72727394104004,5.882352828979492,0,5,0,0,0,0,0,0,0,0,23.809524536132813,100,0,0,0,0,66481098752,12884893696,1712656384,0
99,1780596682802,57876.13447570801,4700,1,0.30000000000000004,6937.1278076171875,4700,1,0.3062499999999999,6800.442047119141,4700,1,0.3062499999999999,12237.87222290039,4700,1,0.30000000000000004,45837.56773376465,4700,1,0.30000000000000004,37980.26350402832,4700,1,0.30000000000000004,47207.91979980469,4700,1,0.30000000000000004,30109.238372802734,4700,1,0.30000000000000004,7274.463882446289,4700,1,0.30000000000000004,7163.544876098633,4700,1,0.30000000000000004,6754.34455871582,4700,1,0.30000000000000004,6972.253067016602,4700,1,0.30000000000000004,14902.255004882813,3007,3007,3007,3007,3007,3007,3007,3007,3007,3007,3007,3007,4690,4691,3007,3007,3007,4690,3007,3007,3007,3007,3007,4690,100,0,0,0,0,0,5.263157844543457,5.263157844543457,10.526315689086914,14.285715103149414,0,0,0,0,0,0,0,0,0,100,0,0,0,0,66481098752,12884893696,1713864704,0
99,1780596682902,57876.89175415039,4700,1,0.3062499999999999,6937.130996704102,4700,1,0.3062499999999999,6800.4451904296875,4700,1,0.3062499999999999,12238.017608642578,4700,1,0.3062499999999999,45837.785736083984,4700,1,0.3062499999999999,37980.52395629883,4700,1,0.3062499999999999,47208.21760559082,4700,1,0.3062499999999999,30110.09880065918,4700,1,0.3062499999999999,7274.466979980469,4700,1,0.3062499999999999,7163.54801940918,4700,1,0.3062499999999999,6754.347595214844,4700,1,0.3062499999999999,6972.25617980957,4700,1,0.3062499999999999,14907.836517333984,3007,3007,3007,3007,3007,3007,3007,3007,3007,3007,3007,3007,4690,4691,3007,3007,3007,4690,3007,3007,3007,3007,3007,4690,100,0,0,0,0,0,5.263157844543457,5.263157844543457,10.526315689086914,14.285715103149414,0,0,0,0,0,0,0,0,0,100,0,0,0,0,66481098752,12884893696,1713201152,0
99,1780596683002,57877.64863586426,4700,1,0.3062499999999999,6937.134048461914,4700,1,0.3062499999999999,6800.448272705078,4700,1,0.3062499999999999,12238.264236450195,4700,1,0.3062499999999999,45838.002212524414,4700,1,0.3062499999999999,37980.81980895996,4700,1,0.3062499999999999,47208.44023132324,4700,1,0.3062499999999999,30110.966873168945,4700,1,0.3062499999999999,7274.470108032227,4700,1,0.3062499999999999,7163.55110168457,4700,1,0.3062499999999999,6754.350662231445,4700,1,0.3062499999999999,6972.259262084961,4700,1,0.3062499999999999,14913.45085144043,3007,3007,3007,3007,3007,3007,3007,3007,3007,3007,3007,3007,4690,4691,3007,3007,3007,4690,3007,3007,3007,3007,3007,4690,94.73684692382813,0,0,0,0,0,5.263157844543457,4.761904716491699,5.555555820465088,0,0,0,0,0,0,0,0,19.047618865966797,13.636363983154297,100,0,0,0,0,66481098752,12884893696,1714147328,0
99,1780596683102,57878.409439086914,4700,1,0.3062499999999999,6937.137130737305,4700,1,0.3062499999999999,6800.451354980469,4700,1,0.3062499999999999,12238.508651733398,4700,1,0.3062499999999999,45838.214416503906,4700,1,0.3062499999999999,37981.079025268555,4700,1,0.3062499999999999,47208.72303771973,4700,1,0.3062499999999999,30111.832580566406,4700,1,0.3062499999999999,7274.473190307617,4700,1,0.3062499999999999,7163.554183959961,4700,1,0.3062499999999999,6754.353713989258,4700,1,0.3062499999999999,6972.262344360352,4700,1,0.3062499999999999,14919.134582519531,3007,3007,3007,3007,3007,3007,3007,3007,3007,3007,3007,3007,4690,4691,3007,3007,3007,4690,3007,3007,3007,3007,3007,4690,94.73684692382813,0,0,0,0,0,5.263157844543457,4.761904716491699,5.555555820465088,0,0,0,0,0,0,0,0,19.047618865966797,13.636363983154297,100,0,0,0,0,66481098752,12884893696,1716023296,0
99,1780596683202,57879.18524169922,4700,1,0.3062499999999999,6937.140213012695,4700,1,0.3062499999999999,6800.454437255859,4700,1,0.3062499999999999,12238.7509765625,4700,1,0.3062499999999999,45838.43623352051,4700,1,0.3062499999999999,37981.3006439209,4700,1,0.3062499999999999,47208.969146728516,4700,1,0.3062499999999999,30112.71354675293,4700,1,0.3062499999999999,7274.476272583008,4700,1,0.3062499999999999,7163.557327270508,4700,1,0.3062499999999999,6754.35676574707,4700,1,0.3062499999999999,6972.2655029296875,4700,1,0.3062499999999999,14924.709762573242,3007,3007,3007,3007,3007,3007,3007,3007,3007,3007,3007,3007,4690,4691,3007,3007,3007,4690,3007,3007,3007,3007,3007,4690,100,9.523809432983398,0,0,0,0,15.000000953674316,9.523809432983398,15.000000953674316,5.263157844543457,0,0,0,0,0,0,0,5.263157844543457,0,100,0,0,0,0,66481098752,12884893696,1715281920,0
99,1780596683302,57879.94430541992,4700,1,0.30000000000000004,6937.143569946289,4700,1,0.3062499999999999,6800.457702636719,4700,1,0.3062499999999999,12238.996459960938,4700,1,0.30000000000000004,45838.44137573242,4700,1,0.30000000000000004,37981.49760437012,4700,1,0.3062499999999999,47209.334411621094,4700,1,0.3062499999999999,30113.585693359375,4700,1,0.3062499999999999,7274.479354858398,4700,1,0.3062499999999999,7163.560470581055,4700,1,0.3062499999999999,6754.359909057617,4700,1,0.3062499999999999,6972.268630981445,4700,1,0.3062499999999999,14930.17936706543,3007,3007,3007,3007,3007,3007,3007,3007,3007,3007,3007,3007,4690,4691,3007,3007,3007,4690,3007,3007,3007,3007,3007,4690,100,9.523809432983398,0,0,0,0,15.000000953674316,9.523809432983398,15.000000953674316,5.263157844543457,0,0,0,0,0,0,0,5.263157844543457,0,100,0,0,0,0,66481098752,12884893696,1714843648,0
99,1780596683402,57880.69793701172,4700,1,0.3062499999999999,6937.146682739258,4700,1,0.3062499999999999,6800.460784912109,4700,1,0.3062499999999999,12239.236434936523,4700,1,0.3062499999999999,45838.445861816406,4700,1,0.3062499999999999,37981.6856842041,4700,1,0.3062499999999999,47209.71063232422,4700,1,0.3062499999999999,30114.452514648438,4700,1,0.3062499999999999,7274.482437133789,4700,1,0.3062499999999999,7163.563613891602,4700,1,0.3062499999999999,6754.362991333008,4700,1,0.3062499999999999,6972.271820068359,4700,1,0.3062499999999999,14935.659454345703,3007,3007,3007,3007,3007,3007,3007,3007,3007,3007,3007,3007,4690,4691,3007,3007,3007,4690,3007,3007,3007,3007,3007,4690,94.44444274902344,0,0,0,0,0,0,0,20,5,0,0,0,0,0,0,0,0,25,100,0,0,0,0,66481098752,12884893696,1711128576,0
99,1780596683502,57881.45379638672,4700,1,0.3062499999999999,6937.149765014648,4700,1,0.3062499999999999,6800.4638671875,4700,1,0.3062499999999999,12239.454513549805,4700,1,0.3062499999999999,45838.66505432129,4700,1,0.3062499999999999,37981.95657348633,4700,1,0.3062499999999999,47209.95837402344,4700,1,0.3062499999999999,30115.320205688477,4700,1,0.3062499999999999,7274.48551940918,4700,1,0.3062499999999999,7163.566696166992,4700,1,0.3062499999999999,6754.366058349609,4700,1,0.3062499999999999,6972.27490234375,4700,1,0.3062499999999999,14941.277801513672,3007,3007,3007,3007,3007,3007,3007,3007,3007,3007,3007,3007,4690,4691,3007,3007,3007,4690,3007,3007,3007,3007,3007,4690,94.44444274902344,0,0,0,0,0,0,0,20,5,0,0,0,0,0,0,0,0,25,100,0,0,0,0,66481098752,12884893696,1712271360,0
99,1780596683602,57882.20899963379,4700,1,0.3062499999999999,6937.152847290039,4700,1,0.3062499999999999,6800.466949462891,4700,1,0.3062499999999999,12239.633270263672,4700,1,0.3062499999999999,45838.90003967285,4700,1,0.3062499999999999,37982.251953125,4700,1,0.3062499999999999,47210.194396972656,4700,1,0.3062499999999999,30116.17448425293,4700,1,0.3062499999999999,7274.488571166992,4700,1,0.3062499999999999,7163.569747924805,4700,1,0.3062499999999999,6754.369110107422,4700,1,0.3062499999999999,6972.277984619141,4700,1,0.3062499999999999,14946.907684326172,3007,3007,3007,3007,3007,3007,3007,3007,3007,3007,3007,3007,4690,4691,3007,3007,3007,4690,3007,3007,3007,3007,3007,4690,100,5.555555820465088,0,0,0,0,15.000000953674316,0,11.111111640930176,5.263157844543457,0,0,0,0,0,0,0,0,0,100,0,0,0,0,66481098752,12884893696,1710317568,0
99,1780596683702,57882.96481323242,4700,1,0.30000000000000004,6937.155960083008,4700,1,0.30000000000000004,6800.470077514648,4700,1,0.30000000000000004,12239.85400390625,4700,1,0.30000000000000004,45839.26091003418,4700,1,0.30000000000000004,37982.3840637207,4700,1,0.30000000000000004,47210.33184814453,4700,1,0.30000000000000004,30117.040756225586,4700,1,0.30000000000000004,7274.491653442383,4700,1,0.30000000000000004,7163.572891235352,4700,1,0.30000000000000004,6754.372222900391,4700,1,0.30000000000000004,6972.288101196289,4700,1,0.30000000000000004,14952.353805541992,3007,3007,3007,3007,3007,3007,3007,3007,3007,3007,3007,3007,4690,4691,3007,3007,3007,4690,3007,3007,3007,3007,3007,4690,100,5.555555820465088,0,0,0,0,15.000000953674316,0,11.111111640930176,5.263157844543457,0,0,0,0,0,0,0,0,0,100,0,0,0,0,66481098752,12884893696,1709084672,0
99,1780596683802,57883.7233581543,4700,1,0.3062499999999999,6937.159042358398,4700,1,0.3062499999999999,6800.473159790039,4700,1,0.3062499999999999,12240.099349975586,4700,1,0.3062499999999999,45839.63862609863,4700,1,0.3062499999999999,37982.576583862305,4700,1,0.3062499999999999,47210.33499145508,4700,1,0.3062499999999999,30117.909088134766,4700,1,0.3062499999999999,7274.494735717773,4700,1,0.3062499999999999,7163.575973510742,4700,1,0.3062499999999999,6754.375274658203,4700,1,0.3062499999999999,6972.291198730469,4700,1,0.3062499999999999,14957.862350463867,3007,3007,3007,3007,3007,3007,3007,3007,3007,3007,3007,3007,4690,4691,3007,3007,3007,4690,3007,3007,3007,3007,3007,4690,95.23809814453125,0,0,0,0,0,21.052631378173828,4.761904716491699,4.761904716491699,5,0,0,15.789472579956055,0,0,0,0,0,0,100,0,0,0,0,66481098752,12884893696,1709780992,0
99,1780596683903,57884.47770690918,4700,1,0.3062499999999999,6937.162124633789,4700,1,0.3062499999999999,6800.476272583008,4700,1,0.3062499999999999,12240.337997436523,4700,1,0.3062499999999999,45839.9384765625,4700,1,0.3062499999999999,37982.74673461914,4700,1,0.3062499999999999,47210.53875732422,4700,1,0.3062499999999999,30118.776138305664,4700,1,0.3062499999999999,7274.497894287109,4700,1,0.3062499999999999,7163.579116821289,4700,1,0.3062499999999999,6754.378341674805,4700,1,0.3062499999999999,6972.294357299805,4700,1,0.3062499999999999,14963.462478637695,3007,3007,3007,3007,3007,3007,3007,3007,3007,3007,3007,3007,4690,4691,3007,3007,3007,4690,3007,3007,3007,3007,3007,4690,95.23809814453125,0,0,0,0,0,21.052631378173828,4.761904716491699,4.761904716491699,5,0,0,15.789472579956055,0,0,0,0,0,0,100,0,0,0,0,66481098752,12884893696,1711349760,0
99,1780596684003,57885.23262023926,4700,1,0.3062499999999999,6937.16520690918,4700,1,0.3062499999999999,6800.479354858398,4700,1,0.3062499999999999,12240.584350585938,4700,1,0.3062499999999999,45840.175216674805,4700,1,0.3062499999999999,37983.02198791504,4700,1,0.3062499999999999,47210.77101135254,4700,1,0.3062499999999999,30119.643356323242,4700,1,0.3062499999999999,7274.5009765625,4700,1,0.3062499999999999,7163.58219909668,4700,1,0.3062499999999999,6754.381423950195,4700,1,0.3062499999999999,6972.297439575195,4700,1,0.3062499999999999,14969.119903564453,3007,3007,3007,3007,3007,3007,3007,3007,3007,3007,3007,3007,4690,4691,3007,3007,3007,4690,3007,3007,3007,3007,3007,4690,100,10.526315689086914,0,0,0,0,10.526315689086914,0,14.285715103149414,0,0,0,5,0,0,0,0,5,0,100,0,0,0,0,66481098752,12884893696,1713176576,0
99,1780596684103,57885.997467041016,4700,1,0.30000000000000004,6937.168365478516,4700,1,0.3062499999999999,6800.482498168945,4700,1,0.3062499999999999,12240.864486694336,4700,1,0.30000000000000004,45840.36169433594,4700,1,0.30000000000000004,37983.27673339844,4700,1,0.30000000000000004,47210.94041442871,4700,1,0.30000000000000004,30120.50555419922,4700,1,0.30000000000000004,7274.504058837891,4700,1,0.30000000000000004,7163.58528137207,4700,1,0.3062499999999999,6754.384521484375,4700,1,0.3062499999999999,6972.300521850586,4700,1,0.3062499999999999,14974.606628417969,3007,3007,3007,3007,3007,3007,3007,3007,3007,3007,3007,3007,4690,4691,3007,3007,3007,4690,3007,3007,3007,3007,3007,4690,100,10.526315689086914,0,0,0,0,10.526315689086914,0,14.285715103149414,0,0,0,5,0,0,0,0,5,0,100,0,0,0,0,66481098752,12884893696,1715318784,0
99,1780596684203,57886.84315490723,4700,1,0.3062499999999999,6937.171447753906,4700,1,0.3062499999999999,6800.485580444336,4700,1,0.3062499999999999,12241.144973754883,4700,1,0.3062499999999999,45840.611389160156,4700,1,0.3062499999999999,37983.54248046875,4700,1,0.3062499999999999,47211.25942993164,4700,1,0.3062499999999999,30121.408203125,4700,1,0.3062499999999999,7274.507141113281,4700,1,0.3062499999999999,7163.615676879883,4700,1,0.3062499999999999,6754.387603759766,4700,1,0.3062499999999999,6972.30403137207,4700,1,0.3062499999999999,14980.524795532227,3007,3007,3007,3007,3007,3007,3007,3007,3007,3007,3007,3007,4690,4691,3007,3007,3007,4690,3007,3007,3007,3007,3007,4690,95.45454406738281,18.18181800842285,0,0,5.555555820465088,10.526315689086914,10,5,9.523809432983398,10.526315689086914,0,0,4.761904716491699,0,0,0,0,0,20,100,0,0,0,0,66481098752,12884893696,1713790976,0
99,1780596684303,57887.68493652344,4700,1,0.30000000000000004,6937.174652099609,4700,1,0.30000000000000004,6800.48876953125,4700,1,0.30000000000000004,12241.305572509766,4700,1,0.30000000000000004,45840.84240722656,4700,1,0.30000000000000004,37983.774017333984,4700,1,0.30000000000000004,47211.459701538086,4700,1,0.30000000000000004,30122.285751342773,4700,1,0.30000000000000004,7274.510192871094,4700,1,0.30000000000000004,7163.618789672852,4700,1,0.30000000000000004,6754.390716552734,4700,1,0.30000000000000004,6972.307418823242,4700,1,0.30000000000000004,14986.03337097168,3007,3007,3007,3007,3007,3007,3007,3007,3007,3007,3007,3007,4690,4691,3007,3007,3007,4690,3007,3007,3007,3007,3007,4690,95.45454406738281,18.18181800842285,0,0,5.555555820465088,10.526315689086914,10,5,9.523809432983398,10.526315689086914,0,0,4.761904716491699,0,0,0,0,0,20,100,0,0,0,0,66481098752,12884893696,1711661056,0
99,1780596684403,57888.51271057129,4700,1,0.30000000000000004,6937.177703857422,4700,1,0.30000000000000004,6800.4918212890625,4700,1,0.30000000000000004,12241.487213134766,4700,1,0.30000000000000004,45841.11666870117,4700,1,0.30000000000000004,37984.014251708984,4700,1,0.30000000000000004,47211.62544250488,4700,1,0.30000000000000004,30123.173904418945,4700,1,0.30000000000000004,7274.513275146484,4700,1,0.30000000000000004,7163.621932983398,4700,1,0.30000000000000004,6754.393798828125,4700,1,0.30000000000000004,6972.310775756836,4700,1,0.30000000000000004,14991.531814575195,3007,3007,3007,3007,3007,3007,3007,3007,3007,3007,3007,3007,4690,4691,3007,3007,3007,4690,3007,3007,3007,3007,3007,4690,100,0,0,0,5,9.523809432983398,10,10,5.263157844543457,14.285715103149414,0,0,5.263157844543457,0,0,0,0,0,0,100,0,0,0,0,66481098752,12884893696,1713373184,0
99,1780596684503,57889.29318237305,4700,1,0.3062499999999999,6937.180847167969,4700,1,0.3062499999999999,6800.494964599609,4700,1,0.3062499999999999,12241.601684570313,4700,1,0.3062499999999999,45841.45506286621,4700,1,0.3062499999999999,37984.27380371094,4700,1,0.3062499999999999,47211.673751831055,4700,1,0.3062499999999999,30124.042999267578,4700,1,0.3062499999999999,7274.516357421875,4700,1,0.3062499999999999,7163.625045776367,4700,1,0.3062499999999999,6754.396881103516,4700,1,0.3062499999999999,6972.317962646484,4700,1,0.3062499999999999,14997.043518066406,3007,3007,3007,3007,3007,3007,3007,3007,3007,3007,3007,3007,4690,4691,3007,3007,3007,4690,3007,3007,3007,3007,3007,4690,100,0,0,0,5,9.523809432983398,10,10,5.263157844543457,14.285715103149414,0,0,5.263157844543457,0,0,0,0,0,0,100,0,0,0,0,66481098752,12884893696,1709637632,0
99,1780596684603,57890.09425354004,4700,1,0.3062499999999999,6937.183929443359,4700,1,0.3062499999999999,6800.498046875,4700,1,0.3062499999999999,12241.722702026367,4700,1,0.3062499999999999,45841.68347167969,4700,1,0.3062499999999999,37984.54048156738,4700,1,0.3062499999999999,47211.92979431152,4700,1,0.3062499999999999,30124.90948486328,4700,1,0.3062499999999999,7274.519439697266,4700,1,0.3062499999999999,7163.628128051758,4700,1,0.3062499999999999,6754.399963378906,4700,1,0.3062499999999999,6972.321044921875,4700,1,0.3062499999999999,15002.626754760742,3007,3007,3007,3007,3007,3007,3007,3007,3007,3007,3007,3007,4690,4691,3007,3007,3007,4690,3007,3007,3007,3007,3007,4690,100,0,0,0,5,0,10.526315689086914,5,5,0,0,0,19.047618865966797,0,0,0,0,0,5,100,0,0,0,0,66481098752,12884893696,1703956480,0
99,1780596684703,57890.895080566406,4700,1,0.3062499999999999,6937.18701171875,4700,1,0.3062499999999999,6800.501129150391,4700,1,0.3062499999999999,12241.873138427734,4700,1,0.3062499999999999,45841.9327545166,4700,1,0.3062499999999999,37984.747299194336,4700,1,0.3062499999999999,47212.180892944336,4700,1,0.3062499999999999,30125.798431396484,4700,1,0.3062499999999999,7274.522521972656,4700,1,0.3062499999999999,7163.631271362305,4700,1,0.3062499999999999,6754.403045654297,4700,1,0.3062499999999999,6972.324203491211,4700,1,0.3062499999999999,15008.189880371094,3007,3007,3007,3007,3007,3007,3007,3007,3007,3007,3007,3007,4690,4691,3007,3007,3007,4690,3007,3007,3007,3007,3007,4690,100,0,0,0,5,0,10.526315689086914,5,5,0,0,0,19.047618865966797,0,0,0,0,0,5,100,0,0,0,0,66481098752,12884893696,1698156544,0
99,1780596684803,57891.73031616211,4700,1,0.30000000000000004,6937.190093994141,4700,1,0.3062499999999999,6800.504211425781,4700,1,0.3062499999999999,12241.893447875977,4700,1,0.30000000000000004,45842.19290161133,4700,1,0.30000000000000004,37984.999588012695,4700,1,0.30000000000000004,47212.40711975098,4700,1,0.30000000000000004,30126.689666748047,4700,1,0.30000000000000004,7274.525604248047,4700,1,0.3062499999999999,7163.634353637695,4700,1,0.3062499999999999,6754.4061279296875,4700,1,0.3062499999999999,6972.3367919921875,4700,1,0.3062499999999999,15013.723907470703,3007,3007,3007,3007,3007,3007,3007,3007,3007,3007,3007,3007,4690,4691,3007,3007,3007,4690,3007,3007,3007,3007,3007,4690,100,4.761904716491699,0,0,5,0,5.263157844543457,9.523809432983398,5,10,0,0,5.263157844543457,0,0,0,0,9.523809432983398,0,100,0,0,0,0,66481098752,12884893696,1693556736,0
99,1780596684903,57892.56739807129,4700,1,0.30000000000000004,6937.193252563477,4700,1,0.30000000000000004,6800.507354736328,4700,1,0.30000000000000004,12241.913299560547,4700,1,0.30000000000000004,45842.44421386719,4700,1,0.30000000000000004,37985.243072509766,4700,1,0.30000000000000004,47212.63661193848,4700,1,0.30000000000000004,30127.580947875977,4700,1,0.30000000000000004,7274.5286865234375,4700,1,0.30000000000000004,7163.63752746582,4700,1,0.30000000000000004,6754.409210205078,4700,1,0.30000000000000004,6972.339935302734,4700,1,0.30000000000000004,15019.299453735352,3007,3007,3007,3007,3007,3007,3007,3007,3007,3007,3007,3007,4690,4691,3007,3007,3007,4690,3007,3007,3007,3007,3007,4690,100,4.761904716491699,0,0,5,0,5.263157844543457,9.523809432983398,5,10,0,0,5.263157844543457,0,0,0,0,9.523809432983398,0,100,0,0,0,0,66481098752,12884893696,1689452544,0
99,1780596685003,57893.4176940918,4700,1,0.30000000000000004,6937.196334838867,4700,1,0.30000000000000004,6800.510437011719,4700,1,0.30000000000000004,12242.015060424805,4700,1,0.30000000000000004,45842.66764831543,4700,1,0.30000000000000004,37985.49250793457,4700,1,0.30000000000000004,47212.865966796875,4700,1,0.30000000000000004,30128.458084106445,4700,1,0.30000000000000004,7274.53173828125,4700,1,0.30000000000000004,7163.640609741211,4700,1,0.30000000000000004,6754.41227722168,4700,1,0.30000000000000004,6972.343017578125,4700,1,0.30000000000000004,15024.851013183594,3007,3007,3007,3007,3007,3007,3007,3007,3007,3007,3007,3007,4690,4691,3007,3007,3007,4690,3007,3007,3007,3007,3007,4690,95.23809814453125,5,0,0,0,0,4.761904716491699,0,18.18181800842285,5.263157844543457,0,0,5.263157844543457,0,0,0,0,0,9.090909004211426,100,0,0,0,0,66481098752,12884893696,1691480064,0
99,1780596685103,57894.262115478516,4700,1,0.30000000000000004,6937.19938659668,4700,1,0.30000000000000004,6800.513488769531,4700,1,0.30000000000000004,12242.23112487793,4700,1,0.30000000000000004,45842.88247680664,4700,1,0.30000000000000004,37985.71203613281,4700,1,0.30000000000000004,47213.07466125488,4700,1,0.30000000000000004,30129.345306396484,4700,1,0.30000000000000004,7274.534820556641,4700,1,0.30000000000000004,7163.643661499023,4700,1,0.30000000000000004,6754.415328979492,4700,1,0.30000000000000004,6972.3460693359375,4700,1,0.30000000000000004,15030.406661987305,3007,3007,3007,3007,3007,3007,3007,3007,3007,3007,3007,3007,4690,4691,3007,3007,3007,4690,3007,3007,3007,3007,3007,4690,95.23809814453125,5,0,0,0,0,4.761904716491699,0,18.18181800842285,5.263157844543457,0,0,5.263157844543457,0,0,0,0,0,9.090909004211426,100,0,0,0,0,66481098752,12884893696,1687523328,0
99,1780596685203,57895.100326538086,4700,1,0.30000000000000004,6937.20246887207,4700,1,0.30000000000000004,6800.516571044922,4700,1,0.30000000000000004,12242.353149414063,4700,1,0.30000000000000004,45843.07962036133,4700,1,0.30000000000000004,37985.98471069336,4700,1,0.30000000000000004,47213.304443359375,4700,1,0.30000000000000004,30130.208038330078,4700,1,0.30000000000000004,7274.537902832031,4700,1,0.30000000000000004,7163.64680480957,4700,1,0.30000000000000004,6754.418472290039,4700,1,0.30000000000000004,6972.349212646484,4700,1,0.30000000000000004,15035.952774047852,3007,3007,3007,3007,3007,3007,3007,3007,3007,3007,3007,3007,4690,4691,3007,3007,3007,4690,3007,3007,3007,3007,3007,4690,100,0,0,0,10,0,9.523809432983398,10,5.263157844543457,9.523809432983398,0,0,14.285715103149414,0,0,0,0,0,5,100,0,0,0,0,66481098752,12884893696,1688289280,0
99,1780596685303,57895.91635131836,4700,1,0.3062499999999999,6937.205718994141,4700,1,0.3062499999999999,6800.519805908203,4700,1,0.3062499999999999,12242.504425048828,4700,1,0.3062499999999999,45843.30535888672,4700,1,0.3062499999999999,37986.260681152344,4700,1,0.3062499999999999,47213.53692626953,4700,1,0.3062499999999999,30131.05290222168,4700,1,0.3062499999999999,7274.540985107422,4700,1,0.3062499999999999,7163.649963378906,4700,1,0.3062499999999999,6754.421585083008,4700,1,0.3062499999999999,6972.352294921875,4700,1,0.3062499999999999,15041.557327270508,3007,3007,3007,3007,3007,3007,3007,3007,3007,3007,3007,3007,4690,4691,3007,3007,3007,4690,3007,3007,3007,3007,3007,4690,100,0,0,0,10,0,9.523809432983398,10,5.263157844543457,9.523809432983398,0,0,14.285715103149414,0,0,0,0,0,5,100,0,0,0,0,66481098752,12884893696,1692020736,0
99,1780596685403,57896.693435668945,4700,1,0.3062499999999999,6937.208801269531,4700,1,0.3062499999999999,6800.522888183594,4700,1,0.3062499999999999,12242.689712524414,4700,1,0.3062499999999999,45843.554931640625,4700,1,0.3062499999999999,37986.514236450195,4700,1,0.3062499999999999,47213.78288269043,4700,1,0.3062499999999999,30131.925582885742,4700,1,0.3062499999999999,7274.544097900391,4700,1,0.3062499999999999,7163.653106689453,4700,1,0.3062499999999999,6754.424667358398,4700,1,0.3062499999999999,6972.355438232422,4700,1,0.3062499999999999,15047.084533691406,3007,3007,3007,3007,3007,3007,3007,3007,3007,3007,3007,3007,4690,4691,3007,3007,3007,4690,3007,3007,3007,3007,3007,4690,100,0,0,0,9.523809432983398,10,0,13.636363983154297,9.523809432983398,0,0,0,0,0,0,0,0,15.000000953674316,5.263157844543457,100,0,0,0,0,66481098752,12884893696,1692667904,0
99,1780596685503,57897.46406555176,4700,1,0.3062499999999999,6937.211883544922,4700,1,0.3062499999999999,6800.525970458984,4700,1,0.3062499999999999,12242.943283081055,4700,1,0.3062499999999999,45843.77523803711,4700,1,0.3062499999999999,37986.75733947754,4700,1,0.3062499999999999,47214.001556396484,4700,1,0.3062499999999999,30132.808517456055,4700,1,0.3062499999999999,7274.547180175781,4700,1,0.3062499999999999,7163.656188964844,4700,1,0.3062499999999999,6754.427749633789,4700,1,0.3062499999999999,6972.3585205078125,4700,1,0.3062499999999999,15052.641128540039,3007,3007,3007,3007,3007,3007,3007,3007,3007,3007,3007,3007,4690,4691,3007,3007,3007,4690,3007,3007,3007,3007,3007,4690,100,0,0,0,9.523809432983398,10,0,13.636363983154297,9.523809432983398,0,0,0,0,0,0,0,0,15.000000953674316,5.263157844543457,100,0,0,0,0,66481098752,12884893696,1691037696,0
99,1780596685603,57898.23393249512,4700,1,0.3062499999999999,6937.2149658203125,4700,1,0.3062499999999999,6800.529052734375,4700,1,0.3062499999999999,12243.19482421875,4700,1,0.3062499999999999,45844.00598144531,4700,1,0.3062499999999999,37986.99156188965,4700,1,0.3062499999999999,47214.22396850586,4700,1,0.3062499999999999,30133.686096191406,4700,1,0.3062499999999999,7274.550262451172,4700,1,0.3062499999999999,7163.659271240234,4700,1,0.3062499999999999,6754.43083190918,4700,1,0.3062499999999999,6972.361602783203,4700,1,0.3062499999999999,15058.267944335938,3007,3007,3007,3007,3007,3007,3007,3007,3007,3007,3007,3007,4690,4691,3007,3007,3007,4690,3007,3007,3007,3007,3007,4690,100,0,0,0,0,5,10,0,0,9.523809432983398,0,0,0,0,0,0,0,22.72727394104004,5.263157844543457,100,0,0,0,0,66481098752,12884893696,1693753344,0
99,1780596685703,57899.00553894043,4700,1,0.30000000000000004,6937.2181396484375,4700,1,0.30000000000000004,6800.532196044922,4700,1,0.30000000000000004,12243.440994262695,4700,1,0.30000000000000004,45844.22538757324,4700,1,0.30000000000000004,37987.19096374512,4700,1,0.30000000000000004,47214.45616149902,4700,1,0.30000000000000004,30134.560348510742,4700,1,0.30000000000000004,7274.553314208984,4700,1,0.30000000000000004,7163.662445068359,4700,1,0.30000000000000004,6754.43391418457,4700,1,0.30000000000000004,6972.370208740234,4700,1,0.30000000000000004,15063.818222045898,3007,3007,3007,3007,3007,3007,3007,3007,3007,3007,3007,3007,4690,4691,3007,3007,3007,4690,3007,3007,3007,3007,3007,4690,100,0,0,0,0,5,10,0,0,9.523809432983398,0,0,0,0,0,0,0,22.72727394104004,5.263157844543457,100,0,0,0,0,66481098752,12884893696,1692553216,0
99,1780596685804,57899.79579162598,4700,1,0.30000000000000004,6937.22119140625,4700,1,0.30000000000000004,6800.5352783203125,4700,1,0.30000000000000004,12243.67984008789,4700,1,0.30000000000000004,45844.38119506836,4700,1,0.30000000000000004,37987.38543701172,4700,1,0.30000000000000004,47214.750427246094,4700,1,0.30000000000000004,30135.428100585938,4700,1,0.30000000000000004,7274.556396484375,4700,1,0.30000000000000004,7163.665496826172,4700,1,0.30000000000000004,6754.436965942383,4700,1,0.30000000000000004,6972.373260498047,4700,1,0.30000000000000004,15069.365692138672,3007,3007,3007,3007,3007,3007,3007,3007,3007,3007,3007,3007,4690,4691,3007,3007,3007,4690,3007,3007,3007,3007,3007,4690,95.45454406738281,0,0,0,5,0,0,0,5,5,0,0,0,0,0,0,0,0,23.809524536132813,100,0,0,0,0,66481098752,12884893696,1694433280,0
99,1780596685904,57900.57357788086,4700,1,0.3062499999999999,6937.224273681641,4700,1,0.3062499999999999,6800.538330078125,4700,1,0.3062499999999999,12243.919143676758,4700,1,0.3062499999999999,45844.527267456055,4700,1,0.3062499999999999,37987.57208251953,4700,1,0.3062499999999999,47215.065170288086,4700,1,0.3062499999999999,30136.2841796875,4700,1,0.3062499999999999,7274.559524536133,4700,1,0.3062499999999999,7163.668670654297,4700,1,0.3062499999999999,6754.440048217773,4700,1,0.3062499999999999,6972.376403808594,4700,1,0.3062499999999999,15074.843383789063,3007,3007,3007,3007,3007,3007,3007,3007,3007,3007,3007,3007,4690,4691,3007,3007,3007,4690,3007,3007,3007,3007,3007,4690,95.45454406738281,0,0,0,5,0,0,0,5,5,0,0,0,0,0,0,0,0,23.809524536132813,100,0,0,0,0,66481098752,12884893696,1697378304,0
99,1780596686004,57901.34883117676,4700,1,0.3062499999999999,6937.227355957031,4700,1,0.3062499999999999,6800.541412353516,4700,1,0.3062499999999999,12244.160552978516,4700,1,0.3062499999999999,45844.684814453125,4700,1,0.3062499999999999,37987.751953125,4700,1,0.3062499999999999,47215.38246154785,4700,1,0.3062499999999999,30137.146759033203,4700,1,0.3062499999999999,7274.562606811523,4700,1,0.3062499999999999,7163.6717529296875,4700,1,0.3062499999999999,6754.443130493164,4700,1,0.3062499999999999,6972.379486083984,4700,1,0.3062499999999999,15080.449996948242,3007,3007,3007,3007,3007,3007,3007,3007,3007,3007,3007,3007,4690,4691,3007,3007,3007,4690,3007,3007,3007,3007,3007,4690,100,0,0,0,0,0,10,5,15.789472579956055,0,0,0,0,0,0,0,0,0,19.047618865966797,100,0,0,0,0,66481098752,12884893696,1696997376,0
99,1780596686104,57902.1181640625,4700,1,0.30000000000000004,6937.230514526367,4700,1,0.3062499999999999,6800.5445556640625,4700,1,0.3062499999999999,12244.41162109375,4700,1,0.3062499999999999,45844.83087158203,4700,1,0.3062499999999999,37987.758392333984,4700,1,0.3062499999999999,47215.722427368164,4700,1,0.3062499999999999,30138.02442932129,4700,1,0.3062499999999999,7274.565689086914,4700,1,0.3062499999999999,7163.674865722656,4700,1,0.3062499999999999,6754.446212768555,4700,1,0.3062499999999999,6972.382568359375,4700,1,0.3062499999999999,15085.841293334961,3007,3007,3007,3007,3007,3007,3007,3007,3007,3007,3007,3007,4690,4691,3007,3007,3007,4690,3007,3007,3007,3007,3007,4690,100,0,0,0,0,0,10,5,15.789472579956055,0,0,0,0,0,0,0,0,0,19.047618865966797,100,0,0,0,0,66481098752,12884893696,1699774464,0
99,1780596686204,57902.886489868164,4700,1,0.30000000000000004,6937.233596801758,4700,1,0.3062499999999999,6800.547637939453,4700,1,0.3062499999999999,12244.661483764648,4700,1,0.30000000000000004,45844.98826599121,4700,1,0.30000000000000004,37987.76480102539,4700,1,0.30000000000000004,47216.054595947266,4700,1,0.30000000000000004,30138.898712158203,4700,1,0.30000000000000004,7274.568771362305,4700,1,0.3062499999999999,7163.678009033203,4700,1,0.3062499999999999,6754.449356079102,4700,1,0.3062499999999999,6972.385711669922,4700,1,0.3062499999999999,15091.28498840332,3007,3007,3007,3007,3007,3007,3007,3007,3007,3007,3007,3007,4690,4691,3007,3007,3007,4690,3007,3007,3007,3007,3007,4690,94.73684692382813,0,0,0,0,0,5,0,15.789472579956055,0,0,0,0,0,0,0,0,0,20,100,0,0,0,0,66481098752,12884893696,1699901440,0
99,1780596686304,57903.650161743164,4700,1,0.30000000000000004,6937.23681640625,4700,1,0.30000000000000004,6800.5509033203125,4700,1,0.3062499999999999,12244.941390991211,4700,1,0.30000000000000004,45845.071838378906,4700,1,0.30000000000000004,37987.893951416016,4700,1,0.30000000000000004,47216.34201049805,4700,1,0.30000000000000004,30139.76805114746,4700,1,0.30000000000000004,7274.571853637695,4700,1,0.30000000000000004,7163.681167602539,4700,1,0.30000000000000004,6754.452484130859,4700,1,0.30000000000000004,6972.388824462891,4700,1,0.30000000000000004,15096.80419921875,3007,3007,3007,3007,3007,3007,3007,3007,3007,3007,3007,3007,4690,4691,3007,3007,3007,4690,3007,3007,3007,3007,3007,4690,94.73684692382813,0,0,0,0,0,5,0,15.789472579956055,0,0,0,0,0,0,0,0,0,20,100,0,0,0,0,66481098752,12884893696,1699491840,0
99,1780596686404,57904.42106628418,4700,1,0.30000000000000004,6937.239959716797,4700,1,0.30000000000000004,6800.554016113281,4700,1,0.30000000000000004,12245.18830871582,4700,1,0.30000000000000004,45845.22482299805,4700,1,0.30000000000000004,37988.11885070801,4700,1,0.30000000000000004,47216.6057434082,4700,1,0.30000000000000004,30140.635498046875,4700,1,0.30000000000000004,7274.574905395508,4700,1,0.30000000000000004,7163.684356689453,4700,1,0.30000000000000004,6754.455612182617,4700,1,0.30000000000000004,6972.391983032227,4700,1,0.30000000000000004,15102.323364257813,3007,3007,3007,3007,3007,3007,3007,3007,3007,3007,3007,3007,4690,4691,3007,3007,3007,4690,3007,3007,3007,3007,3007,4690,100,9.523809432983398,0,0,0,5,5,5.555555820465088,10,0,0,0,0,0,0,0,0,0,15.000000953674316,100,0,0,0,0,66481098752,12884893696,1700470784,0
99,1780596686504,57905.190002441406,4700,1,0.30000000000000004,6937.243011474609,4700,1,0.30000000000000004,6800.557098388672,4700,1,0.30000000000000004,12245.267776489258,4700,1,0.30000000000000004,45845.384826660156,4700,1,0.30000000000000004,37988.32467651367,4700,1,0.30000000000000004,47216.942321777344,4700,1,0.30000000000000004,30141.515243530273,4700,1,0.30000000000000004,7274.578033447266,4700,1,0.30000000000000004,7163.687438964844,4700,1,0.30000000000000004,6754.458694458008,4700,1,0.30000000000000004,6972.395065307617,4700,1,0.30000000000000004,15107.742553710938,3007,3007,3007,3007,3007,3007,3007,3007,3007,3007,3007,3007,4690,4691,3007,3007,3007,4690,3007,3007,3007,3007,3007,4690,100,9.523809432983398,0,0,0,5,5,5.555555820465088,10,0,0,0,0,0,0,0,0,0,15.000000953674316,100,0,0,0,0,66481098752,12884893696,1702899712,0
99,1780596686604,57905.95635986328,4700,1,0.30000000000000004,6937.246185302734,4700,1,0.30000000000000004,6800.560241699219,4700,1,0.30000000000000004,12245.33935546875,4700,1,0.30000000000000004,45845.587341308594,4700,1,0.30000000000000004,37988.59336853027,4700,1,0.30000000000000004,47217.22328186035,4700,1,0.30000000000000004,30142.397552490234,4700,1,0.30000000000000004,7274.581161499023,4700,1,0.30000000000000004,7163.6905517578125,4700,1,0.30000000000000004,6754.461807250977,4700,1,0.30000000000000004,6972.398208618164,4700,1,0.30000000000000004,15113.257415771484,3007,3007,3007,3007,3007,3007,3007,3007,3007,3007,3007,3007,4690,4691,3007,3007,3007,4690,3007,3007,3007,3007,3007,4690,94.73684692382813,0,0,0,0,0,5,4.761904716491699,23.809524536132813,10,0,0,0,0,0,0,0,0,18.18181800842285,100,0,0,0,0,66481098752,12884893696,1701122048,0
99,1780596686704,57906.726318359375,4700,1,0.3062499999999999,6937.249267578125,4700,1,0.3062499999999999,6800.563323974609,4700,1,0.3062499999999999,12245.53645324707,4700,1,0.3062499999999999,45845.82972717285,4700,1,0.3062499999999999,37988.86422729492,4700,1,0.3062499999999999,47217.44725036621,4700,1,0.3062499999999999,30143.256393432617,4700,1,0.3062499999999999,7274.584243774414,4700,1,0.3062499999999999,7163.693695068359,4700,1,0.3062499999999999,6754.464889526367,4700,1,0.3062499999999999,6972.401351928711,4700,1,0.3062499999999999,15118.852554321289,3007,3007,3007,3007,3007,3007,3007,3007,3007,3007,3007,3007,4690,4691,3007,3007,3007,4690,3007,3007,3007,3007,3007,4690,94.73684692382813,0,0,0,0,0,5,4.761904716491699,23.809524536132813,10,0,0,0,0,0,0,0,0,18.18181800842285,100,0,0,0,0,66481098752,12884893696,1700016128,0
99,1780596686804,57907.50830078125,4700,1,0.3062499999999999,6937.252410888672,4700,1,0.3062499999999999,6800.566467285156,4700,1,0.3062499999999999,12245.795043945313,4700,1,0.3062499999999999,45846.07313537598,4700,1,0.3062499999999999,37989.013732910156,4700,1,0.3062499999999999,47217.692153930664,4700,1,0.3062499999999999,30144.12338256836,4700,1,0.3062499999999999,7274.587326049805,4700,1,0.3062499999999999,7163.69677734375,4700,1,0.3062499999999999,6754.468002319336,4700,1,0.3062499999999999,6972.406051635742,4700,1,0.3062499999999999,15124.429504394531,3007,3007,3007,3007,3007,3007,3007,3007,3007,3007,3007,3007,4690,4691,3007,3007,3007,4690,3007,3007,3007,3007,3007,4690,100,0,0,0,0,5.263157844543457,0,0,0,0,0,0,4.761904716491699,0,0,0,0,5.263157844543457,10.526315689086914,100,0,0,0,0,66481098752,12884893696,1696411648,0
99,1780596686904,57908.27966308594,4700,1,0.30000000000000004,6937.2554931640625,4700,1,0.3062499999999999,6800.569732666016,4700,1,0.3062499999999999,12245.984741210938,4700,1,0.30000000000000004,45846.32345581055,4700,1,0.30000000000000004,37989.2576751709,4700,1,0.30000000000000004,47217.93550109863,4700,1,0.30000000000000004,30145.00115966797,4700,1,0.30000000000000004,7274.590545654297,4700,1,0.3062499999999999,7163.699920654297,4700,1,0.3062499999999999,6754.471115112305,4700,1,0.3062499999999999,6972.409225463867,4700,1,0.3062499999999999,15130.031219482422,3007,3007,3007,3007,3007,3007,3007,3007,3007,3007,3007,3007,4690,4691,3007,3007,3007,4690,3007,3007,3007,3007,3007,4690,100,0,0,0,0,5.263157844543457,0,0,0,0,0,0,4.761904716491699,0,0,0,0,5.263157844543457,10.526315689086914,100,0,0,0,0,66481098752,12884893696,1697226752,0
99,1780596687004,57909.05125427246,4700,1,0.3062499999999999,6937.258575439453,4700,1,0.30000000000000004,6800.572814941406,4700,1,0.30000000000000004,12246.142517089844,4700,1,0.3062499999999999,45846.59144592285,4700,1,0.3062499999999999,37989.48481750488,4700,1,0.3062499999999999,47218.18244934082,4700,1,0.3062499999999999,30145.87628173828,4700,1,0.3062499999999999,7274.5936279296875,4700,1,0.3062499999999999,7163.7030029296875,4700,1,0.30000000000000004,6754.474197387695,4700,1,0.30000000000000004,6972.412307739258,4700,1,0.30000000000000004,15135.622482299805,3007,3007,3007,3007,3007,3007,3007,3007,3007,3007,3007,3007,4690,4691,3007,3007,3007,4690,3007,3007,3007,3007,3007,4690,100,14.285715103149414,0,0,0,0,0,0,0,0,0,0,5.263157844543457,0,0,0,0,15.000000953674316,10,100,0,0,0,0,66481098752,12884893696,1699385344,0
99,1780596687104,57909.81462097168,4700,1,0.30000000000000004,6937.261657714844,4700,1,0.30000000000000004,6800.575897216797,4700,1,0.30000000000000004,12246.1474609375,4700,1,0.30000000000000004,45846.919189453125,4700,1,0.30000000000000004,37989.70234680176,4700,1,0.30000000000000004,47218.41645812988,4700,1,0.30000000000000004,30146.74201965332,4700,1,0.30000000000000004,7274.5966796875,4700,1,0.30000000000000004,7163.7060546875,4700,1,0.30000000000000004,6754.477279663086,4700,1,0.30000000000000004,6972.41813659668,4700,1,0.30000000000000004,15141.125595092773,3007,3007,3007,3007,3007,3007,3007,3007,3007,3007,3007,3007,4690,4691,3007,3007,3007,4690,3007,3007,3007,3007,3007,4690,100,14.285715103149414,0,0,0,0,0,0,0,0,0,0,5.263157844543457,0,0,0,0,15.000000953674316,10,100,0,0,0,0,66481098752,12884893696,1701801984,0
99,1780596687204,57910.578872680664,4700,1,0.3062499999999999,6937.264785766602,4700,1,0.3062499999999999,6800.579040527344,4700,1,0.3062499999999999,12246.152114868164,4700,1,0.3062499999999999,45847.26135253906,4700,1,0.3062499999999999,37989.908294677734,4700,1,0.3062499999999999,47218.63661193848,4700,1,0.3062499999999999,30147.623779296875,4700,1,0.3062499999999999,7274.599761962891,4700,1,0.3062499999999999,7163.709243774414,4700,1,0.3062499999999999,6754.480407714844,4700,1,0.3062499999999999,6972.421249389648,4700,1,0.3062499999999999,15146.667953491211,3007,3007,3007,3007,3007,3007,3007,3007,3007,3007,3007,3007,4690,4691,3007,3007,3007,4690,3007,3007,3007,3007,3007,4690,95,0,0,0,0,0,0,0,0,0,0,0,20,0,0,0,0,0,15.000000953674316,100,0,0,0,0,66481098752,12884893696,1704521728,0
99,1780596687304,57911.34454345703,4700,1,0.30000000000000004,6937.268005371094,4700,1,0.30000000000000004,6800.582214355469,4700,1,0.30000000000000004,12246.156951904297,4700,1,0.30000000000000004,45847.61262512207,4700,1,0.30000000000000004,37989.991760253906,4700,1,0.30000000000000004,47218.89012145996,4700,1,0.30000000000000004,30148.504669189453,4700,1,0.30000000000000004,7274.602844238281,4700,1,0.30000000000000004,7163.712417602539,4700,1,0.30000000000000004,6754.483581542969,4700,1,0.30000000000000004,6972.424331665039,4700,1,0.30000000000000004,15152.00944519043,3007,3007,3007,3007,3007,3007,3007,3007,3007,3007,3007,3007,4690,4691,3007,3007,3007,4690,3007,3007,3007,3007,3007,4690,95,0,0,0,0,0,0,0,0,0,0,0,20,0,0,0,0,0,15.000000953674316,100,0,0,0,0,66481098752,12884893696,1706123264,0
99,1780596687404,57912.10778808594,4700,1,0.3062499999999999,6937.2711181640625,4700,1,0.3062499999999999,6800.585296630859,4700,1,0.3062499999999999,12246.161636352539,4700,1,0.3062499999999999,45847.938217163086,4700,1,0.3062499999999999,37989.99659729004,4700,1,0.3062499999999999,47219.179428100586,4700,1,0.3062499999999999,30149.386627197266,4700,1,0.3062499999999999,7274.605926513672,4700,1,0.3062499999999999,7163.715560913086,4700,1,0.3062499999999999,6754.48664855957,4700,1,0.3062499999999999,6972.427536010742,4700,1,0.3062499999999999,15157.339462280273,3007,3007,3007,3007,3007,3007,3007,3007,3007,3007,3007,3007,4690,4691,3007,3007,3007,4690,3007,3007,3007,3007,3007,4690,94.44444274902344,0,0,0,0,0,23.809524536132813,0,5,10,0,0,23.809524536132813,0,0,0,0,5,5,100,0,0,0,0,66481098752,12884893696,1707331584,0
99,1780596687504,57912.87712097168,4700,1,0.3062499999999999,6937.274200439453,4700,1,0.3062499999999999,6800.589874267578,4700,1,0.3062499999999999,12246.237762451172,4700,1,0.3062499999999999,45848.211502075195,4700,1,0.3062499999999999,37990.0022277832,4700,1,0.3062499999999999,47219.48533630371,4700,1,0.3062499999999999,30150.26383972168,4700,1,0.3062499999999999,7274.610534667969,4700,1,0.3062499999999999,7163.718643188477,4700,1,0.3062499999999999,6754.489715576172,4700,1,0.3062499999999999,6972.430618286133,4700,1,0.3062499999999999,15162.743850708008,3007,3007,3007,3007,3007,3007,3007,3007,3007,3007,3007,3007,4690,4691,3007,3007,3007,4690,3007,3007,3007,3007,3007,4690,94.44444274902344,0,0,0,0,0,23.809524536132813,0,5,10,0,0,23.809524536132813,0,0,0,0,5,5,100,0,0,0,0,66481098752,12884893696,1709522944,0
99,1780596687605,57913.650619506836,4700,1,0.3062499999999999,6937.277359008789,4700,1,0.3062499999999999,6800.593017578125,4700,1,0.3062499999999999,12246.442611694336,4700,1,0.3062499999999999,45848.42295837402,4700,1,0.3062499999999999,37990.040954589844,4700,1,0.3062499999999999,47219.81750488281,4700,1,0.3062499999999999,30151.139068603516,4700,1,0.3062499999999999,7274.613616943359,4700,1,0.3062499999999999,7163.726135253906,4700,1,0.3062499999999999,6754.4927978515625,4700,1,0.3062499999999999,6972.433700561523,4700,1,0.3062499999999999,15168.16487121582,3007,3007,3007,3007,3007,3007,3007,3007,3007,3007,3007,3007,4690,4691,3007,3007,3007,4690,3007,3007,3007,3007,3007,4690,100,0,0,0,0,4.761904716491699,15.000000953674316,0,15.000000953674316,10,0,0,0,0,0,0,0,0,0,100,0,0,0,0,66481098752,12884893696,1709232128,0
99,1780596687705,57914.41847229004,4700,1,0.3062499999999999,6937.28044128418,4700,1,0.3062499999999999,6800.596099853516,4700,1,0.3062499999999999,12246.453125,4700,1,0.3062499999999999,45848.67434692383,4700,1,0.3062499999999999,37990.24317932129,4700,1,0.3062499999999999,47220.11520385742,4700,1,0.3062499999999999,30152.02587890625,4700,1,0.3062499999999999,7274.61669921875,4700,1,0.3062499999999999,7163.729278564453,4700,1,0.3062499999999999,6754.495880126953,4700,1,0.3062499999999999,6972.4400634765625,4700,1,0.3062499999999999,15173.672241210938,3007,3007,3007,3007,3007,3007,3007,3007,3007,3007,3007,3007,4690,4691,3007,3007,3007,4690,3007,3007,3007,3007,3007,4690,100,0,0,0,0,4.761904716491699,15.000000953674316,0,15.000000953674316,10,0,0,0,0,0,0,0,0,0,100,0,0,0,0,66481098752,12884893696,1706070016,0
99,1780596687805,57915.1729888916,4700,1,0.30000000000000004,6937.28352355957,4700,1,0.30000000000000004,6800.599182128906,4700,1,0.30000000000000004,12246.473007202148,4700,1,0.30000000000000004,45848.921447753906,4700,1,0.30000000000000004,37990.41979980469,4700,1,0.30000000000000004,47220.42674255371,4700,1,0.30000000000000004,30152.899658203125,4700,1,0.30000000000000004,7274.6197509765625,4700,1,0.30000000000000004,7163.732360839844,4700,1,0.30000000000000004,6754.498916625977,4700,1,0.30000000000000004,6972.443145751953,4700,1,0.30000000000000004,15179.196685791016,3007,3007,3007,3007,3007,3007,3007,3007,3007,3007,3007,3007,4690,4691,3007,3007,3007,4690,3007,3007,3007,3007,3007,4690,95.23809814453125,0,0,0,0,0,9.523809432983398,5,10.526315689086914,5.263157844543457,0,0,0,0,0,0,0,0,15.000000953674316,100,0,0,0,0,66481098752,12884893696,1707421696,0
99,1780596687905,57915.93507385254,4700,1,0.30000000000000004,6937.286605834961,4700,1,0.30000000000000004,6800.602249145508,4700,1,0.30000000000000004,12246.668243408203,4700,1,0.30000000000000004,45849.149169921875,4700,1,0.30000000000000004,37990.6579284668,4700,1,0.30000000000000004,47220.674224853516,4700,1,0.30000000000000004,30153.780654907227,4700,1,0.30000000000000004,7274.622833251953,4700,1,0.30000000000000004,7163.7354736328125,4700,1,0.30000000000000004,6754.501861572266,4700,1,0.30000000000000004,6972.446258544922,4700,1,0.30000000000000004,15184.751907348633,3007,3007,3007,3007,3007,3007,3007,3007,3007,3007,3007,3007,4690,4691,3007,3007,3007,4690,3007,3007,3007,3007,3007,4690,95.23809814453125,0,0,0,0,0,9.523809432983398,5,10.526315689086914,5.263157844543457,0,0,0,0,0,0,0,0,15.000000953674316,100,0,0,0,0,66481098752,12884893696,1710301184,0
99,1780596688005,57916.703186035156,4700,1,0.3062499999999999,6937.289794921875,4700,1,0.3062499999999999,6800.605392456055,4700,1,0.3062499999999999,12246.816772460938,4700,1,0.3062499999999999,45849.394454956055,4700,1,0.3062499999999999,37990.920013427734,4700,1,0.3062499999999999,47220.88395690918,4700,1,0.3062499999999999,30154.66242980957,4700,1,0.3062499999999999,7274.625915527344,4700,1,0.3062499999999999,7163.73860168457,4700,1,0.3062499999999999,6754.504852294922,4700,1,0.3062499999999999,6972.4493408203125,4700,1,0.3062499999999999,15190.313949584961,3007,3007,3007,3007,3007,3007,3007,3007,3007,3007,3007,3007,4690,4691,3007,3007,3007,4690,3007,3007,3007,3007,3007,4690,95,5.263157844543457,0,0,0,5,0,10,5.263157844543457,5.263157844543457,0,0,4.761904716491699,0,0,0,0,0,0,100,0,0,0,0,66481098752,12884893696,1708167168,0
99,1780596688105,57917.47607421875,4700,1,0.3062499999999999,6937.292877197266,4700,1,0.3062499999999999,6800.608474731445,4700,1,0.3062499999999999,12246.821640014648,4700,1,0.3062499999999999,45849.738372802734,4700,1,0.3062499999999999,37991.1746673584,4700,1,0.3062499999999999,47221.03045654297,4700,1,0.3062499999999999,30155.541549682617,4700,1,0.3062499999999999,7274.628997802734,4700,1,0.3062499999999999,7163.741683959961,4700,1,0.3062499999999999,6754.507919311523,4700,1,0.3062499999999999,6972.452423095703,4700,1,0.3062499999999999,15195.803451538086,3007,3007,3007,3007,3007,3007,3007,3007,3007,3007,3007,3007,4690,4691,3007,3007,3007,4690,3007,3007,3007,3007,3007,4690,95,5.263157844543457,0,0,0,5,0,10,5.263157844543457,5.263157844543457,0,0,4.761904716491699,0,0,0,0,0,0,100,0,0,0,0,66481098752,12884893696,1708457984,0
99,1780596688205,57918.24073791504,4700,1,0.3062499999999999,6937.295959472656,4700,1,0.3062499999999999,6800.611557006836,4700,1,0.3062499999999999,12246.826400756836,4700,1,0.3062499999999999,45850.07905578613,4700,1,0.3062499999999999,37991.434829711914,4700,1,0.3062499999999999,47221.16598510742,4700,1,0.3062499999999999,30156.42547607422,4700,1,0.3062499999999999,7274.632080078125,4700,1,0.3062499999999999,7163.744827270508,4700,1,0.3062499999999999,6754.511001586914,4700,1,0.3062499999999999,6972.45556640625,4700,1,0.3062499999999999,15201.311981201172,3007,3007,3007,3007,3007,3007,3007,3007,3007,3007,3007,3007,4690,4691,3007,3007,3007,4690,3007,3007,3007,3007,3007,4690,100,0,0,0,0,0,20,0,9.523809432983398,5.263157844543457,0,0,11.764705657958984,0,0,0,0,0,0,100,0,0,0,0,66481098752,12884893696,1709223936,0
99,1780596688305,57919.00973510742,4700,1,0.30000000000000004,6937.299224853516,4700,1,0.3062499999999999,6800.615020751953,4700,1,0.3062499999999999,12246.919815063477,4700,1,0.30000000000000004,45850.323974609375,4700,1,0.30000000000000004,37991.70307922363,4700,1,0.30000000000000004,47221.3957824707,4700,1,0.30000000000000004,30157.30516052246,4700,1,0.3062499999999999,7274.63542175293,4700,1,0.3062499999999999,7163.748001098633,4700,1,0.3062499999999999,6754.514053344727,4700,1,0.3062499999999999,6972.458679199219,4700,1,0.3062499999999999,15206.876831054688,3007,3007,3007,3007,3007,3007,3007,3007,3007,3007,3007,3007,4690,4691,3007,3007,3007,4690,3007,3007,3007,3007,3007,4690,100,0,0,0,0,0,20,0,9.523809432983398,5.263157844543457,0,0,11.764705657958984,0,0,0,0,0,0,100,0,0,0,0,66481098752,12884893696,1710956544,0
99,1780596688405,57919.778884887695,4700,1,0.30000000000000004,6937.30241394043,4700,1,0.3062499999999999,6800.618194580078,4700,1,0.3062499999999999,12247.127044677734,4700,1,0.30000000000000004,45850.56376647949,4700,1,0.30000000000000004,37992.036193847656,4700,1,0.30000000000000004,47221.4196472168,4700,1,0.30000000000000004,30158.18670654297,4700,1,0.30000000000000004,7274.63850402832,4700,1,0.30000000000000004,7163.75114440918,4700,1,0.30000000000000004,6754.517150878906,4700,1,0.3062499999999999,6972.461822509766,4700,1,0.3062499999999999,15212.336929321289,3007,3007,3007,3007,3007,3007,3007,3007,3007,3007,3007,3007,4690,4691,3007,3007,3007,4690,3007,3007,3007,3007,3007,4690,95.23809814453125,14.285715103149414,0,0,0,0,15.000000953674316,5.263157844543457,5,5,0,0,0,0,0,0,0,10,0,100,0,0,0,0,66481098752,12884893696,1710669824,0
99,1780596688505,57920.53742980957,4700,1,0.30000000000000004,6937.30549621582,4700,1,0.30000000000000004,6800.621276855469,4700,1,0.30000000000000004,12247.344055175781,4700,1,0.30000000000000004,45850.76612854004,4700,1,0.30000000000000004,37992.33903503418,4700,1,0.30000000000000004,47221.531829833984,4700,1,0.30000000000000004,30159.05632019043,4700,1,0.30000000000000004,7274.641586303711,4700,1,0.30000000000000004,7163.75422668457,4700,1,0.30000000000000004,6754.520172119141,4700,1,0.30000000000000004,6972.464904785156,4700,1,0.30000000000000004,15217.909606933594,3007,3007,3007,3007,3007,3007,3007,3007,3007,3007,3007,3007,4690,4691,3007,3007,3007,4690,3007,3007,3007,3007,3007,4690,95.23809814453125,14.285715103149414,0,0,0,0,15.000000953674316,5.263157844543457,5,5,0,0,0,0,0,0,0,10,0,100,0,0,0,0,66481098752,12884893696,1710567424,0
99,1780596688605,57921.295150756836,4700,1,0.3062499999999999,6937.308578491211,4700,1,0.3062499999999999,6800.624359130859,4700,1,0.3062499999999999,12247.543991088867,4700,1,0.3062499999999999,45851.013931274414,4700,1,0.3062499999999999,37992.6005859375,4700,1,0.3062499999999999,47221.74676513672,4700,1,0.3062499999999999,30159.941146850586,4700,1,0.3062499999999999,7274.644668579102,4700,1,0.3062499999999999,7163.76594543457,4700,1,0.3062499999999999,6754.523239135742,4700,1,0.3062499999999999,6972.467987060547,4700,1,0.3062499999999999,15223.431198120117,3007,3007,3007,3007,3007,3007,3007,3007,3007,3007,3007,3007,4690,4691,3007,3007,3007,4690,3007,3007,3007,3007,3007,4690,94.44444274902344,10,0,0,0,0,15.000000953674316,0,10,5.263157844543457,0,0,0,0,0,0,0,9.523809432983398,0,100,0,0,0,0,66481098752,12884893696,1710694400,0
99,1780596688705,57922.018951416016,4700,1,0.30000000000000004,6937.340881347656,4700,1,0.30000000000000004,6800.6500244140625,4700,1,0.30000000000000004,12247.720413208008,4700,1,0.30000000000000004,45851.217681884766,4700,1,0.30000000000000004,37992.84135437012,4700,1,0.30000000000000004,47221.97019958496,4700,1,0.30000000000000004,30160.699752807617,4700,1,0.30000000000000004,7274.679046630859,4700,1,0.30000000000000004,7163.808319091797,4700,1,0.30000000000000004,6754.55908203125,4700,1,0.30000000000000004,6972.519180297852,4700,1,0.30000000000000004,15228.886184692383,3007,3007,3007,3007,3007,3007,3007,3007,3007,3007,3007,3007,4690,4691,3007,3007,3007,4690,3007,3007,3007,3007,3007,4690,94.44444274902344,10,0,0,0,0,15.000000953674316,0,10,5.263157844543457,0,0,0,0,0,0,0,9.523809432983398,0,100,0,0,0,0,66481098752,12884893696,1707986944,0
99,1780596688805,57922.794342041016,4700,1,0.3062499999999999,6937.3447265625,4700,1,0.3062499999999999,6800.6536865234375,4700,1,0.3062499999999999,12247.806335449219,4700,1,0.3062499999999999,45851.4588470459,4700,1,0.3062499999999999,37993.18420410156,4700,1,0.3062499999999999,47222.01205444336,4700,1,0.3062499999999999,30161.575759887695,4700,1,0.3062499999999999,7274.682998657227,4700,1,0.3062499999999999,7163.824432373047,4700,1,0.3062499999999999,6754.563293457031,4700,1,0.3062499999999999,6972.523193359375,4700,1,0.3062499999999999,15234.232345581055,3007,3007,3007,3007,3007,3007,3007,3007,3007,3007,3007,3007,4690,4691,3007,3007,3007,4690,3007,3007,3007,3007,3007,4690,100,9.523809432983398,0,0,0,0,5,15.000000953674316,0,9.523809432983398,4.761904716491699,0,0,0,0,0,0,0,0,90.47618865966797,0,4.761904716491699,0,0,66481098752,12884893696,1710190592,0
99,1780596688905,57923.54885864258,4700,1,0.3062499999999999,6937.347808837891,4700,1,0.3062499999999999,6800.656768798828,4700,1,0.3062499999999999,12247.830581665039,4700,1,0.3062499999999999,45851.778091430664,4700,1,0.3062499999999999,37993.34297180176,4700,1,0.3062499999999999,47222.26762390137,4700,1,0.3062499999999999,30162.462997436523,4700,1,0.3062499999999999,7274.686080932617,4700,1,0.3062499999999999,7163.839263916016,4700,1,0.3062499999999999,6754.56672668457,4700,1,0.3062499999999999,6972.526306152344,4700,1,0.3062499999999999,15239.754440307617,3007,3007,3007,3007,3007,3007,3007,3007,3007,3007,3007,3007,4690,4691,3007,3007,3007,4690,3007,3007,3007,3007,3007,4690,100,9.523809432983398,0,0,0,0,5,15.000000953674316,0,9.523809432983398,4.761904716491699,0,0,0,0,0,0,0,0,90.47618865966797,0,4.761904716491699,0,0,66481098752,12884893696,1712640000,0
99,1780596689005,57924.33560180664,4700,1,0.3062499999999999,6937.350891113281,4700,1,0.3062499999999999,6800.659851074219,4700,1,0.3062499999999999,12247.999877929688,4700,1,0.3062499999999999,45851.935119628906,4700,1,0.3062499999999999,37993.505447387695,4700,1,0.3062499999999999,47222.58116149902,4700,1,0.3062499999999999,30163.340911865234,4700,1,0.3062499999999999,7274.689163208008,4700,1,0.3062499999999999,7163.84912109375,4700,1,0.3062499999999999,6754.569793701172,4700,1,0.3062499999999999,6972.529388427734,4700,1,0.3062499999999999,15245.270050048828,3007,3007,3007,3007,3007,3007,3007,3007,3007,3007,3007,3007,4690,4691,3007,3007,3007,4690,3007,3007,3007,3007,3007,4690,94.73684692382813,0,0,0,13.636363983154297,0,10,0,0,10.526315689086914,0,0,10,0,0,0,0,0,5.263157844543457,100,0,4.761904716491699,0,0,66481098752,12884893696,1710194688,0
99,1780596689105,57925.12043762207,4700,1,0.3062499999999999,6937.353973388672,4700,1,0.3062499999999999,6800.662933349609,4700,1,0.3062499999999999,12248.18472290039,4700,1,0.3062499999999999,45852.119873046875,4700,1,0.3062499999999999,37993.71797180176,4700,1,0.3062499999999999,47222.8738861084,4700,1,0.3062499999999999,30164.20149230957,4700,1,0.3062499999999999,7274.692245483398,4700,1,0.3062499999999999,7163.862335205078,4700,1,0.3062499999999999,6754.572814941406,4700,1,0.3062499999999999,6972.532470703125,4700,1,0.3062499999999999,15250.802139282227,3007,3007,3007,3007,3007,3007,3007,3007,3007,3007,3007,3007,4690,4691,3007,3007,3007,4690,3007,3007,3007,3007,3007,4690,94.73684692382813,0,0,0,13.636363983154297,0,10,0,0,10.526315689086914,0,0,10,0,0,0,0,0,5.263157844543457,100,0,4.761904716491699,0,0,66481098752,12884893696,1704763392,0
99,1780596689205,57925.88899230957,4700,1,0.3062499999999999,6937.357086181641,4700,1,0.3062499999999999,6800.666091918945,4700,1,0.3062499999999999,12248.421401977539,4700,1,0.3062499999999999,45852.32540893555,4700,1,0.3062499999999999,37993.95263671875,4700,1,0.3062499999999999,47223.11006164551,4700,1,0.3062499999999999,30165.0733795166,4700,1,0.3062499999999999,7274.695327758789,4700,1,0.3062499999999999,7163.875579833984,4700,1,0.3062499999999999,6754.575912475586,4700,1,0.3062499999999999,6972.535583496094,4700,1,0.3062499999999999,15256.375793457031,3007,3007,3007,3007,3007,3007,3007,3007,3007,3007,3007,3007,4690,4691,3007,3007,3007,4690,3007,3007,3007,3007,3007,4690,100,5,0,0,0,5,14.285715103149414,0,0,0,0,0,0,0,0,0,0,10.526315689086914,18.18181800842285,100,0,5,0,0,66481098752,12884893696,1706508288,0
99,1780596689305,57926.653732299805,4700,1,0.30000000000000004,6937.360168457031,4700,1,0.30000000000000004,6800.669281005859,4700,1,0.30000000000000004,12248.610260009766,4700,1,0.30000000000000004,45852.587631225586,4700,1,0.30000000000000004,37994.163177490234,4700,1,0.30000000000000004,47223.340759277344,4700,1,0.30000000000000004,30165.935180664063,4700,1,0.30000000000000004,7274.698379516602,4700,1,0.30000000000000004,7163.887619018555,4700,1,0.30000000000000004,6754.578948974609,4700,1,0.30000000000000004,6972.538726806641,4700,1,0.30000000000000004,15261.930252075195,3007,3007,3007,3007,3007,3007,3007,3007,3007,3007,3007,3007,4690,4691,3007,3007,3007,4690,3007,3007,3007,3007,3007,4690,100,5,0,0,0,5,14.285715103149414,0,0,0,0,0,0,0,0,0,0,10.526315689086914,18.18181800842285,100,0,5,0,0,66481098752,12884893696,1708941312,0
99,1780596689405,57927.435546875,4700,1,0.30000000000000004,6937.363250732422,4700,1,0.30000000000000004,6800.672332763672,4700,1,0.30000000000000004,12248.772537231445,4700,1,0.30000000000000004,45852.84393310547,4700,1,0.30000000000000004,37994.38603210449,4700,1,0.30000000000000004,47223.56230163574,4700,1,0.30000000000000004,30166.810607910156,4700,1,0.30000000000000004,7274.701461791992,4700,1,0.30000000000000004,7163.894134521484,4700,1,0.30000000000000004,6754.582015991211,4700,1,0.30000000000000004,6972.541778564453,4700,1,0.30000000000000004,15267.43618774414,3007,3007,3007,3007,3007,3007,3007,3007,3007,3007,3007,3007,4690,4691,3007,3007,3007,4690,3007,3007,3007,3007,3007,4690,94.73684692382813,0,0,0,0,0,5.555555820465088,0,0,5,0,0,5,0,0,0,0,5.263157844543457,5.263157844543457,100,0,0,0,0,66481098752,12884893696,1707438080,0
99,1780596689506,57928.20719909668,4700,1,0.30000000000000004,6937.3663330078125,4700,1,0.30000000000000004,6800.6754150390625,4700,1,0.30000000000000004,12249.05583190918,4700,1,0.30000000000000004,45853.05995178223,4700,1,0.30000000000000004,37994.63751220703,4700,1,0.30000000000000004,47223.62919616699,4700,1,0.30000000000000004,30167.679428100586,4700,1,0.30000000000000004,7274.704544067383,4700,1,0.30000000000000004,7163.904373168945,4700,1,0.30000000000000004,6754.585098266602,4700,1,0.30000000000000004,6972.544860839844,4700,1,0.30000000000000004,15272.920623779297,3007,3007,3007,3007,3007,3007,3007,3007,3007,3007,3007,3007,4690,4691,3007,3007,3007,4690,3007,3007,3007,3007,3007,4690,94.73684692382813,0,0,0,0,0,5.555555820465088,0,0,5,0,0,5,0,0,0,0,5.263157844543457,5.263157844543457,100,0,0,0,0,66481098752,12884893696,1709121536,0
99,1780596689606,57928.977478027344,4700,1,0.3062499999999999,6937.369415283203,4700,1,0.3062499999999999,6800.678558349609,4700,1,0.3062499999999999,12249.299911499023,4700,1,0.3062499999999999,45853.29911804199,4700,1,0.3062499999999999,37994.862060546875,4700,1,0.3062499999999999,47223.851501464844,4700,1,0.3062499999999999,30168.549774169922,4700,1,0.3062499999999999,7274.707626342773,4700,1,0.3062499999999999,7163.926971435547,4700,1,0.3062499999999999,6754.588150024414,4700,1,0.3062499999999999,6972.547943115234,4700,1,0.3062499999999999,15278.521850585938,3007,3007,3007,3007,3007,3007,3007,3007,3007,3007,3007,3007,4690,4691,3007,3007,3007,4690,3007,3007,3007,3007,3007,4690,100,0,0,0,0,0,15.000000953674316,0,0,5,0,0,4.761904716491699,0,0,0,0,19.047618865966797,10,100,0,0,0,0,66481098752,12884893696,1708347392,0
99,1780596689706,57929.74473571777,4700,1,0.3062499999999999,6937.372619628906,4700,1,0.3062499999999999,6800.681732177734,4700,1,0.3062499999999999,12249.545166015625,4700,1,0.3062499999999999,45853.54362487793,4700,1,0.3062499999999999,37995.101135253906,4700,1,0.3062499999999999,47224.04373168945,4700,1,0.3062499999999999,30169.42138671875,4700,1,0.3062499999999999,7274.710861206055,4700,1,0.3062499999999999,7163.942413330078,4700,1,0.3062499999999999,6754.593933105469,4700,1,0.3062499999999999,6972.551055908203,4700,1,0.3062499999999999,15284.17041015625,3007,3007,3007,3007,3007,3007,3007,3007,3007,3007,3007,3007,4690,4691,3007,3007,3007,4690,3007,3007,3007,3007,3007,4690,100,0,0,0,0,0,15.000000953674316,0,0,5,0,0,4.761904716491699,0,0,0,0,19.047618865966797,10,100,0,0,0,0,66481098752,12884893696,1705586688,0
99,1780596689806,57930.52479553223,4700,1,0.30000000000000004,6937.375701904297,4700,1,0.3062499999999999,6800.684814453125,4700,1,0.3062499999999999,12249.709564208984,4700,1,0.30000000000000004,45853.84114074707,4700,1,0.30000000000000004,37995.215087890625,4700,1,0.30000000000000004,47224.2861328125,4700,1,0.3062499999999999,30170.304763793945,4700,1,0.3062499999999999,7274.713943481445,4700,1,0.3062499999999999,7163.950744628906,4700,1,0.3062499999999999,6754.596969604492,4700,1,0.3062499999999999,6972.554138183594,4700,1,0.3062499999999999,15289.67431640625,3007,3007,3007,3007,3007,3007,3007,3007,3007,3007,3007,3007,4690,4691,3007,3007,3007,4690,3007,3007,3007,3007,3007,4690,100,0,0,0,0,5,15.000000953674316,0,0,14.285715103149414,0,0,5.263157844543457,0,0,0,0,10,14.285715103149414,100,0,0,0,0,66481098752,12884893696,1704939520,0
99,1780596689906,57931.29579162598,4700,1,0.30000000000000004,6937.378814697266,4700,1,0.3062499999999999,6800.687927246094,4700,1,0.3062499999999999,12249.868850708008,4700,1,0.30000000000000004,45854.194412231445,4700,1,0.30000000000000004,37995.21983337402,4700,1,0.30000000000000004,47224.513259887695,4700,1,0.30000000000000004,30171.174041748047,4700,1,0.30000000000000004,7274.717025756836,4700,1,0.30000000000000004,7163.964904785156,4700,1,0.3062499999999999,6754.600112915039,4700,1,0.3062499999999999,6972.5572509765625,4700,1,0.3062499999999999,15295.103317260742,3007,3007,3007,3007,3007,3007,3007,3007,3007,3007,3007,3007,4690,4691,3007,3007,3007,4690,3007,3007,3007,3007,3007,4690,100,0,0,0,0,5,15.000000953674316,0,0,14.285715103149414,0,0,5.263157844543457,0,0,0,0,10,14.285715103149414,100,0,0,0,0,66481098752,12884893696,1707913216,0
99,1780596690006,57932.06883239746,4700,1,0.30000000000000004,6937.381896972656,4700,1,0.3062499999999999,6800.6910400390625,4700,1,0.3062499999999999,12250.110794067383,4700,1,0.30000000000000004,45854.51025390625,4700,1,0.30000000000000004,37995.2243347168,4700,1,0.30000000000000004,47224.70967102051,4700,1,0.30000000000000004,30172.041763305664,4700,1,0.30000000000000004,7274.720108032227,4700,1,0.30000000000000004,7163.973358154297,4700,1,0.3062499999999999,6754.603118896484,4700,1,0.3062499999999999,6972.560333251953,4700,1,0.3062499999999999,15300.514175415039,3007,3007,3007,3007,3007,3007,3007,3007,3007,3007,3007,3007,4690,4691,3007,3007,3007,4690,3007,3007,3007,3007,3007,4690,95.23809814453125,0,0,0,0,5,20,0,0,0,0,0,20,0,0,0,0,0,0,100,0,0,0,0,66481098752,12884893696,1705619456,0
99,1780596690106,57932.83279418945,4700,1,0.30000000000000004,6937.384948730469,4700,1,0.30000000000000004,6800.694122314453,4700,1,0.30000000000000004,12250.346969604492,4700,1,0.30000000000000004,45854.65620422363,4700,1,0.30000000000000004,37995.228775024414,4700,1,0.30000000000000004,47225.054443359375,4700,1,0.30000000000000004,30172.89828491211,4700,1,0.30000000000000004,7274.723159790039,4700,1,0.30000000000000004,7163.976409912109,4700,1,0.30000000000000004,6754.606140136719,4700,1,0.30000000000000004,6972.563385009766,4700,1,0.30000000000000004,15306.001205444336,3007,3007,3007,3007,3007,3007,3007,3007,3007,3007,3007,3007,4690,4691,3007,3007,3007,4690,3007,3007,3007,3007,3007,4690,95.23809814453125,0,0,0,0,5,20,0,0,0,0,0,20,0,0,0,0,0,0,100,0,0,0,0,66481098752,12884893696,1707765760,0
99,1780596690206,57933.60014343262,4700,1,0.30000000000000004,6937.3880615234375,4700,1,0.30000000000000004,6800.697174072266,4700,1,0.30000000000000004,12250.594604492188,4700,1,0.30000000000000004,45854.94178771973,4700,1,0.30000000000000004,37995.23327636719,4700,1,0.30000000000000004,47225.266662597656,4700,1,0.30000000000000004,30173.767288208008,4700,1,0.30000000000000004,7274.72624206543,4700,1,0.30000000000000004,7163.979522705078,4700,1,0.30000000000000004,6754.609268188477,4700,1,0.30000000000000004,6972.566558837891,4700,1,0.30000000000000004,15311.359573364258,3007,3007,3007,3007,3007,3007,3007,3007,3007,3007,3007,3007,4690,4691,3007,3007,3007,4690,3007,3007,3007,3007,3007,4690,100,0,0,0,0,0,5.263157844543457,0,18.18181800842285,0,0,0,5.263157844543457,0,0,0,0,0,15.789472579956055,100,0,0,0,0,66481098752,12884893696,1708834816,0
99,1780596690306,57934.38081359863,4700,1,0.3062499999999999,6937.391143798828,4700,1,0.3062499999999999,6800.700500488281,4700,1,0.3062499999999999,12250.815002441406,4700,1,0.3062499999999999,45855.171447753906,4700,1,0.3062499999999999,37995.45993041992,4700,1,0.3062499999999999,47225.497497558594,4700,1,0.3062499999999999,30174.64781188965,4700,1,0.3062499999999999,7274.72932434082,4700,1,0.3062499999999999,7163.986511230469,4700,1,0.3062499999999999,6754.612167358398,4700,1,0.3062499999999999,6972.5697021484375,4700,1,0.3062499999999999,15316.93148803711,3007,3007,3007,3007,3007,3007,3007,3007,3007,3007,3007,3007,4690,4691,3007,3007,3007,4690,3007,3007,3007,3007,3007,4690,100,0,0,0,0,0,5.263157844543457,0,18.18181800842285,0,0,0,5.263157844543457,0,0,0,0,0,15.789472579956055,100,0,0,0,0,66481098752,12884893696,1710600192,0
99,1780596690406,57935.14665222168,4700,1,0.3062499999999999,6937.394256591797,4700,1,0.3062499999999999,6800.703582763672,4700,1,0.3062499999999999,12251.06655883789,4700,1,0.3062499999999999,45855.41677856445,4700,1,0.3062499999999999,37995.680908203125,4700,1,0.3062499999999999,47225.71708679199,4700,1,0.3062499999999999,30175.527755737305,4700,1,0.3062499999999999,7274.732406616211,4700,1,0.3062499999999999,7163.989654541016,4700,1,0.3062499999999999,6754.615219116211,4700,1,0.3062499999999999,6972.572784423828,4700,1,0.3062499999999999,15322.455505371094,3007,3007,3007,3007,3007,3007,3007,3007,3007,3007,3007,3007,4690,4691,3007,3007,3007,4690,3007,3007,3007,3007,3007,4690,95.23809814453125,0,0,0,4.761904716491699,0,0,0,0,10,0,0,0,0,0,0,0,0,14.285715103149414,100,0,0,0,0,66481098752,12884893696,1712525312,0
99,1780596690506,57935.919860839844,4700,1,0.30000000000000004,6937.3973388671875,4700,1,0.3062499999999999,6800.7066650390625,4700,1,0.3062499999999999,12251.311904907227,4700,1,0.30000000000000004,45855.706787109375,4700,1,0.30000000000000004,37995.88804626465,4700,1,0.30000000000000004,47225.79032897949,4700,1,0.3062499999999999,30176.414962768555,4700,1,0.3062499999999999,7274.735549926758,4700,1,0.3062499999999999,7163.992767333984,4700,1,0.3062499999999999,6754.618301391602,4700,1,0.3062499999999999,6972.575927734375,4700,1,0.3062499999999999,15327.921966552734,3007,3007,3007,3007,3007,3007,3007,3007,3007,3007,3007,3007,4690,4691,3007,3007,3007,4690,3007,3007,3007,3007,3007,4690,95.23809814453125,0,0,0,4.761904716491699,0,0,0,0,10,0,0,0,0,0,0,0,0,14.285715103149414,100,0,0,0,0,66481098752,12884893696,1710239744,0
99,1780596690606,57936.683532714844,4700,1,0.30000000000000004,6937.400527954102,4700,1,0.3062499999999999,6800.709854125977,4700,1,0.3062499999999999,12251.564147949219,4700,1,0.30000000000000004,45855.98973083496,4700,1,0.30000000000000004,37996.09606933594,4700,1,0.30000000000000004,47225.911376953125,4700,1,0.30000000000000004,30177.294311523438,4700,1,0.30000000000000004,7274.738693237305,4700,1,0.30000000000000004,7163.995880126953,4700,1,0.30000000000000004,6754.621368408203,4700,1,0.30000000000000004,6972.579055786133,4700,1,0.3062499999999999,15333.444869995117,3007,3007,3007,3007,3007,3007,3007,3007,3007,3007,3007,3007,4690,4691,3007,3007,3007,4690,3007,3007,3007,3007,3007,4690,100,0,0,0,5,0,5.263157844543457,0,0,5.263157844543457,0,0,10.526315689086914,0,0,0,0,9.523809432983398,0,100,0,0,0,0,66481098752,12884893696,1711386624,0
99,1780596690706,57937.445861816406,4700,1,0.3062499999999999,6937.4036865234375,4700,1,0.3062499999999999,6800.713027954102,4700,1,0.3062499999999999,12251.789276123047,4700,1,0.3062499999999999,45856.20878601074,4700,1,0.3062499999999999,37996.35258483887,4700,1,0.3062499999999999,47226.15057373047,4700,1,0.3062499999999999,30178.176315307617,4700,1,0.3062499999999999,7274.741836547852,4700,1,0.3062499999999999,7163.999084472656,4700,1,0.3062499999999999,6754.624496459961,4700,1,0.3062499999999999,6972.582168579102,4700,1,0.3062499999999999,15338.944458007813,3007,3007,3007,3007,3007,3007,3007,3007,3007,3007,3007,3007,4690,4691,3007,3007,3007,4690,3007,3007,3007,3007,3007,4690,100,0,0,0,5,0,5.263157844543457,0,0,5.263157844543457,0,0,10.526315689086914,0,0,0,0,9.523809432983398,0,100,0,0,0,0,66481098752,12884893696,1703657472,0
99,1780596690806,57938.206619262695,4700,1,0.30000000000000004,6937.406799316406,4700,1,0.30000000000000004,6800.716110229492,4700,1,0.30000000000000004,12252.016799926758,4700,1,0.30000000000000004,45856.41993713379,4700,1,0.30000000000000004,37996.58674621582,4700,1,0.30000000000000004,47226.39419555664,4700,1,0.30000000000000004,30179.048889160156,4700,1,0.30000000000000004,7274.744888305664,4700,1,0.30000000000000004,7164.002166748047,4700,1,0.30000000000000004,6754.635757446289,4700,1,0.30000000000000004,6972.585250854492,4700,1,0.30000000000000004,15344.49887084961,3007,3007,3007,3007,3007,3007,3007,3007,3007,3007,3007,3007,4690,4691,3007,3007,3007,4690,3007,3007,3007,3007,3007,4690,95,0,0,0,0,0,10.526315689086914,0,0,5.263157844543457,0,0,0,0,0,0,0,11.111111640930176,0,100,0,0,0,0,66481098752,12884893696,1703243776,0
99,1780596690906,57938.972579956055,4700,1,0.3062499999999999,6937.409881591797,4700,1,0.3062499999999999,6800.719161987305,4700,1,0.3062499999999999,12252.266632080078,4700,1,0.3062499999999999,45856.61477661133,4700,1,0.3062499999999999,37996.851013183594,4700,1,0.3062499999999999,47226.62223815918,4700,1,0.3062499999999999,30179.922882080078,4700,1,0.3062499999999999,7274.747970581055,4700,1,0.3062499999999999,7164.005279541016,4700,1,0.3062499999999999,6754.638870239258,4700,1,0.3062499999999999,6972.588333129883,4700,1,0.3062499999999999,15350.049209594727,3007,3007,3007,3007,3007,3007,3007,3007,3007,3007,3007,3007,4690,4691,3007,3007,3007,4690,3007,3007,3007,3007,3007,4690,95,0,0,0,0,0,10.526315689086914,0,0,5.263157844543457,0,0,0,0,0,0,0,11.111111640930176,0,100,0,0,0,0,66481098752,12884893696,1706074112,0
99,1780596691006,57939.74151611328,4700,1,0.3062499999999999,6937.4129638671875,4700,1,0.3062499999999999,6800.722244262695,4700,1,0.3062499999999999,12252.515533447266,4700,1,0.3062499999999999,45856.850830078125,4700,1,0.3062499999999999,37997.07159423828,4700,1,0.3062499999999999,47226.853256225586,4700,1,0.3062499999999999,30180.799346923828,4700,1,0.3062499999999999,7274.751052856445,4700,1,0.3062499999999999,7164.008361816406,4700,1,0.3062499999999999,6754.641860961914,4700,1,0.3062499999999999,6972.591415405273,4700,1,0.3062499999999999,15355.616912841797,3007,3007,3007,3007,3007,3007,3007,3007,3007,3007,3007,3007,4690,4691,3007,3007,3007,4690,3007,3007,3007,3007,3007,4690,95,0,0,0,0,9.090909004211426,5.263157844543457,0,0,5,0,0,0,0,0,0,0,10.526315689086914,10,100,0,0,0,0,66481098752,12884893696,1707507712,0
99,1780596691106,57940.508728027344,4700,1,0.3062499999999999,6937.416046142578,4700,1,0.3062499999999999,6800.725433349609,4700,1,0.3062499999999999,12252.763900756836,4700,1,0.3062499999999999,45857.095611572266,4700,1,0.3062499999999999,37997.29551696777,4700,1,0.3062499999999999,47227.07466125488,4700,1,0.3062499999999999,30181.67495727539,4700,1,0.3062499999999999,7274.754135131836,4700,1,0.3062499999999999,7164.011520385742,4700,1,0.3062499999999999,6754.64485168457,4700,1,0.3062499999999999,6972.594528198242,4700,1,0.3062499999999999,15361.170654296875,3007,3007,3007,3007,3007,3007,3007,3007,3007,3007,3007,3007,4690,4691,3007,3007,3007,4690,3007,3007,3007,3007,3007,4690,95,0,0,0,0,9.090909004211426,5.263157844543457,0,0,5,0,0,0,0,0,0,0,10.526315689086914,10,100,0,0,0,0,66481098752,12884893696,1709862912,0
99,1780596691206,57941.27577209473,4700,1,0.30000000000000004,6937.419158935547,4700,1,0.3062499999999999,6800.728515625,4700,1,0.3062499999999999,12253.010513305664,4700,1,0.30000000000000004,45857.31846618652,4700,1,0.30000000000000004,37997.53924560547,4700,1,0.30000000000000004,47227.297775268555,4700,1,0.30000000000000004,30182.548446655273,4700,1,0.30000000000000004,7274.757217407227,4700,1,0.3062499999999999,7164.0146484375,4700,1,0.3062499999999999,6754.647903442383,4700,1,0.3062499999999999,6972.597610473633,4700,1,0.3062499999999999,15366.734085083008,3007,3007,3007,3007,3007,3007,3007,3007,3007,3007,3007,3007,4690,4691,3007,3007,3007,4690,3007,3007,3007,3007,3007,4690,100,0,0,0,0,0,15.000000953674316,0,0,0,0,0,0,0,0,0,0,5.555555820465088,15.000000953674316,100,0,0,0,0,66481098752,12884893696,1709170688,0
99,1780596691306,57942.04219055176,4700,1,0.30000000000000004,6937.4222412109375,4700,1,0.3062499999999999,6800.731857299805,4700,1,0.3062499999999999,12253.258178710938,4700,1,0.30000000000000004,45857.54341125488,4700,1,0.30000000000000004,37997.77671813965,4700,1,0.30000000000000004,47227.524017333984,4700,1,0.30000000000000004,30183.422317504883,4700,1,0.30000000000000004,7274.760299682617,4700,1,0.30000000000000004,7164.018005371094,4700,1,0.30000000000000004,6754.650924682617,4700,1,0.30000000000000004,6972.600799560547,4700,1,0.3062499999999999,15372.30305480957,3007,3007,3007,3007,3007,3007,3007,3007,3007,3007,3007,3007,4690,4691,3007,3007,3007,4690,3007,3007,3007,3007,3007,4690,100,0,0,0,0,0,15.000000953674316,0,0,0,0,0,0,0,0,0,0,5.555555820465088,15.000000953674316,100,0,0,0,0,66481098752,12884893696,1711591424,0
99,1780596691407,57942.799407958984,4700,1,0.30000000000000004,6937.425354003906,4700,1,0.3062499999999999,6800.734939575195,4700,1,0.3062499999999999,12253.506942749023,4700,1,0.30000000000000004,45857.765716552734,4700,1,0.30000000000000004,37998.00506591797,4700,1,0.30000000000000004,47227.76091003418,4700,1,0.30000000000000004,30184.300186157227,4700,1,0.30000000000000004,7274.763412475586,4700,1,0.30000000000000004,7164.021148681641,4700,1,0.30000000000000004,6754.654067993164,4700,1,0.30000000000000004,6972.6038818359375,4700,1,0.3062499999999999,15377.880950927734,3007,3007,3007,3007,3007,3007,3007,3007,3007,3007,3007,3007,4690,4691,3007,3007,3007,4690,3007,3007,3007,3007,3007,4690,95,5.263157844543457,0,0,0,0,10.526315689086914,0,0,5.263157844543457,0,0,0,0,0,0,0,15.000000953674316,15.000000953674316,100,0,0,0,0,66481098752,12884893696,1708584960,0
99,1780596691507,57943.583892822266,4700,1,0.30000000000000004,6937.428405761719,4700,1,0.30000000000000004,6800.738082885742,4700,1,0.30000000000000004,12253.752868652344,4700,1,0.30000000000000004,45857.98287963867,4700,1,0.30000000000000004,37998.24157714844,4700,1,0.30000000000000004,47227.99018859863,4700,1,0.30000000000000004,30185.16860961914,4700,1,0.30000000000000004,7274.766464233398,4700,1,0.30000000000000004,7164.0242919921875,4700,1,0.30000000000000004,6754.65705871582,4700,1,0.30000000000000004,6972.60693359375,4700,1,0.30000000000000004,15383.378402709961,3007,3007,3007,3007,3007,3007,3007,3007,3007,3007,3007,3007,4690,4691,3007,3007,3007,4690,3007,3007,3007,3007,3007,4690,95,5.263157844543457,0,0,0,0,10.526315689086914,0,0,5.263157844543457,0,0,0,0,0,0,0,15.000000953674316,15.000000953674316,100,0,0,0,0,66481098752,12884893696,1707266048,0
99,1780596691607,57944.34878540039,4700,1,0.3062499999999999,6937.431488037109,4700,1,0.3062499999999999,6800.741165161133,4700,1,0.3062499999999999,12254.080596923828,4700,1,0.3062499999999999,45858.13584899902,4700,1,0.3062499999999999,37998.27095031738,4700,1,0.3062499999999999,47228.24557495117,4700,1,0.3062499999999999,30186.051025390625,4700,1,0.3062499999999999,7274.769546508789,4700,1,0.3062499999999999,7164.027374267578,4700,1,0.3062499999999999,6754.660125732422,4700,1,0.3062499999999999,6972.610015869141,4700,1,0.3062499999999999,15388.80697631836,3007,3007,3007,3007,3007,3007,3007,3007,3007,3007,3007,3007,4690,4691,3007,3007,3007,4690,3007,3007,3007,3007,3007,4690,100,10,0,0,4.761904716491699,10,5,0,0,9.523809432983398,0,0,0,0,0,0,0,0,14.285715103149414,100,0,0,0,0,66481098752,12884893696,1708539904,0
99,1780596691707,57945.119888305664,4700,1,0.3062499999999999,6937.434631347656,4700,1,0.3062499999999999,6800.744247436523,4700,1,0.3062499999999999,12254.40512084961,4700,1,0.3062499999999999,45858.35726928711,4700,1,0.3062499999999999,37998.29577636719,4700,1,0.3062499999999999,47228.4677734375,4700,1,0.3062499999999999,30186.923828125,4700,1,0.3062499999999999,7274.77262878418,4700,1,0.3062499999999999,7164.030517578125,4700,1,0.3062499999999999,6754.665451049805,4700,1,0.3062499999999999,6972.613098144531,4700,1,0.3062499999999999,15394.245712280273,3007,3007,3007,3007,3007,3007,3007,3007,3007,3007,3007,3007,4690,4691,3007,3007,3007,4690,3007,3007,3007,3007,3007,4690,100,10,0,0,4.761904716491699,10,5,0,0,9.523809432983398,0,0,0,0,0,0,0,0,14.285715103149414,100,0,0,0,0,66481098752,12884893696,1704783872,0
99,1780596691807,57945.89094543457,4700,1,0.3062499999999999,6937.437713623047,4700,1,0.3062499999999999,6800.747329711914,4700,1,0.3062499999999999,12254.703918457031,4700,1,0.3062499999999999,45858.62889099121,4700,1,0.3062499999999999,37998.33534240723,4700,1,0.3062499999999999,47228.64860534668,4700,1,0.3062499999999999,30187.800689697266,4700,1,0.3062499999999999,7274.77571105957,4700,1,0.3062499999999999,7164.033599853516,4700,1,0.3062499999999999,6754.668533325195,4700,1,0.3062499999999999,6972.616180419922,4700,1,0.3062499999999999,15399.67123413086,3007,3007,3007,3007,3007,3007,3007,3007,3007,3007,3007,3007,4690,4691,3007,3007,3007,4690,3007,3007,3007,3007,3007,4690,95,0,0,0,0,10.526315689086914,10.526315689086914,0,0,0,0,0,13.636363983154297,0,0,0,0,0,5.263157844543457,100,0,0,0,4.761904716491699,66481098752,12884893696,1706643456,0
99,1780596691907,57946.663650512695,4700,1,0.30000000000000004,6937.440826416016,4700,1,0.3062499999999999,6800.75048828125,4700,1,0.3062499999999999,12254.9453125,4700,1,0.30000000000000004,45858.90640258789,4700,1,0.30000000000000004,37998.455001831055,4700,1,0.30000000000000004,47228.84860229492,4700,1,0.30000000000000004,30188.669967651367,4700,1,0.3062499999999999,7274.778839111328,4700,1,0.3062499999999999,7164.036865234375,4700,1,0.3062499999999999,6754.671630859375,4700,1,0.3062499999999999,6972.6192626953125,4700,1,0.3062499999999999,15405.170013427734,3007,3007,3007,3007,3007,3007,3007,3007,3007,3007,3007,3007,4690,4691,3007,3007,3007,4690,3007,3007,3007,3007,3007,4690,95,0,0,0,0,10.526315689086914,10.526315689086914,0,0,0,0,0,13.636363983154297,0,0,0,0,0,5.263157844543457,100,0,0,0,4.761904716491699,66481098752,12884893696,1703731200,0
99,1780596692007,57947.43588256836,4700,1,0.30000000000000004,6937.443908691406,4700,1,0.3062499999999999,6800.753570556641,4700,1,0.3062499999999999,12255.190643310547,4700,1,0.30000000000000004,45859.07286071777,4700,1,0.30000000000000004,37998.480880737305,4700,1,0.30000000000000004,47229.17727661133,4700,1,0.30000000000000004,30189.544982910156,4700,1,0.30000000000000004,7274.781921386719,4700,1,0.30000000000000004,7164.039947509766,4700,1,0.30000000000000004,6754.674652099609,4700,1,0.3062499999999999,6972.622344970703,4700,1,0.3062499999999999,15410.586563110352,3007,3007,3007,3007,3007,3007,3007,3007,3007,3007,3007,3007,4690,4691,3007,3007,3007,4690,3007,3007,3007,3007,3007,4690,100,5.263157844543457,0,0,0,0,10,5,10.526315689086914,5,0,0,0,0,0,0,0,0,5.555555820465088,100,0,0,0,0,66481098752,12884893696,1705754624,0
99,1780596692107,57948.20280456543,4700,1,0.30000000000000004,6937.447021484375,4700,1,0.30000000000000004,6800.756683349609,4700,1,0.30000000000000004,12255.461715698242,4700,1,0.30000000000000004,45859.24760437012,4700,1,0.30000000000000004,37998.57588195801,4700,1,0.30000000000000004,47229.424255371094,4700,1,0.30000000000000004,30190.407638549805,4700,1,0.30000000000000004,7274.785003662109,4700,1,0.30000000000000004,7164.043029785156,4700,1,0.30000000000000004,6754.677780151367,4700,1,0.30000000000000004,6972.625427246094,4700,1,0.30000000000000004,15416.094589233398,3007,3007,3007,3007,3007,3007,3007,3007,3007,3007,3007,3007,4690,4691,3007,3007,3007,4690,3007,3007,3007,3007,3007,4690,100,5.263157844543457,0,0,0,0,10,5,10.526315689086914,5,0,0,0,0,0,0,0,0,5.555555820465088,100,0,0,0,0,66481098752,12884893696,1708273664,0
99,1780596692207,57948.9776763916,4700,1,0.3062499999999999,6937.450103759766,4700,1,0.3062499999999999,6800.759796142578,4700,1,0.3062499999999999,12255.698684692383,4700,1,0.3062499999999999,45859.546798706055,4700,1,0.3062499999999999,37998.6180267334,4700,1,0.3062499999999999,47229.637283325195,4700,1,0.3062499999999999,30191.278839111328,4700,1,0.3062499999999999,7274.788055419922,4700,1,0.3062499999999999,7164.046142578125,4700,1,0.3062499999999999,6754.68083190918,4700,1,0.3062499999999999,6972.628570556641,4700,1,0.3062499999999999,15421.608261108398,3007,3007,3007,3007,3007,3007,3007,3007,3007,3007,3007,3007,4690,4691,3007,3007,3007,4690,3007,3007,3007,3007,3007,4690,95,5,0,0,0,5.263157844543457,0,0,9.523809432983398,0,0,0,9.523809432983398,0,0,0,0,0,10,100,0,0,0,0,66481098752,12884893696,1707380736,0
99,1780596692307,57949.753814697266,4700,1,0.30000000000000004,6937.453155517578,4700,1,0.30000000000000004,6800.763092041016,4700,1,0.30000000000000004,12255.984588623047,4700,1,0.30000000000000004,45859.79551696777,4700,1,0.30000000000000004,37998.64782714844,4700,1,0.30000000000000004,47229.85958862305,4700,1,0.30000000000000004,30192.148834228516,4700,1,0.30000000000000004,7274.791168212891,4700,1,0.30000000000000004,7164.04948425293,4700,1,0.30000000000000004,6754.683898925781,4700,1,0.30000000000000004,6972.6317138671875,4700,1,0.30000000000000004,15427.01220703125,3007,3007,3007,3007,3007,3007,3007,3007,3007,3007,3007,3007,4690,4691,3007,3007,3007,4690,3007,3007,3007,3007,3007,4690,95,5,0,0,0,5.263157844543457,0,0,9.523809432983398,0,0,0,9.523809432983398,0,0,0,0,0,10,100,0,0,0,0,66481098752,12884893696,1710129152,0
99,1780596692407,57950.52883911133,4700,1,0.3062499999999999,6937.456268310547,4700,1,0.3062499999999999,6800.7662353515625,4700,1,0.3062499999999999,12256.321273803711,4700,1,0.3062499999999999,45859.98745727539,4700,1,0.3062499999999999,37998.6842956543,4700,1,0.3062499999999999,47230.08142089844,4700,1,0.3062499999999999,30193.021911621094,4700,1,0.3062499999999999,7274.794281005859,4700,1,0.3062499999999999,7164.052688598633,4700,1,0.3062499999999999,6754.687072753906,4700,1,0.3062499999999999,6972.634841918945,4700,1,0.3062499999999999,15432.39486694336,3007,3007,3007,3007,3007,3007,3007,3007,3007,3007,3007,3007,4690,4691,3007,3007,3007,4690,3007,3007,3007,3007,3007,4690,100,0,0,0,0,10.526315689086914,9.090909004211426,0,0,0,0,0,5.555555820465088,0,0,0,0,0,19.047618865966797,100,0,0,0,0,66481098752,12884893696,1709346816,0
99,1780596692507,57951.30307006836,4700,1,0.3062499999999999,6937.4593505859375,4700,1,0.3062499999999999,6800.769332885742,4700,1,0.3062499999999999,12256.558609008789,4700,1,0.3062499999999999,45860.21755981445,4700,1,0.3062499999999999,37998.91807556152,4700,1,0.3062499999999999,47230.29682922363,4700,1,0.3062499999999999,30193.8916015625,4700,1,0.3062499999999999,7274.79736328125,4700,1,0.3062499999999999,7164.056686401367,4700,1,0.3062499999999999,6754.690002441406,4700,1,0.3062499999999999,6972.637924194336,4700,1,0.3062499999999999,15437.998992919922,3007,3007,3007,3007,3007,3007,3007,3007,3007,3007,3007,3007,4690,4691,3007,3007,3007,4690,3007,3007,3007,3007,3007,4690,100,0,0,0,0,10.526315689086914,9.090909004211426,0,0,0,0,0,5.555555820465088,0,0,0,0,0,19.047618865966797,100,0,0,0,0,66481098752,12884893696,1706893312,0
99,1780596692607,57952.07426452637,4700,1,0.30000000000000004,6937.462432861328,4700,1,0.3062499999999999,6800.772491455078,4700,1,0.3062499999999999,12256.820907592773,4700,1,0.3062499999999999,45860.547439575195,4700,1,0.3062499999999999,37998.9460144043,4700,1,0.3062499999999999,47230.36122131348,4700,1,0.3062499999999999,30194.76934814453,4700,1,0.3062499999999999,7274.800445556641,4700,1,0.3062499999999999,7164.064239501953,4700,1,0.3062499999999999,6754.693054199219,4700,1,0.3062499999999999,6972.641052246094,4700,1,0.3062499999999999,15443.349014282227,3007,3007,3007,3007,3007,3007,3007,3007,3007,3007,3007,3007,4690,4691,3007,3007,3007,4690,3007,3007,3007,3007,3007,4690,100,0,0,0,0,0,18.18181800842285,0,0,13.636363983154297,0,0,15.789472579956055,0,0,0,0,0,5.263157844543457,100,0,0,0,0,66481098752,12884893696,1707847680,0
99,1780596692707,57952.845474243164,4700,1,0.30000000000000004,6937.465515136719,4700,1,0.3062499999999999,6800.775695800781,4700,1,0.3062499999999999,12257.078582763672,4700,1,0.30000000000000004,45860.88603210449,4700,1,0.30000000000000004,37998.96473693848,4700,1,0.30000000000000004,47230.36599731445,4700,1,0.30000000000000004,30195.64421081543,4700,1,0.30000000000000004,7274.803527832031,4700,1,0.30000000000000004,7164.0675048828125,4700,1,0.30000000000000004,6754.696197509766,4700,1,0.3062499999999999,6972.644134521484,4700,1,0.3062499999999999,15448.639633178711,3007,3007,3007,3007,3007,3007,3007,3007,3007,3007,3007,3007,4690,4691,3007,3007,3007,4690,3007,3007,3007,3007,3007,4690,100,0,0,0,0,0,18.18181800842285,0,0,13.636363983154297,0,0,15.789472579956055,0,0,0,0,0,5.263157844543457,100,0,0,0,0,66481098752,12884893696,1704325120,0
99,1780596692807,57953.608001708984,4700,1,0.30000000000000004,6937.468597412109,4700,1,0.30000000000000004,6800.77880859375,4700,1,0.3062499999999999,12257.320861816406,4700,1,0.30000000000000004,45861.22830200195,4700,1,0.30000000000000004,37998.98840332031,4700,1,0.30000000000000004,47230.37065124512,4700,1,0.30000000000000004,30196.522384643555,4700,1,0.30000000000000004,7274.806610107422,4700,1,0.30000000000000004,7164.070587158203,4700,1,0.30000000000000004,6754.6993408203125,4700,1,0.30000000000000004,6972.647216796875,4700,1,0.30000000000000004,15453.996063232422,3007,3007,3007,3007,3007,3007,3007,3007,3007,3007,3007,3007,4690,4691,3007,3007,3007,4690,3007,3007,3007,3007,3007,4690,95.23809814453125,5,0,0,0,4.761904716491699,20,0,0,0,0,0,29.16666603088379,0,0,0,0,0,0,100,0,0,0,0,66481098752,12884893696,1706680320,0
99,1780596692907,57954.37837219238,4700,1,0.30000000000000004,6937.4716796875,4700,1,0.30000000000000004,6800.781921386719,4700,1,0.30000000000000004,12257.565872192383,4700,1,0.30000000000000004,45861.577697753906,4700,1,0.30000000000000004,37999.008850097656,4700,1,0.30000000000000004,47230.37561035156,4700,1,0.30000000000000004,30197.387893676758,4700,1,0.30000000000000004,7274.809661865234,4700,1,0.30000000000000004,7164.073699951172,4700,1,0.30000000000000004,6754.702453613281,4700,1,0.30000000000000004,6972.650329589844,4700,1,0.30000000000000004,15459.280838012695,3007,3007,3007,3007,3007,3007,3007,3007,3007,3007,3007,3007,4690,4691,3007,3007,3007,4690,3007,3007,3007,3007,3007,4690,95.23809814453125,5,0,0,0,4.761904716491699,20,0,0,0,0,0,29.16666603088379,0,0,0,0,0,0,100,0,0,0,0,66481098752,12884893696,1708150784,0
99,1780596693007,57955.150299072266,4700,1,0.30000000000000004,6937.4747314453125,4700,1,0.30000000000000004,6800.784973144531,4700,1,0.30000000000000004,12257.816223144531,4700,1,0.30000000000000004,45861.91175842285,4700,1,0.30000000000000004,37999.056884765625,4700,1,0.30000000000000004,47230.38050842285,4700,1,0.30000000000000004,30198.259033203125,4700,1,0.30000000000000004,7274.812744140625,4700,1,0.30000000000000004,7164.0767822265625,4700,1,0.30000000000000004,6754.705535888672,4700,1,0.30000000000000004,6972.653381347656,4700,1,0.30000000000000004,15464.517852783203,3007,3007,3007,3007,3007,3007,3007,3007,3007,3007,3007,3007,4690,4691,3007,3007,3007,4690,3007,3007,3007,3007,3007,4690,100,5.263157844543457,0,0,0,0,21.052631378173828,4.761904716491699,0,5,0,0,11.111111640930176,0,0,0,0,0,0,100,0,0,0,0,66481098752,12884893696,1709785088,0
99,1780596693107,57955.91976928711,4700,1,0.3062499999999999,6937.477813720703,4700,1,0.3062499999999999,6800.788131713867,4700,1,0.3062499999999999,12258.092056274414,4700,1,0.3062499999999999,45862.19012451172,4700,1,0.3062499999999999,37999.27951049805,4700,1,0.3062499999999999,47230.385330200195,4700,1,0.3062499999999999,30199.13429260254,4700,1,0.3062499999999999,7274.815826416016,4700,1,0.3062499999999999,7164.079986572266,4700,1,0.3062499999999999,6754.708602905273,4700,1,0.3062499999999999,6972.656463623047,4700,1,0.3062499999999999,15470.002975463867,3007,3007,3007,3007,3007,3007,3007,3007,3007,3007,3007,3007,4690,4691,3007,3007,3007,4690,3007,3007,3007,3007,3007,4690,100,5.263157844543457,0,0,0,0,21.052631378173828,4.761904716491699,0,5,0,0,11.111111640930176,0,0,0,0,0,0,100,0,0,0,0,66481098752,12884893696,1709125632,0
99,1780596693208,57956.68858337402,4700,1,0.3062499999999999,6937.480895996094,4700,1,0.3062499999999999,6800.791244506836,4700,1,0.3062499999999999,12258.145568847656,4700,1,0.3062499999999999,45862.5330657959,4700,1,0.3062499999999999,37999.50067138672,4700,1,0.3062499999999999,47230.556091308594,4700,1,0.3062499999999999,30200.007354736328,4700,1,0.3062499999999999,7274.8189697265625,4700,1,0.3062499999999999,7164.083145141602,4700,1,0.3062499999999999,6754.71174621582,4700,1,0.3062499999999999,6972.6595458984375,4700,1,0.3062499999999999,15475.519760131836,3007,3007,3007,3007,3007,3007,3007,3007,3007,3007,3007,3007,4690,4691,3007,3007,3007,4690,3007,3007,3007,3007,3007,4690,95.23809814453125,0,0,0,0,10,15.000000953674316,15.000000953674316,0,5,0,0,0,0,0,0,0,0,5,100,0,0,0,0,66481098752,12884893696,1710432256,0
99,1780596693308,57957.45780944824,4700,1,0.30000000000000004,6937.484039306641,4700,1,0.3062499999999999,6800.794448852539,4700,1,0.3062499999999999,12258.150375366211,4700,1,0.30000000000000004,45862.85693359375,4700,1,0.3062499999999999,37999.74172973633,4700,1,0.3062499999999999,47230.76411437988,4700,1,0.3062499999999999,30200.88298034668,4700,1,0.3062499999999999,7274.822113037109,4700,1,0.3062499999999999,7164.086410522461,4700,1,0.3062499999999999,6754.714767456055,4700,1,0.3062499999999999,6972.6627197265625,4700,1,0.3062499999999999,15481.064575195313,3007,3007,3007,3007,3007,3007,3007,3007,3007,3007,3007,3007,4690,4691,3007,3007,3007,4690,3007,3007,3007,3007,3007,4690,95.23809814453125,0,0,0,0,10,15.000000953674316,15.000000953674316,0,5,0,0,0,0,0,0,0,0,5,100,0,0,0,0,66481098752,12884893696,1711476736,0
99,1780596693408,57958.22814941406,4700,1,0.30000000000000004,6937.487152099609,4700,1,0.3062499999999999,6800.797561645508,4700,1,0.3062499999999999,12258.154968261719,4700,1,0.30000000000000004,45863.185943603516,4700,1,0.30000000000000004,37999.967208862305,4700,1,0.30000000000000004,47230.98359680176,4700,1,0.30000000000000004,30201.757354736328,4700,1,0.30000000000000004,7274.8251953125,4700,1,0.3062499999999999,7164.089553833008,4700,1,0.3062499999999999,6754.717849731445,4700,1,0.3062499999999999,6972.665832519531,4700,1,0.3062499999999999,15486.563552856445,3007,3007,3007,3007,3007,3007,3007,3007,3007,3007,3007,3007,4690,4691,3007,3007,3007,4690,3007,3007,3007,3007,3007,4690,100,0,0,0,0,0,15.000000953674316,10.526315689086914,0,0,0,0,0,0,0,0,0,0,0,100,0,0,0,0,66481098752,12884893696,1714257920,0
99,1780596693508,57958.98887634277,4700,1,0.30000000000000004,6937.490234375,4700,1,0.30000000000000004,6800.800750732422,4700,1,0.30000000000000004,12258.159912109375,4700,1,0.30000000000000004,45863.5265045166,4700,1,0.30000000000000004,38000.17691040039,4700,1,0.30000000000000004,47231.199768066406,4700,1,0.30000000000000004,30202.634170532227,4700,1,0.30000000000000004,7274.828277587891,4700,1,0.30000000000000004,7164.092697143555,4700,1,0.30000000000000004,6754.720840454102,4700,1,0.30000000000000004,6972.6689453125,4700,1,0.30000000000000004,15492.08056640625,3007,3007,3007,3007,3007,3007,3007,3007,3007,3007,3007,3007,4690,4691,3007,3007,3007,4690,3007,3007,3007,3007,3007,4690,100,0,0,0,0,0,15.000000953674316,10.526315689086914,0,0,0,0,0,0,0,0,0,0,0,100,0,0,0,0,66481098752,12884893696,1711603712,0
99,1780596693608,57959.75764465332,4700,1,0.30000000000000004,6937.493316650391,4700,1,0.30000000000000004,6800.8038330078125,4700,1,0.30000000000000004,12258.324142456055,4700,1,0.30000000000000004,45863.78787231445,4700,1,0.30000000000000004,38000.39392089844,4700,1,0.30000000000000004,47231.43148803711,4700,1,0.30000000000000004,30203.501998901367,4700,1,0.30000000000000004,7274.831329345703,4700,1,0.30000000000000004,7164.095748901367,4700,1,0.30000000000000004,6754.723846435547,4700,1,0.30000000000000004,6972.672027587891,4700,1,0.30000000000000004,15497.64387512207,3007,3007,3007,3007,3007,3007,3007,3007,3007,3007,3007,3007,4690,4691,3007,3007,3007,4690,3007,3007,3007,3007,3007,4690,95,0,0,0,0,0,15.789472579956055,18.18181800842285,0,5.263157844543457,0,0,0,0,0,0,0,0,18.18181800842285,100,0,0,0,0,66481098752,12884893696,1709879296,0
99,1780596693708,57960.52680969238,4700,1,0.30000000000000004,6937.496368408203,4700,1,0.30000000000000004,6800.806945800781,4700,1,0.30000000000000004,12258.530960083008,4700,1,0.30000000000000004,45864.117111206055,4700,1,0.30000000000000004,38000.42344665527,4700,1,0.30000000000000004,47231.658782958984,4700,1,0.30000000000000004,30204.376739501953,4700,1,0.30000000000000004,7274.834411621094,4700,1,0.30000000000000004,7164.098892211914,4700,1,0.30000000000000004,6754.726974487305,4700,1,0.30000000000000004,6972.675079345703,4700,1,0.30000000000000004,15503.092193603516,3007,3007,3007,3007,3007,3007,3007,3007,3007,3007,3007,3007,4690,4691,3007,3007,3007,4690,3007,3007,3007,3007,3007,4690,95,0,0,0,0,0,15.789472579956055,18.18181800842285,0,5.263157844543457,0,0,0,0,0,0,0,0,18.18181800842285,100,0,0,0,0,66481098752,12884893696,1705713664,0
99,1780596693808,57961.29902648926,4700,1,0.30000000000000004,6937.499450683594,4700,1,0.30000000000000004,6800.810104370117,4700,1,0.30000000000000004,12258.73567199707,4700,1,0.30000000000000004,45864.424743652344,4700,1,0.30000000000000004,38000.48513793945,4700,1,0.30000000000000004,47231.89245605469,4700,1,0.30000000000000004,30205.249755859375,4700,1,0.30000000000000004,7274.837493896484,4700,1,0.30000000000000004,7164.101974487305,4700,1,0.30000000000000004,6754.729995727539,4700,1,0.30000000000000004,6972.678192138672,4700,1,0.30000000000000004,15508.574844360352,3007,3007,3007,3007,3007,3007,3007,3007,3007,3007,3007,3007,4690,4691,3007,3007,3007,4690,3007,3007,3007,3007,3007,4690,100,5.555555820465088,0,0,0,0,5.555555820465088,0,0,5,0,0,9.523809432983398,0,0,0,0,0,15.789472579956055,100,0,0,0,0,66481098752,12884893696,1708036096,0
99,1780596693908,57962.06837463379,4700,1,0.3062499999999999,6937.502593994141,4700,1,0.3062499999999999,6800.813247680664,4700,1,0.3062499999999999,12258.961349487305,4700,1,0.3062499999999999,45864.672943115234,4700,1,0.3062499999999999,38000.71829223633,4700,1,0.3062499999999999,47232.10192871094,4700,1,0.3062499999999999,30206.122985839844,4700,1,0.3062499999999999,7274.840606689453,4700,1,0.3062499999999999,7164.105133056641,4700,1,0.3062499999999999,6754.733001708984,4700,1,0.3062499999999999,6972.68310546875,4700,1,0.3062499999999999,15514.192001342773,3007,3007,3007,3007,3007,3007,3007,3007,3007,3007,3007,3007,4690,4691,3007,3007,3007,4690,3007,3007,3007,3007,3007,4690,100,5.555555820465088,0,0,0,0,5.555555820465088,0,0,5,0,0,9.523809432983398,0,0,0,0,0,15.789472579956055,100,0,0,0,0,66481098752,12884893696,1707659264,0
99,1780596694008,57962.83871459961,4700,1,0.3062499999999999,6937.505676269531,4700,1,0.3062499999999999,6800.816329956055,4700,1,0.3062499999999999,12259.201141357422,4700,1,0.3062499999999999,45864.890365600586,4700,1,0.3062499999999999,38000.957443237305,4700,1,0.3062499999999999,47232.317474365234,4700,1,0.3062499999999999,30206.99642944336,4700,1,0.3062499999999999,7274.843688964844,4700,1,0.3062499999999999,7164.108200073242,4700,1,0.3062499999999999,6754.735931396484,4700,1,0.3062499999999999,6972.699081420898,4700,1,0.3062499999999999,15519.816513061523,3007,3007,3007,3007,3007,3007,3007,3007,3007,3007,3007,3007,4690,4691,3007,3007,3007,4690,3007,3007,3007,3007,3007,4690,100,14.285715103149414,0,0,0,0,0,15.000000953674316,0,9.523809432983398,0,0,10,0,0,0,0,5,5.263157844543457,100,0,0,0,0,66481098752,12884893696,1710960640,0
99,1780596694108,57963.6181640625,4700,1,0.30000000000000004,6937.508758544922,4700,1,0.30000000000000004,6800.819412231445,4700,1,0.30000000000000004,12259.436782836914,4700,1,0.30000000000000004,45865.13766479492,4700,1,0.30000000000000004,38001.20252990723,4700,1,0.30000000000000004,47232.506576538086,4700,1,0.30000000000000004,30207.860153198242,4700,1,0.30000000000000004,7274.846771240234,4700,1,0.30000000000000004,7164.111267089844,4700,1,0.30000000000000004,6754.738845825195,4700,1,0.30000000000000004,6972.707748413086,4700,1,0.30000000000000004,15525.41275024414,3007,3007,3007,3007,3007,3007,3007,3007,3007,3007,3007,3007,4690,4691,3007,3007,3007,4690,3007,3007,3007,3007,3007,4690,100,14.285715103149414,0,0,0,0,0,15.000000953674316,0,9.523809432983398,0,0,10,0,0,0,0,5,5.263157844543457,100,0,0,0,0,66481098752,12884893696,1708904448,0
99,1780596694208,57964.40742492676,4700,1,0.3062499999999999,6937.5118408203125,4700,1,0.3062499999999999,6800.8226318359375,4700,1,0.3062499999999999,12259.667785644531,4700,1,0.3062499999999999,45865.34704589844,4700,1,0.3062499999999999,38001.41468811035,4700,1,0.3062499999999999,47232.7529296875,4700,1,0.3062499999999999,30208.72573852539,4700,1,0.3062499999999999,7274.849884033203,4700,1,0.3062499999999999,7164.114471435547,4700,1,0.3062499999999999,6754.7418212890625,4700,1,0.3062499999999999,6972.715682983398,4700,1,0.3062499999999999,15530.990142822266,3007,3007,3007,3007,3007,3007,3007,3007,3007,3007,3007,3007,4690,4691,3007,3007,3007,4690,3007,3007,3007,3007,3007,4690,95,5.263157844543457,0,0,4.761904716491699,5,0,0,5,4.761904716491699,0,0,5,0,0,0,0,10,5.263157844543457,100,0,0,0,9.090909004211426,66481098752,12884893696,1701847040,0
99,1780596694308,57965.173767089844,4700,1,0.30000000000000004,6937.514923095703,4700,1,0.30000000000000004,6800.825897216797,4700,1,0.30000000000000004,12259.743072509766,4700,1,0.30000000000000004,45865.689514160156,4700,1,0.30000000000000004,38001.60610961914,4700,1,0.30000000000000004,47232.91256713867,4700,1,0.30000000000000004,30209.582260131836,4700,1,0.30000000000000004,7274.852966308594,4700,1,0.30000000000000004,7164.117706298828,4700,1,0.30000000000000004,6754.744781494141,4700,1,0.30000000000000004,6972.730392456055,4700,1,0.30000000000000004,15536.52230834961,3007,3007,3007,3007,3007,3007,3007,3007,3007,3007,3007,3007,4690,4691,3007,3007,3007,4690,3007,3007,3007,3007,3007,4690,95,5.263157844543457,0,0,4.761904716491699,5,0,0,5,4.761904716491699,0,0,5,0,0,0,0,10,5.263157844543457,100,0,0,0,9.090909004211426,66481098752,12884893696,1703186432,0
99,1780596694408,57965.95054626465,4700,1,0.30000000000000004,6937.518005371094,4700,1,0.30000000000000004,6800.829055786133,4700,1,0.30000000000000004,12259.78288269043,4700,1,0.30000000000000004,45866.03532409668,4700,1,0.30000000000000004,38001.82846069336,4700,1,0.30000000000000004,47233.0080871582,4700,1,0.30000000000000004,30210.448333740234,4700,1,0.30000000000000004,7274.856018066406,4700,1,0.30000000000000004,7164.120849609375,4700,1,0.30000000000000004,6754.747894287109,4700,1,0.30000000000000004,6972.743682861328,4700,1,0.30000000000000004,15541.98403930664,3007,3007,3007,3007,3007,3007,3007,3007,3007,3007,3007,3007,4690,4691,3007,3007,3007,4690,3007,3007,3007,3007,3007,4690,100,0,0,0,0,0,16.666667938232422,0,0,0,0,0,11.111111640930176,0,0,0,0,5,9.523809432983398,100,0,0,0,0,66481098752,12884893696,1703448576,0
99,1780596694508,57966.72119140625,4700,1,0.30000000000000004,6937.5211181640625,4700,1,0.30000000000000004,6800.832138061523,4700,1,0.30000000000000004,12259.973236083984,4700,1,0.30000000000000004,45866.32441711426,4700,1,0.30000000000000004,38002.0602722168,4700,1,0.30000000000000004,47233.152267456055,4700,1,0.30000000000000004,30211.318740844727,4700,1,0.30000000000000004,7274.859146118164,4700,1,0.30000000000000004,7164.123931884766,4700,1,0.30000000000000004,6754.7509765625,4700,1,0.30000000000000004,6972.746795654297,4700,1,0.30000000000000004,15547.481658935547,3007,3007,3007,3007,3007,3007,3007,3007,3007,3007,3007,3007,4690,4691,3007,3007,3007,4690,3007,3007,3007,3007,3007,4690,100,0,0,0,0,0,16.666667938232422,0,0,0,0,0,11.111111640930176,0,0,0,0,5,9.523809432983398,100,0,0,0,0,66481098752,12884893696,1707073536,0
99,1780596694608,57967.50765991211,4700,1,0.3062499999999999,6937.524261474609,4700,1,0.3062499999999999,6800.835342407227,4700,1,0.3062499999999999,12260.13786315918,4700,1,0.3062499999999999,45866.59603881836,4700,1,0.3062499999999999,38002.32261657715,4700,1,0.3062499999999999,47233.26893615723,4700,1,0.3062499999999999,30212.20002746582,4700,1,0.3062499999999999,7274.862289428711,4700,1,0.3062499999999999,7164.127136230469,4700,1,0.3062499999999999,6754.754089355469,4700,1,0.3062499999999999,6972.749923706055,4700,1,0.3062499999999999,15552.978576660156,3007,3007,3007,3007,3007,3007,3007,3007,3007,3007,3007,3007,4690,4691,3007,3007,3007,4690,3007,3007,3007,3007,3007,4690,100,4.761904716491699,0,0,0,5,10.526315689086914,0,0,5,0,0,18.18181800842285,0,0,0,0,0,10,100,0,0,0,0,66481098752,12884893696,1706143744,0
99,1780596694708,57968.29096984863,4700,1,0.3062499999999999,6937.52734375,4700,1,0.3062499999999999,6800.838455200195,4700,1,0.3062499999999999,12260.402740478516,4700,1,0.3062499999999999,45866.82060241699,4700,1,0.3062499999999999,38002.475326538086,4700,1,0.3062499999999999,47233.488845825195,4700,1,0.3062499999999999,30213.081497192383,4700,1,0.3062499999999999,7274.865371704102,4700,1,0.3062499999999999,7164.130279541016,4700,1,0.3062499999999999,6754.757171630859,4700,1,0.3062499999999999,6972.753036499023,4700,1,0.3062499999999999,15558.494598388672,3007,3007,3007,3007,3007,3007,3007,3007,3007,3007,3007,3007,4690,4691,3007,3007,3007,4690,3007,3007,3007,3007,3007,4690,100,4.761904716491699,0,0,0,5,10.526315689086914,0,0,5,0,0,18.18181800842285,0,0,0,0,0,10,100,0,0,0,0,66481098752,12884893696,1703768064,0
99,1780596694808,57969.058013916016,4700,1,0.3062499999999999,6937.530426025391,4700,1,0.3062499999999999,6800.841567993164,4700,1,0.3062499999999999,12260.652648925781,4700,1,0.3062499999999999,45867.0530090332,4700,1,0.3062499999999999,38002.706298828125,4700,1,0.3062499999999999,47233.709045410156,4700,1,0.3062499999999999,30213.94956970215,4700,1,0.3062499999999999,7274.868453979492,4700,1,0.3062499999999999,7164.133361816406,4700,1,0.3062499999999999,6754.760360717773,4700,1,0.3062499999999999,6972.756118774414,4700,1,0.3062499999999999,15564.092498779297,3007,3007,3007,3007,3007,3007,3007,3007,3007,3007,3007,3007,4690,4691,3007,3007,3007,4690,3007,3007,3007,3007,3007,4690,95.23809814453125,0,0,0,0,0,10.526315689086914,0,10,5.263157844543457,0,0,0,0,0,0,0,5.263157844543457,0,100,0,0,0,0,66481098752,12884893696,1705664512,0
99,1780596694908,57969.82139587402,4700,1,0.3062499999999999,6937.533508300781,4700,1,0.3062499999999999,6800.844680786133,4700,1,0.3062499999999999,12260.907272338867,4700,1,0.3062499999999999,45867.288009643555,4700,1,0.3062499999999999,38002.91926574707,4700,1,0.3062499999999999,47233.950744628906,4700,1,0.3062499999999999,30214.82276916504,4700,1,0.3062499999999999,7274.871536254883,4700,1,0.3062499999999999,7164.136505126953,4700,1,0.3062499999999999,6754.76350402832,4700,1,0.3062499999999999,6972.759201049805,4700,1,0.3062499999999999,15569.646102905273,3007,3007,3007,3007,3007,3007,3007,3007,3007,3007,3007,3007,4690,4691,3007,3007,3007,4690,3007,3007,3007,3007,3007,4690,95.23809814453125,0,0,0,0,0,10.526315689086914,0,10,5.263157844543457,0,0,0,0,0,0,0,5.263157844543457,0,100,0,0,0,0,66481098752,12884893696,1706885120,0
99,1780596695009,57970.59080505371,4700,1,0.3062499999999999,6937.536590576172,4700,1,0.3062499999999999,6800.84782409668,4700,1,0.3062499999999999,12261.153701782227,4700,1,0.3062499999999999,45867.49885559082,4700,1,0.3062499999999999,38003.137756347656,4700,1,0.3062499999999999,47234.20426940918,4700,1,0.3062499999999999,30215.688751220703,4700,1,0.3062499999999999,7274.874618530273,4700,1,0.3062499999999999,7164.139678955078,4700,1,0.3062499999999999,6754.766571044922,4700,1,0.3062499999999999,6972.762283325195,4700,1,0.3062499999999999,15575.188491821289,3007,3007,3007,3007,3007,3007,3007,3007,3007,3007,3007,3007,4690,4691,3007,3007,3007,4690,3007,3007,3007,3007,3007,4690,100,0,0,0,0,0,5.555555820465088,0,15.789472579956055,13.636363983154297,0,0,0,0,0,0,0,10,4.761904716491699,100,0,0,0,0,66481098752,12884893696,1703026688,0
99,1780596695109,57971.36001586914,4700,1,0.30000000000000004,6937.539642333984,4700,1,0.30000000000000004,6800.85090637207,4700,1,0.30000000000000004,12261.39225769043,4700,1,0.30000000000000004,45867.85055541992,4700,1,0.30000000000000004,38003.270446777344,4700,1,0.30000000000000004,47234.22492980957,4700,1,0.30000000000000004,30216.55125427246,4700,1,0.30000000000000004,7274.877670288086,4700,1,0.30000000000000004,7164.142730712891,4700,1,0.30000000000000004,6754.769607543945,4700,1,0.30000000000000004,6972.765335083008,4700,1,0.30000000000000004,15580.623092651367,3007,3007,3007,3007,3007,3007,3007,3007,3007,3007,3007,3007,4690,4691,3007,3007,3007,4690,3007,3007,3007,3007,3007,4690,100,0,0,0,0,0,5.555555820465088,0,15.789472579956055,13.636363983154297,0,0,0,0,0,0,0,10,4.761904716491699,100,0,0,0,0,66481098752,12884893696,1705463808,0
99,1780596695209,57972.14350891113,4700,1,0.30000000000000004,6937.542724609375,4700,1,0.30000000000000004,6800.853988647461,4700,1,0.30000000000000004,12261.709655761719,4700,1,0.30000000000000004,45868.070877075195,4700,1,0.30000000000000004,38003.51013183594,4700,1,0.30000000000000004,47234.247009277344,4700,1,0.30000000000000004,30217.43406677246,4700,1,0.30000000000000004,7274.880844116211,4700,1,0.30000000000000004,7164.1458740234375,4700,1,0.30000000000000004,6754.772750854492,4700,1,0.30000000000000004,6972.768493652344,4700,1,0.30000000000000004,15586.071029663086,3007,3007,3007,3007,3007,3007,3007,3007,3007,3007,3007,3007,4690,4691,3007,3007,3007,4690,3007,3007,3007,3007,3007,4690,100,9.523809432983398,0,0,0,5,15.000000953674316,0,4.761904716491699,0,0,0,10,0,0,0,0,10,0,100,0,0,0,0,66481098752,12884893696,1706401792,0
99,1780596695309,57972.913482666016,4700,1,0.30000000000000004,6937.545822143555,4700,1,0.30000000000000004,6800.857192993164,4700,1,0.30000000000000004,12261.981796264648,4700,1,0.30000000000000004,45868.27459716797,4700,1,0.30000000000000004,38003.75178527832,4700,1,0.30000000000000004,47234.429122924805,4700,1,0.30000000000000004,30218.30828857422,4700,1,0.30000000000000004,7274.883926391602,4700,1,0.30000000000000004,7164.149154663086,4700,1,0.30000000000000004,6754.775802612305,4700,1,0.30000000000000004,6972.771621704102,4700,1,0.30000000000000004,15591.623168945313,3007,3007,3007,3007,3007,3007,3007,3007,3007,3007,3007,3007,4690,4691,3007,3007,3007,4690,3007,3007,3007,3007,3007,4690,100,9.523809432983398,0,0,0,5,15.000000953674316,0,4.761904716491699,0,0,0,10,0,0,0,0,10,0,100,0,0,0,0,66481098752,12884893696,1709867008,0
99,1780596695409,57973.685455322266,4700,1,0.3062499999999999,6937.548904418945,4700,1,0.3062499999999999,6800.860366821289,4700,1,0.3062499999999999,12262.197570800781,4700,1,0.3062499999999999,45868.6072845459,4700,1,0.3062499999999999,38003.96913146973,4700,1,0.3062499999999999,47234.4552154541,4700,1,0.3062499999999999,30219.18098449707,4700,1,0.3062499999999999,7274.887008666992,4700,1,0.3062499999999999,7164.152359008789,4700,1,0.3062499999999999,6754.778945922852,4700,1,0.3062499999999999,6972.77473449707,4700,1,0.3062499999999999,15597.122482299805,3007,3007,3007,3007,3007,3007,3007,3007,3007,3007,3007,3007,4690,4691,3007,3007,3007,4690,3007,3007,3007,3007,3007,4690,95,0,0,0,0,10,0,0,5,0,0,0,15.000000953674316,0,0,0,0,10.526315689086914,0,100,0,0,0,0,66481098752,12884893696,1710190592,0
99,1780596695509,57974.45948791504,4700,1,0.30000000000000004,6937.551986694336,4700,1,0.3062499999999999,6800.86344909668,4700,1,0.3062499999999999,12262.270965576172,4700,1,0.30000000000000004,45868.90760803223,4700,1,0.30000000000000004,38004.22074890137,4700,1,0.3062499999999999,47234.56217956543,4700,1,0.3062499999999999,30220.065521240234,4700,1,0.3062499999999999,7274.890090942383,4700,1,0.3062499999999999,7164.15544128418,4700,1,0.3062499999999999,6754.781982421875,4700,1,0.3062499999999999,6972.777816772461,4700,1,0.3062499999999999,15602.617431640625,3007,3007,3007,3007,3007,3007,3007,3007,3007,3007,3007,3007,4690,4691,3007,3007,3007,4690,3007,3007,3007,3007,3007,4690,95,0,0,0,0,10,0,0,5,0,0,0,15.000000953674316,0,0,0,0,10.526315689086914,0,100,0,0,0,0,66481098752,12884893696,1701208064,0
99,1780596695609,57975.23043823242,4700,1,0.30000000000000004,6937.555068969727,4700,1,0.3062499999999999,6800.86653137207,4700,1,0.3062499999999999,12262.275436401367,4700,1,0.30000000000000004,45869.22003173828,4700,1,0.30000000000000004,38004.48515319824,4700,1,0.30000000000000004,47234.75782775879,4700,1,0.30000000000000004,30220.941345214844,4700,1,0.30000000000000004,7274.893173217773,4700,1,0.30000000000000004,7164.15852355957,4700,1,0.3062499999999999,6754.785064697266,4700,1,0.3062499999999999,6972.780899047852,4700,1,0.3062499999999999,15608.081604003906,3007,3007,3007,3007,3007,3007,3007,3007,3007,3007,3007,3007,4690,4691,3007,3007,3007,4690,3007,3007,3007,3007,3007,4690,100,0,0,0,0,0,0,5,0,5.263157844543457,0,0,10,0,0,0,0,15.000000953674316,10,100,0,0,0,0,66481098752,12884893696,1701777408,0
99,1780596695709,57975.991775512695,4700,1,0.3062499999999999,6937.558151245117,4700,1,0.3062499999999999,6800.869674682617,4700,1,0.3062499999999999,12262.280548095703,4700,1,0.3062499999999999,45869.55569458008,4700,1,0.3062499999999999,38004.7159576416,4700,1,0.3062499999999999,47234.95930480957,4700,1,0.3062499999999999,30221.813568115234,4700,1,0.3062499999999999,7274.896255493164,4700,1,0.3062499999999999,7164.161666870117,4700,1,0.3062499999999999,6754.789611816406,4700,1,0.3062499999999999,6972.784042358398,4700,1,0.3062499999999999,15613.579559326172,3007,3007,3007,3007,3007,3007,3007,3007,3007,3007,3007,3007,4690,4691,3007,3007,3007,4690,3007,3007,3007,3007,3007,4690,100,0,0,0,0,0,0,5,0,5.263157844543457,0,0,10,0,0,0,0,15.000000953674316,10,100,0,0,0,0,66481098752,12884893696,1682456576,0
99,1780596695809,57976.75979614258,4700,1,0.30000000000000004,6937.561233520508,4700,1,0.30000000000000004,6800.872817993164,4700,1,0.30000000000000004,12262.38003540039,4700,1,0.30000000000000004,45869.88771057129,4700,1,0.30000000000000004,38004.88488769531,4700,1,0.30000000000000004,47235.13751220703,4700,1,0.30000000000000004,30222.678482055664,4700,1,0.30000000000000004,7274.899307250977,4700,1,0.30000000000000004,7164.164779663086,4700,1,0.30000000000000004,6754.7926025390625,4700,1,0.30000000000000004,6972.787155151367,4700,1,0.30000000000000004,15619.08724975586,3007,3007,3007,3007,3007,3007,3007,3007,3007,3007,3007,3007,4690,4691,3007,3007,3007,4690,3007,3007,3007,3007,3007,4690,95,0,0,0,0,0,5.263157844543457,0,0,0,0,0,15.789472579956055,0,0,0,0,5.263157844543457,9.523809432983398,100,0,0,0,0,66481098752,12884893696,1684283392,0
99,1780596695909,57977.52964782715,4700,1,0.30000000000000004,6937.56428527832,4700,1,0.30000000000000004,6800.875900268555,4700,1,0.30000000000000004,12262.626892089844,4700,1,0.30000000000000004,45870.21125793457,4700,1,0.30000000000000004,38004.89147949219,4700,1,0.30000000000000004,47235.311462402344,4700,1,0.30000000000000004,30223.548126220703,4700,1,0.30000000000000004,7274.902389526367,4700,1,0.30000000000000004,7164.167922973633,4700,1,0.30000000000000004,6754.795745849609,4700,1,0.30000000000000004,6972.79020690918,4700,1,0.30000000000000004,15624.450607299805,3007,3007,3007,3007,3007,3007,3007,3007,3007,3007,3007,3007,4690,4691,3007,3007,3007,4690,3007,3007,3007,3007,3007,4690,95,0,0,0,0,0,5.263157844543457,0,0,0,0,0,15.789472579956055,0,0,0,0,5.263157844543457,9.523809432983398,100,0,0,0,0,66481098752,12884893696,1687031808,0
99,1780596696009,57978.30291748047,4700,1,0.3062499999999999,6937.567367553711,4700,1,0.3062499999999999,6800.878982543945,4700,1,0.3062499999999999,12262.871826171875,4700,1,0.3062499999999999,45870.53894042969,4700,1,0.3062499999999999,38004.89776611328,4700,1,0.3062499999999999,47235.484924316406,4700,1,0.3062499999999999,30224.415649414063,4700,1,0.3062499999999999,7274.905471801758,4700,1,0.3062499999999999,7164.171005249023,4700,1,0.3062499999999999,6754.798782348633,4700,1,0.3062499999999999,6972.79328918457,4700,1,0.3062499999999999,15629.823333740234,3007,3007,3007,3007,3007,3007,3007,3007,3007,3007,3007,3007,4690,4691,3007,3007,3007,4690,3007,3007,3007,3007,3007,4690,100,0,0,0,0,5,15.789472579956055,0,0,5,0,0,20,0,0,0,0,0,0,100,0,0,0,0,66481098752,12884893696,1688207360,0
99,1780596696109,57979.07009887695,4700,1,0.3062499999999999,6937.570449829102,4700,1,0.3062499999999999,6800.882064819336,4700,1,0.3062499999999999,12263.095199584961,4700,1,0.3062499999999999,45870.79196166992,4700,1,0.3062499999999999,38005.101623535156,4700,1,0.3062499999999999,47235.718505859375,4700,1,0.3062499999999999,30225.28416442871,4700,1,0.3062499999999999,7274.908554077148,4700,1,0.3062499999999999,7164.174087524414,4700,1,0.3062499999999999,6754.801727294922,4700,1,0.3062499999999999,6972.796371459961,4700,1,0.3062499999999999,15635.411666870117,3007,3007,3007,3007,3007,3007,3007,3007,3007,3007,3007,3007,4690,4691,3007,3007,3007,4690,3007,3007,3007,3007,3007,4690,100,0,0,0,0,5,15.789472579956055,0,0,5,0,0,20,0,0,0,0,0,0,100,0,0,0,0,66481098752,12884893696,1686290432,0
99,1780596696209,57979.83834838867,4700,1,0.3062499999999999,6937.573532104492,4700,1,0.3062499999999999,6800.885269165039,4700,1,0.3062499999999999,12263.334884643555,4700,1,0.3062499999999999,45871.01747131348,4700,1,0.3062499999999999,38005.35807800293,4700,1,0.3062499999999999,47235.928298950195,4700,1,0.3062499999999999,30226.155517578125,4700,1,0.3062499999999999,7274.911636352539,4700,1,0.3062499999999999,7164.177291870117,4700,1,0.3062499999999999,6754.804733276367,4700,1,0.3062499999999999,6972.79948425293,4700,1,0.3062499999999999,15640.992874145508,3007,3007,3007,3007,3007,3007,3007,3007,3007,3007,3007,3007,4690,4691,3007,3007,3007,4690,3007,3007,3007,3007,3007,4690,94.73684692382813,0,0,0,0,5.555555820465088,5.263157844543457,10.526315689086914,0,0,0,0,0,0,0,0,0,0,10.526315689086914,100,0,0,0,0,66481098752,12884893696,1689366528,0
99,1780596696309,57980.59861755371,4700,1,0.30000000000000004,6937.576614379883,4700,1,0.3062499999999999,6800.888442993164,4700,1,0.3062499999999999,12263.587463378906,4700,1,0.30000000000000004,45871.22671508789,4700,1,0.30000000000000004,38005.59028625488,4700,1,0.30000000000000004,47236.16081237793,4700,1,0.30000000000000004,30227.03077697754,4700,1,0.30000000000000004,7274.914764404297,4700,1,0.30000000000000004,7164.18049621582,4700,1,0.30000000000000004,6754.807800292969,4700,1,0.30000000000000004,6972.802642822266,4700,1,0.3062499999999999,15646.595779418945,3007,3007,3007,3007,3007,3007,3007,3007,3007,3007,3007,3007,4690,4691,3007,3007,3007,4690,3007,3007,3007,3007,3007,4690,94.73684692382813,0,0,0,0,5.555555820465088,5.263157844543457,10.526315689086914,0,0,0,0,0,0,0,0,0,0,10.526315689086914,100,0,0,0,0,66481098752,12884893696,1690259456,0
99,1780596696409,57981.36427307129,4700,1,0.3062499999999999,6937.579696655273,4700,1,0.3062499999999999,6800.891555786133,4700,1,0.3062499999999999,12263.837615966797,4700,1,0.3062499999999999,45871.44660949707,4700,1,0.3062499999999999,38005.81016540527,4700,1,0.3062499999999999,47236.39831542969,4700,1,0.3062499999999999,30227.90333557129,4700,1,0.3062499999999999,7274.9178466796875,4700,1,0.3062499999999999,7164.183639526367,4700,1,0.3062499999999999,6754.810897827148,4700,1,0.3062499999999999,6972.805725097656,4700,1,0.3062499999999999,15652.150695800781,3007,3007,3007,3007,3007,3007,3007,3007,3007,3007,3007,3007,4690,4691,3007,3007,3007,4690,3007,3007,3007,3007,3007,4690,100,0,0,0,0,0,14.285715103149414,14.285715103149414,0,5.263157844543457,0,0,0,0,0,0,0,0,19.047618865966797,100,0,0,0,0,66481098752,12884893696,1692286976,0
99,1780596696509,57982.12217712402,4700,1,0.3062499999999999,6937.582748413086,4700,1,0.3062499999999999,6800.894607543945,4700,1,0.3062499999999999,12264.085327148438,4700,1,0.3062499999999999,45871.673736572266,4700,1,0.3062499999999999,38006.008697509766,4700,1,0.3062499999999999,47236.642318725586,4700,1,0.3062499999999999,30228.768646240234,4700,1,0.3062499999999999,7274.9208984375,4700,1,0.3062499999999999,7164.18669128418,4700,1,0.3062499999999999,6754.813949584961,4700,1,0.3062499999999999,6972.808776855469,4700,1,0.3062499999999999,15657.705764770508,3007,3007,3007,3007,3007,3007,3007,3007,3007,3007,3007,3007,4690,4691,3007,3007,3007,4690,3007,3007,3007,3007,3007,4690,100,0,0,0,0,0,14.285715103149414,14.285715103149414,0,5.263157844543457,0,0,0,0,0,0,0,0,19.047618865966797,100,0,0,0,0,66481098752,12884893696,1692545024,0
99,1780596696609,57982.89013671875,4700,1,0.30000000000000004,6937.585830688477,4700,1,0.30000000000000004,6800.897750854492,4700,1,0.30000000000000004,12264.30776977539,4700,1,0.30000000000000004,45871.91995239258,4700,1,0.30000000000000004,38006.245864868164,4700,1,0.30000000000000004,47236.87129211426,4700,1,0.30000000000000004,30229.645584106445,4700,1,0.30000000000000004,7274.923980712891,4700,1,0.30000000000000004,7164.189865112305,4700,1,0.30000000000000004,6754.816986083984,4700,1,0.30000000000000004,6972.811859130859,4700,1,0.30000000000000004,15663.252487182617,3007,3007,3007,3007,3007,3007,3007,3007,3007,3007,3007,3007,4690,4691,3007,3007,3007,4690,3007,3007,3007,3007,3007,4690,94.73684692382813,0,0,0,0,5.263157844543457,5.263157844543457,5.555555820465088,5,5,0,0,0,0,0,0,0,0,5.263157844543457,100,0,0,0,0,66481098752,12884893696,1695457280,0
99,1780596696709,57983.66426086426,4700,1,0.3062499999999999,6937.588912963867,4700,1,0.3062499999999999,6800.900863647461,4700,1,0.3062499999999999,12264.56965637207,4700,1,0.3062499999999999,45872.15217590332,4700,1,0.3062499999999999,38006.467544555664,4700,1,0.3062499999999999,47237.06494140625,4700,1,0.3062499999999999,30230.529678344727,4700,1,0.3062499999999999,7274.927062988281,4700,1,0.3062499999999999,7164.193008422852,4700,1,0.3062499999999999,6754.820098876953,4700,1,0.3062499999999999,6972.81494140625,4700,1,0.3062499999999999,15668.802841186523,3007,3007,3007,3007,3007,3007,3007,3007,3007,3007,3007,3007,4690,4691,3007,3007,3007,4690,3007,3007,3007,3007,3007,4690,94.73684692382813,0,0,0,0,5.263157844543457,5.263157844543457,5.555555820465088,5,5,0,0,0,0,0,0,0,0,5.263157844543457,100,0,0,0,0,66481098752,12884893696,1694294016,0
99,1780596696809,57984.435455322266,4700,1,0.3062499999999999,6937.591995239258,4700,1,0.3062499999999999,6800.90397644043,4700,1,0.3062499999999999,12264.76545715332,4700,1,0.3062499999999999,45872.400955200195,4700,1,0.3062499999999999,38006.72442626953,4700,1,0.3062499999999999,47237.29084777832,4700,1,0.3062499999999999,30231.400360107422,4700,1,0.3062499999999999,7274.930145263672,4700,1,0.3062499999999999,7164.196090698242,4700,1,0.3062499999999999,6754.823577880859,4700,1,0.3062499999999999,6972.818023681641,4700,1,0.3062499999999999,15674.390853881836,3007,3007,3007,3007,3007,3007,3007,3007,3007,3007,3007,3007,4690,4691,3007,3007,3007,4690,3007,3007,3007,3007,3007,4690,100,0,0,0,0,4.761904716491699,11.111111640930176,0,10.526315689086914,5.263157844543457,0,0,0,0,0,0,0,0,0,100,0,0,0,0,66481098752,12884893696,1694240768,0
99,1780596696910,57985.20542907715,4700,1,0.3062499999999999,6937.595077514648,4700,1,0.3062499999999999,6800.907089233398,4700,1,0.3062499999999999,12264.975814819336,4700,1,0.3062499999999999,45872.62030029297,4700,1,0.3062499999999999,38006.97671508789,4700,1,0.3062499999999999,47237.535217285156,4700,1,0.3062499999999999,30232.273162841797,4700,1,0.3062499999999999,7274.9332275390625,4700,1,0.3062499999999999,7164.199234008789,4700,1,0.3062499999999999,6754.826736450195,4700,1,0.3062499999999999,6972.821105957031,4700,1,0.3062499999999999,15679.991195678711,3007,3007,3007,3007,3007,3007,3007,3007,3007,3007,3007,3007,4690,4691,3007,3007,3007,4690,3007,3007,3007,3007,3007,4690,100,0,0,0,0,4.761904716491699,11.111111640930176,0,10.526315689086914,5.263157844543457,0,0,0,0,0,0,0,0,0,100,0,0,0,0,66481098752,12884893696,1693011968,0
99,1780596697010,57985.978118896484,4700,1,0.30000000000000004,6937.598159790039,4700,1,0.3062499999999999,6800.9102783203125,4700,1,0.3062499999999999,12265.190307617188,4700,1,0.30000000000000004,45872.838775634766,4700,1,0.30000000000000004,38007.232833862305,4700,1,0.30000000000000004,47237.774963378906,4700,1,0.30000000000000004,30233.146713256836,4700,1,0.30000000000000004,7274.936309814453,4700,1,0.30000000000000004,7164.202423095703,4700,1,0.30000000000000004,6754.829803466797,4700,1,0.3062499999999999,6972.824188232422,4700,1,0.3062499999999999,15685.551528930664,3007,3007,3007,3007,3007,3007,3007,3007,3007,3007,3007,3007,4690,4691,3007,3007,3007,4690,3007,3007,3007,3007,3007,4690,95.23809814453125,14.285715103149414,0,0,0,0,5.263157844543457,10,11.111111640930176,5,0,0,0,0,0,0,0,0,0,100,0,0,0,0,66481098752,12884893696,1694359552,0
99,1780596697110,57986.74328613281,4700,1,0.30000000000000004,6937.601272583008,4700,1,0.30000000000000004,6800.91340637207,4700,1,0.30000000000000004,12265.411743164063,4700,1,0.30000000000000004,45873.16178894043,4700,1,0.30000000000000004,38007.44184875488,4700,1,0.30000000000000004,47237.79481506348,4700,1,0.30000000000000004,30234.019622802734,4700,1,0.30000000000000004,7274.939392089844,4700,1,0.30000000000000004,7164.205505371094,4700,1,0.30000000000000004,6754.83821105957,4700,1,0.30000000000000004,6972.8272705078125,4700,1,0.30000000000000004,15691.064086914063,3007,3007,3007,3007,3007,3007,3007,3007,3007,3007,3007,3007,4690,4691,3007,3007,3007,4690,3007,3007,3007,3007,3007,4690,95.23809814453125,14.285715103149414,0,0,0,0,5.263157844543457,10,11.111111640930176,5,0,0,0,0,0,0,0,0,0,100,0,0,0,0,66481098752,12884893696,1694322688,0
99,1780596697210,57987.50842285156,4700,1,0.30000000000000004,6937.604385375977,4700,1,0.30000000000000004,6800.916519165039,4700,1,0.30000000000000004,12265.501647949219,4700,1,0.30000000000000004,45873.50932312012,4700,1,0.30000000000000004,38007.67762756348,4700,1,0.30000000000000004,47237.92849731445,4700,1,0.30000000000000004,30234.887893676758,4700,1,0.30000000000000004,7274.9425048828125,4700,1,0.30000000000000004,7164.2086181640625,4700,1,0.30000000000000004,6754.841293334961,4700,1,0.30000000000000004,6972.8304443359375,4700,1,0.30000000000000004,15696.545471191406,3007,3007,3007,3007,3007,3007,3007,3007,3007,3007,3007,3007,4690,4691,3007,3007,3007,4690,3007,3007,3007,3007,3007,4690,100,5.263157844543457,0,0,0,0,27.272727966308594,10.526315689086914,0,0,0,0,0,0,0,0,0,0,0,100,0,0,0,0,66481098752,12884893696,1694777344,0
99,1780596697310,57988.274002075195,4700,1,0.30000000000000004,6937.607437133789,4700,1,0.30000000000000004,6800.9197998046875,4700,1,0.30000000000000004,12265.530731201172,4700,1,0.30000000000000004,45873.85661315918,4700,1,0.30000000000000004,38007.90856933594,4700,1,0.30000000000000004,47238.127853393555,4700,1,0.30000000000000004,30235.76368713379,4700,1,0.30000000000000004,7274.945587158203,4700,1,0.30000000000000004,7164.211929321289,4700,1,0.30000000000000004,6754.844375610352,4700,1,0.30000000000000004,6972.833557128906,4700,1,0.30000000000000004,15702.01303100586,3007,3007,3007,3007,3007,3007,3007,3007,3007,3007,3007,3007,4690,4691,3007,3007,3007,4690,3007,3007,3007,3007,3007,4690,100,5.263157844543457,0,0,0,0,27.272727966308594,10.526315689086914,0,0,0,0,0,0,0,0,0,0,0,100,0,0,0,0,66481098752,12884893696,1695346688,0
99,1780596697410,57989.036529541016,4700,1,0.3062499999999999,6937.610565185547,4700,1,0.3062499999999999,6800.922882080078,4700,1,0.3062499999999999,12265.536026000977,4700,1,0.3062499999999999,45874.17126464844,4700,1,0.3062499999999999,38008.14067077637,4700,1,0.3062499999999999,47238.363708496094,4700,1,0.3062499999999999,30236.639770507813,4700,1,0.3062499999999999,7274.948699951172,4700,1,0.3062499999999999,7164.215103149414,4700,1,0.3062499999999999,6754.847503662109,4700,1,0.3062499999999999,6972.836639404297,4700,1,0.3062499999999999,15707.518081665039,3007,3007,3007,3007,3007,3007,3007,3007,3007,3007,3007,3007,4690,4691,3007,3007,3007,4690,3007,3007,3007,3007,3007,4690,95.23809814453125,0,0,0,0,0,15.789472579956055,5.263157844543457,10.526315689086914,10,0,0,5.263157844543457,0,0,0,0,0,0,100,0,0,0,0,66481098752,12884893696,1694851072,0
99,1780596697510,57989.797760009766,4700,1,0.3062499999999999,6937.6136474609375,4700,1,0.3062499999999999,6800.925994873047,4700,1,0.3062499999999999,12265.78141784668,4700,1,0.3062499999999999,45874.505935668945,4700,1,0.3062499999999999,38008.303298950195,4700,1,0.3062499999999999,47238.38960266113,4700,1,0.3062499999999999,30237.5205078125,4700,1,0.3062499999999999,7274.9517822265625,4700,1,0.3062499999999999,7164.2203369140625,4700,1,0.3062499999999999,6754.850555419922,4700,1,0.3062499999999999,6972.8397216796875,4700,1,0.3062499999999999,15712.974151611328,3007,3007,3007,3007,3007,3007,3007,3007,3007,3007,3007,3007,4690,4691,3007,3007,3007,4690,3007,3007,3007,3007,3007,4690,95.23809814453125,0,0,0,0,0,15.789472579956055,5.263157844543457,10.526315689086914,10,0,0,5.263157844543457,0,0,0,0,0,0,100,0,0,0,0,66481098752,12884893696,1696698368,0
99,1780596697610,57990.55847167969,4700,1,0.3062499999999999,6937.616729736328,4700,1,0.3062499999999999,6800.9290771484375,4700,1,0.3062499999999999,12266.035751342773,4700,1,0.3062499999999999,45874.839767456055,4700,1,0.3062499999999999,38008.45779418945,4700,1,0.3062499999999999,47238.40791320801,4700,1,0.3062499999999999,30238.401306152344,4700,1,0.3062499999999999,7274.954864501953,4700,1,0.3062499999999999,7164.22868347168,4700,1,0.3062499999999999,6754.8536376953125,4700,1,0.3062499999999999,6972.842803955078,4700,1,0.3062499999999999,15718.392700195313,3007,3007,3007,3007,3007,3007,3007,3007,3007,3007,3007,3007,4690,4691,3007,3007,3007,4690,3007,3007,3007,3007,3007,4690,94.73684692382813,5.263157844543457,0,0,0,0,19.047618865966797,0,0,10,0,0,15.789472579956055,0,0,0,0,0,0,100,0,0,0,0,66481098752,12884893696,1690644480,0
99,1780596697710,57991.31579589844,4700,1,0.30000000000000004,6937.619888305664,4700,1,0.3062499999999999,6800.932220458984,4700,1,0.3062499999999999,12266.290435791016,4700,1,0.30000000000000004,45875.175048828125,4700,1,0.30000000000000004,38008.61866760254,4700,1,0.30000000000000004,47238.42808532715,4700,1,0.30000000000000004,30239.285522460938,4700,1,0.30000000000000004,7274.957946777344,4700,1,0.30000000000000004,7164.231887817383,4700,1,0.3062499999999999,6754.858810424805,4700,1,0.3062499999999999,6972.845916748047,4700,1,0.3062499999999999,15723.795547485352,3007,3007,3007,3007,3007,3007,3007,3007,3007,3007,3007,3007,4690,4691,3007,3007,3007,4690,3007,3007,3007,3007,3007,4690,94.73684692382813,5.263157844543457,0,0,0,0,19.047618865966797,0,0,10,0,0,15.789472579956055,0,0,0,0,0,0,100,0,0,0,0,66481098752,12884893696,1691336704,0
99,1780596697810,57992.06623840332,4700,1,0.3062499999999999,6937.622970581055,4700,1,0.3062499999999999,6800.935302734375,4700,1,0.3062499999999999,12266.553573608398,4700,1,0.3062499999999999,45875.50048828125,4700,1,0.3062499999999999,38008.77006530762,4700,1,0.3062499999999999,47238.44136047363,4700,1,0.3062499999999999,30240.16667175293,4700,1,0.3062499999999999,7274.961029052734,4700,1,0.3062499999999999,7164.234970092773,4700,1,0.3062499999999999,6754.861892700195,4700,1,0.3062499999999999,6972.8489990234375,4700,1,0.3062499999999999,15729.279800415039,3007,3007,3007,3007,3007,3007,3007,3007,3007,3007,3007,3007,4690,4691,3007,3007,3007,4690,3007,3007,3007,3007,3007,4690,95.45454406738281,0,0,0,0,0,15.789472579956055,0,0,5.555555820465088,0,0,20,0,0,0,0,0,0,100,0,0,0,0,66481098752,12884893696,1690693632,0
99,1780596697910,57992.82954406738,4700,1,0.30000000000000004,6937.626083374023,4700,1,0.30000000000000004,6800.938385009766,4700,1,0.30000000000000004,12266.760498046875,4700,1,0.30000000000000004,45875.839111328125,4700,1,0.30000000000000004,38008.984802246094,4700,1,0.30000000000000004,47238.45657348633,4700,1,0.30000000000000004,30241.03953552246,4700,1,0.30000000000000004,7274.964126586914,4700,1,0.30000000000000004,7164.23811340332,4700,1,0.30000000000000004,6754.865036010742,4700,1,0.30000000000000004,6972.852081298828,4700,1,0.30000000000000004,15734.66130065918,3007,3007,3007,3007,3007,3007,3007,3007,3007,3007,3007,3007,4690,4691,3007,3007,3007,4690,3007,3007,3007,3007,3007,4690,95.45454406738281,0,0,0,0,0,15.789472579956055,0,0,5.555555820465088,0,0,20,0,0,0,0,0,0,100,0,0,0,0,66481098752,12884893696,1688645632,0
99,1780596698010,57993.593658447266,4700,1,0.30000000000000004,6937.629135131836,4700,1,0.30000000000000004,6800.941467285156,4700,1,0.30000000000000004,12266.955017089844,4700,1,0.30000000000000004,45876.173416137695,4700,1,0.30000000000000004,38009.14862060547,4700,1,0.30000000000000004,47238.56088256836,4700,1,0.30000000000000004,30241.915161132813,4700,1,0.30000000000000004,7274.967208862305,4700,1,0.30000000000000004,7164.241195678711,4700,1,0.30000000000000004,6754.868072509766,4700,1,0.30000000000000004,6972.855133056641,4700,1,0.30000000000000004,15740.14859008789,3007,3007,3007,3007,3007,3007,3007,3007,3007,3007,3007,3007,4690,4691,3007,3007,3007,4690,3007,3007,3007,3007,3007,4690,100,5.263157844543457,0,0,0,0,5.555555820465088,5.263157844543457,0,5.263157844543457,0,0,0,0,0,0,0,0,0,100,0,0,0,0,66481098752,12884893696,1691492352,0
99,1780596698110,57994.360290527344,4700,1,0.30000000000000004,6937.632217407227,4700,1,0.30000000000000004,6800.944595336914,4700,1,0.30000000000000004,12267.192245483398,4700,1,0.30000000000000004,45876.50978088379,4700,1,0.30000000000000004,38009.15399169922,4700,1,0.30000000000000004,47238.740478515625,4700,1,0.30000000000000004,30242.790100097656,4700,1,0.30000000000000004,7274.970291137695,4700,1,0.30000000000000004,7164.244338989258,4700,1,0.30000000000000004,6754.871154785156,4700,1,0.30000000000000004,6972.858245849609,4700,1,0.30000000000000004,15745.453140258789,3007,3007,3007,3007,3007,3007,3007,3007,3007,3007,3007,3007,4690,4691,3007,3007,3007,4690,3007,3007,3007,3007,3007,4690,100,5.263157844543457,0,0,0,0,5.555555820465088,5.263157844543457,0,5.263157844543457,0,0,0,0,0,0,0,0,0,100,0,0,0,0,66481098752,12884893696,1691193344,0
99,1780596698210,57995.122955322266,4700,1,0.30000000000000004,6937.635330200195,4700,1,0.30000000000000004,6800.947708129883,4700,1,0.30000000000000004,12267.44416809082,4700,1,0.30000000000000004,45876.84860229492,4700,1,0.30000000000000004,38009.160095214844,4700,1,0.30000000000000004,47238.8757019043,4700,1,0.30000000000000004,30243.668045043945,4700,1,0.30000000000000004,7274.973373413086,4700,1,0.30000000000000004,7164.247512817383,4700,1,0.30000000000000004,6754.874298095703,4700,1,0.30000000000000004,6972.861328125,4700,1,0.30000000000000004,15750.844772338867,3007,3007,3007,3007,3007,3007,3007,3007,3007,3007,3007,3007,4690,4691,3007,3007,3007,4690,3007,3007,3007,3007,3007,4690,95,0,0,0,0,0,16.666667938232422,0,0,5.263157844543457,0,0,15.000000953674316,0,0,0,0,0,0,100,0,0,0,0,66481098752,12884893696,1693220864,0
99,1780596698310,57995.89619445801,4700,1,0.30000000000000004,6937.638412475586,4700,1,0.30000000000000004,6800.950866699219,4700,1,0.30000000000000004,12267.751159667969,4700,1,0.30000000000000004,45877.0302734375,4700,1,0.30000000000000004,38009.40710449219,4700,1,0.30000000000000004,47238.94772338867,4700,1,0.30000000000000004,30244.54216003418,4700,1,0.30000000000000004,7274.976455688477,4700,1,0.30000000000000004,7164.250717163086,4700,1,0.30000000000000004,6754.877380371094,4700,1,0.30000000000000004,6972.864486694336,4700,1,0.30000000000000004,15756.348098754883,3007,3007,3007,3007,3007,3007,3007,3007,3007,3007,3007,3007,4690,4691,3007,3007,3007,4690,3007,3007,3007,3007,3007,4690,95,0,0,0,0,0,16.666667938232422,0,0,5.263157844543457,0,0,15.000000953674316,0,0,0,0,0,0,100,0,0,0,0,66481098752,12884893696,1686872064,0
99,1780596698410,57996.66390991211,4700,1,0.30000000000000004,6937.641525268555,4700,1,0.3062499999999999,6800.953948974609,4700,1,0.3062499999999999,12268.063552856445,4700,1,0.30000000000000004,45877.18391418457,4700,1,0.30000000000000004,38009.67922973633,4700,1,0.30000000000000004,47238.98579406738,4700,1,0.3062499999999999,30245.42073059082,4700,1,0.3062499999999999,7274.979568481445,4700,1,0.3062499999999999,7164.25390625,4700,1,0.3062499999999999,6754.880554199219,4700,1,0.3062499999999999,6972.867568969727,4700,1,0.3062499999999999,15761.803588867188,3007,3007,3007,3007,3007,3007,3007,3007,3007,3007,3007,3007,4690,4691,3007,3007,3007,4690,3007,3007,3007,3007,3007,4690,95,15.789472579956055,0,0,4.761904716491699,20,0,0,0,9.523809432983398,0,0,0,0,0,0,0,5.263157844543457,0,100,0,0,0,0,66481098752,12884893696,1691279360,0
99,1780596698510,57997.45275878906,4700,1,0.3062499999999999,6937.644638061523,4700,1,0.3062499999999999,6800.957168579102,4700,1,0.3062499999999999,12268.280700683594,4700,1,0.3062499999999999,45877.438049316406,4700,1,0.3062499999999999,38009.95639038086,4700,1,0.3062499999999999,47239.14697265625,4700,1,0.3062499999999999,30246.285751342773,4700,1,0.3062499999999999,7274.98274230957,4700,1,0.3062499999999999,7164.257125854492,4700,1,0.3062499999999999,6754.88362121582,4700,1,0.3062499999999999,6972.870712280273,4700,1,0.3062499999999999,15767.360458374023,3007,3007,3007,3007,3007,3007,3007,3007,3007,3007,3007,3007,4690,4691,3007,3007,3007,4690,3007,3007,3007,3007,3007,4690,95,15.789472579956055,0,0,4.761904716491699,20,0,0,0,9.523809432983398,0,0,0,0,0,0,0,5.263157844543457,0,100,0,0,0,0,66481098752,12884893696,1692336128,0
99,1780596698611,57998.23634338379,4700,1,0.3062499999999999,6937.64778137207,4700,1,0.3062499999999999,6800.96028137207,4700,1,0.3062499999999999,12268.462326049805,4700,1,0.3062499999999999,45877.68081665039,4700,1,0.3062499999999999,38010.25541687012,4700,1,0.3062499999999999,47239.36784362793,4700,1,0.3062499999999999,30247.13621520996,4700,1,0.3062499999999999,7274.985885620117,4700,1,0.3062499999999999,7164.260238647461,4700,1,0.3062499999999999,6754.88671875,4700,1,0.3062499999999999,6972.873840332031,4700,1,0.3062499999999999,15772.946746826172,3007,3007,3007,3007,3007,3007,3007,3007,3007,3007,3007,3007,4690,4691,3007,3007,3007,4690,3007,3007,3007,3007,3007,4690,100,0,0,0,5,5,0,10,0,0,0,0,5,0,0,0,0,10,5.263157844543457,100,0,0,0,0,66481098752,12884893696,1689014272,0
99,1780596698711,57998.97412109375,4700,1,0.3062499999999999,6937.671325683594,4700,1,0.3062499999999999,6800.978332519531,4700,1,0.3062499999999999,12268.626419067383,4700,1,0.3062499999999999,45877.896408081055,4700,1,0.3062499999999999,38010.45034790039,4700,1,0.3062499999999999,47239.62339782715,4700,1,0.3062499999999999,30247.800521850586,4700,1,0.3062499999999999,7275.01008605957,4700,1,0.3062499999999999,7164.287109375,4700,1,0.3062499999999999,6754.91569519043,4700,1,0.3062499999999999,6972.903030395508,4700,1,0.3062499999999999,15778.325210571289,3007,3007,3007,3007,3007,3007,3007,3007,3007,3007,3007,3007,4690,4691,3007,3007,3007,4690,3007,3007,3007,3007,3007,4690,100,0,0,0,5,5,0,10,0,0,0,0,5,0,0,0,0,10,5.263157844543457,100,0,0,0,0,66481098752,12884893696,1693114368,0
99,1780596698811,57999.79096984863,4700,1,0.3062499999999999,6937.683746337891,4700,1,0.3062499999999999,6800.983688354492,4700,1,0.3062499999999999,12268.834686279297,4700,1,0.3062499999999999,45878.11338806152,4700,1,0.3062499999999999,38010.66157531738,4700,1,0.3062499999999999,47239.844482421875,4700,1,0.3062499999999999,30248.68101501465,4700,1,0.3062499999999999,7275.026428222656,4700,1,0.3062499999999999,7164.305221557617,4700,1,0.3062499999999999,6754.929672241211,4700,1,0.3062499999999999,6972.9114990234375,4700,1,0.3062499999999999,15783.834609985352,3007,3007,3007,3007,3007,3007,3007,3007,3007,3007,3007,3007,4690,4691,3007,3007,3007,4690,3007,3007,3007,3007,3007,4690,100,0,0,0,5,5,9.523809432983398,5.263157844543457,5.263157844543457,0,0,0,5,0,4.761904716491699,0,0,5,13.636363983154297,94.73684692382813,0,0,0,0,66481098752,12884893696,1691758592,0
99,1780596698911,58000.555084228516,4700,1,0.3062499999999999,6937.6873779296875,4700,1,0.3062499999999999,6800.986801147461,4700,1,0.3062499999999999,12269.017959594727,4700,1,0.3062499999999999,45878.14176940918,4700,1,0.3062499999999999,38010.92608642578,4700,1,0.3062499999999999,47240.163009643555,4700,1,0.3062499999999999,30249.565155029297,4700,1,0.3062499999999999,7275.029541015625,4700,1,0.3062499999999999,7164.308456420898,4700,1,0.3062499999999999,6754.933532714844,4700,1,0.3062499999999999,6972.915054321289,4700,1,0.3062499999999999,15789.240676879883,3007,3007,3007,3007,3007,3007,3007,3007,3007,3007,3007,3007,4690,4691,3007,3007,3007,4690,3007,3007,3007,3007,3007,4690,100,0,0,0,5,5,9.523809432983398,5.263157844543457,5.263157844543457,0,0,0,5,0,4.761904716491699,0,0,5,13.636363983154297,94.73684692382813,0,0,0,0,66481098752,12884893696,1692934144,0
99,1780596699011,58001.32849121094,4700,1,0.3062499999999999,6937.690460205078,4700,1,0.3062499999999999,6800.989883422852,4700,1,0.3062499999999999,12269.292953491211,4700,1,0.3062499999999999,45878.16163635254,4700,1,0.3062499999999999,38011.181640625,4700,1,0.3062499999999999,47240.40303039551,4700,1,0.3062499999999999,30250.443450927734,4700,1,0.3062499999999999,7275.032623291016,4700,1,0.3062499999999999,7164.311538696289,4700,1,0.3062499999999999,6754.936660766602,4700,1,0.3062499999999999,6972.91813659668,4700,1,0.3062499999999999,15794.675262451172,3007,3007,3007,3007,3007,3007,3007,3007,3007,3007,3007,3007,4690,4691,3007,3007,3007,4690,3007,3007,3007,3007,3007,4690,94.73684692382813,0,0,0,0,0,0,0,5,9.523809432983398,0,0,0,4.761904716491699,0,0,0,10,11.111111640930176,100,0,0,0,0,66481098752,12884893696,1695215616,0
99,1780596699111,58002.09796142578,4700,1,0.30000000000000004,6937.693542480469,4700,1,0.3062499999999999,6800.992965698242,4700,1,0.3062499999999999,12269.432479858398,4700,1,0.30000000000000004,45878.18125915527,4700,1,0.30000000000000004,38011.43925476074,4700,1,0.30000000000000004,47240.7438659668,4700,1,0.30000000000000004,30251.325637817383,4700,1,0.30000000000000004,7275.035705566406,4700,1,0.3062499999999999,7164.31462097168,4700,1,0.3062499999999999,6754.939743041992,4700,1,0.3062499999999999,6972.92121887207,4700,1,0.3062499999999999,15800.094802856445,3007,3007,3007,3007,3007,3007,3007,3007,3007,3007,3007,3007,4690,4691,3007,3007,3007,4690,3007,3007,3007,3007,3007,4690,94.73684692382813,0,0,0,0,0,0,0,5,9.523809432983398,0,0,0,4.761904716491699,0,0,0,10,11.111111640930176,100,0,0,0,0,66481098752,12884893696,1697767424,0
99,1780596699211,58002.86752319336,4700,1,0.30000000000000004,6937.696624755859,4700,1,0.3062499999999999,6800.996047973633,4700,1,0.3062499999999999,12269.616958618164,4700,1,0.30000000000000004,45878.29829406738,4700,1,0.30000000000000004,38011.685150146484,4700,1,0.30000000000000004,47241.035064697266,4700,1,0.30000000000000004,30252.2000579834,4700,1,0.30000000000000004,7275.038818359375,4700,1,0.30000000000000004,7164.319686889648,4700,1,0.30000000000000004,6754.942825317383,4700,1,0.30000000000000004,6972.924377441406,4700,1,0.3062499999999999,15805.624160766602,3007,3007,3007,3007,3007,3007,3007,3007,3007,3007,3007,3007,4690,4691,3007,3007,3007,4690,3007,3007,3007,3007,3007,4690,100,4.761904716491699,0,0,0,9.523809432983398,0,0,11.111111640930176,5.263157844543457,0,0,0,0,0,0,0,0,15.000000953674316,100,0,0,0,0,66481098752,12884893696,1698578432,0
99,1780596699311,58003.63343811035,4700,1,0.3062499999999999,6937.699768066406,4700,1,0.3062499999999999,6800.999130249023,4700,1,0.3062499999999999,12269.799026489258,4700,1,0.3062499999999999,45878.54316711426,4700,1,0.3062499999999999,38011.90832519531,4700,1,0.3062499999999999,47241.2891998291,4700,1,0.3062499999999999,30253.070037841797,4700,1,0.3062499999999999,7275.041900634766,4700,1,0.3062499999999999,7164.340316772461,4700,1,0.3062499999999999,6754.945907592773,4700,1,0.3062499999999999,6972.927459716797,4700,1,0.3062499999999999,15811.246871948242,3007,3007,3007,3007,3007,3007,3007,3007,3007,3007,3007,3007,4690,4691,3007,3007,3007,4690,3007,3007,3007,3007,3007,4690,100,4.761904716491699,0,0,0,9.523809432983398,0,0,11.111111640930176,5.263157844543457,0,0,0,0,0,0,0,0,15.000000953674316,100,0,0,0,0,66481098752,12884893696,1700376576,0
99,1780596699411,58004.42155456543,4700,1,0.30000000000000004,6937.702850341797,4700,1,0.30000000000000004,6801.002212524414,4700,1,0.30000000000000004,12270.033081054688,4700,1,0.30000000000000004,45878.7360534668,4700,1,0.30000000000000004,38012.154876708984,4700,1,0.30000000000000004,47241.50631713867,4700,1,0.30000000000000004,30253.947036743164,4700,1,0.30000000000000004,7275.044982910156,4700,1,0.30000000000000004,7164.343460083008,4700,1,0.30000000000000004,6754.948959350586,4700,1,0.30000000000000004,6972.930633544922,4700,1,0.30000000000000004,15816.816131591797,3007,3007,3007,3007,3007,3007,3007,3007,3007,3007,3007,3007,4690,4691,3007,3007,3007,4690,3007,3007,3007,3007,3007,4690,95,4.761904716491699,0,0,9.523809432983398,5.263157844543457,0,0,0,13.636363983154297,0,0,0,0,0,0,0,5.263157844543457,11.111111640930176,100,0,0,0,0,66481098752,12884893696,1697419264,0
99,1780596699511,58005.1932220459,4700,1,0.3062499999999999,6937.7059326171875,4700,1,0.3062499999999999,6801.005264282227,4700,1,0.3062499999999999,12270.263076782227,4700,1,0.3062499999999999,45878.95263671875,4700,1,0.3062499999999999,38012.40646362305,4700,1,0.3062499999999999,47241.73310852051,4700,1,0.3062499999999999,30254.81736755371,4700,1,0.3062499999999999,7275.048065185547,4700,1,0.3062499999999999,7164.346542358398,4700,1,0.3062499999999999,6754.952041625977,4700,1,0.3062499999999999,6972.9337158203125,4700,1,0.3062499999999999,15822.305679321289,3007,3007,3007,3007,3007,3007,3007,3007,3007,3007,3007,3007,4690,4691,3007,3007,3007,4690,3007,3007,3007,3007,3007,4690,95,4.761904716491699,0,0,9.523809432983398,5.263157844543457,0,0,0,13.636363983154297,0,0,0,0,0,0,0,5.263157844543457,11.111111640930176,100,0,0,0,0,66481098752,12884893696,1691955200,0
99,1780596699611,58005.96788024902,4700,1,0.3062499999999999,6937.709014892578,4700,1,0.3062499999999999,6801.008346557617,4700,1,0.3062499999999999,12270.58642578125,4700,1,0.3062499999999999,45879.056213378906,4700,1,0.3062499999999999,38012.656005859375,4700,1,0.3062499999999999,47241.86152648926,4700,1,0.3062499999999999,30255.68621826172,4700,1,0.3062499999999999,7275.0511474609375,4700,1,0.3062499999999999,7164.349624633789,4700,1,0.3062499999999999,6754.955123901367,4700,1,0.3062499999999999,6972.936798095703,4700,1,0.3062499999999999,15827.821304321289,3007,3007,3007,3007,3007,3007,3007,3007,3007,3007,3007,3007,4690,4691,3007,3007,3007,4690,3007,3007,3007,3007,3007,4690,100,5.263157844543457,0,0,0,15.000000953674316,4.761904716491699,0,0,0,0,0,5,0,0,0,0,5,10,100,0,0,0,0,66481098752,12884893696,1690853376,0
99,1780596699711,58006.75053405762,4700,1,0.3062499999999999,6937.712158203125,4700,1,0.3062499999999999,6801.011535644531,4700,1,0.3062499999999999,12270.89909362793,4700,1,0.3062499999999999,45879.23611450195,4700,1,0.3062499999999999,38012.89555358887,4700,1,0.3062499999999999,47241.98994445801,4700,1,0.3062499999999999,30256.551483154297,4700,1,0.3062499999999999,7275.054290771484,4700,1,0.3062499999999999,7164.357696533203,4700,1,0.3062499999999999,6754.958358764648,4700,1,0.3062499999999999,6972.939987182617,4700,1,0.3062499999999999,15833.371398925781,3007,3007,3007,3007,3007,3007,3007,3007,3007,3007,3007,3007,4690,4691,3007,3007,3007,4690,3007,3007,3007,3007,3007,4690,100,5.263157844543457,0,0,0,15.000000953674316,4.761904716491699,0,0,0,0,0,5,0,0,0,0,5,10,100,0,0,0,0,66481098752,12884893696,1689677824,0
99,1780596699811,58007.52490234375,4700,1,0.30000000000000004,6937.715316772461,4700,1,0.3062499999999999,6801.014617919922,4700,1,0.3062499999999999,12271.065414428711,4700,1,0.30000000000000004,45879.28576660156,4700,1,0.30000000000000004,38013.14598083496,4700,1,0.30000000000000004,47242.310974121094,4700,1,0.3062499999999999,30257.42611694336,4700,1,0.3062499999999999,7275.057373046875,4700,1,0.3062499999999999,7164.360778808594,4700,1,0.3062499999999999,6754.96142578125,4700,1,0.3062499999999999,6972.943069458008,4700,1,0.3062499999999999,15838.808853149414,3007,3007,3007,3007,3007,3007,3007,3007,3007,3007,3007,3007,4690,4691,3007,3007,3007,4690,3007,3007,3007,3007,3007,4690,100,5.263157844543457,0,0,0,10.526315689086914,5,0,10,0,0,0,0,0,0,0,0,0,10,100,0,0,0,0,66481098752,12884893696,1691336704,0
99,1780596699911,58008.312240600586,4700,1,0.30000000000000004,6937.71842956543,4700,1,0.3062499999999999,6801.017730712891,4700,1,0.3062499999999999,12271.171249389648,4700,1,0.30000000000000004,45879.61489868164,4700,1,0.30000000000000004,38013.21675109863,4700,1,0.30000000000000004,47242.556869506836,4700,1,0.30000000000000004,30258.3028717041,4700,1,0.30000000000000004,7275.060455322266,4700,1,0.30000000000000004,7164.363922119141,4700,1,0.30000000000000004,6754.964508056641,4700,1,0.30000000000000004,6972.946228027344,4700,1,0.3062499999999999,15844.236251831055,3007,3007,3007,3007,3007,3007,3007,3007,3007,3007,3007,3007,4690,4691,3007,3007,3007,4690,3007,3007,3007,3007,3007,4690,100,5.263157844543457,0,0,0,10.526315689086914,5,0,10,0,0,0,0,0,0,0,0,0,10,100,0,0,0,0,66481098752,12884893696,1690611712,0
99,1780596700011,58009.077865600586,4700,1,0.30000000000000004,6937.72151184082,4700,1,0.30000000000000004,6801.020812988281,4700,1,0.3062499999999999,12271.234146118164,4700,1,0.30000000000000004,45879.87072753906,4700,1,0.30000000000000004,38013.28254699707,4700,1,0.30000000000000004,47242.869064331055,4700,1,0.30000000000000004,30259.172256469727,4700,1,0.30000000000000004,7275.063537597656,4700,1,0.30000000000000004,7164.367004394531,4700,1,0.30000000000000004,6754.967590332031,4700,1,0.30000000000000004,6972.949310302734,4700,1,0.30000000000000004,15849.684677124023,3007,3007,3007,3007,3007,3007,3007,3007,3007,3007,3007,3007,4690,4691,3007,3007,3007,4690,3007,3007,3007,3007,3007,4690,94.73684692382813,0,0,0,0,0,15.000000953674316,0,5.263157844543457,5,0,0,10.526315689086914,0,0,0,0,9.090909004211426,0,100,0,0,0,0,66481098752,12884893696,1694507008,0
99,1780596700111,58009.850021362305,4700,1,0.30000000000000004,6937.724594116211,4700,1,0.30000000000000004,6801.023864746094,4700,1,0.30000000000000004,12271.474792480469,4700,1,0.30000000000000004,45880.0891418457,4700,1,0.30000000000000004,38013.361892700195,4700,1,0.30000000000000004,47243.13188171387,4700,1,0.30000000000000004,30260.03498840332,4700,1,0.30000000000000004,7275.066589355469,4700,1,0.30000000000000004,7164.375045776367,4700,1,0.30000000000000004,6754.970626831055,4700,1,0.30000000000000004,6972.952362060547,4700,1,0.30000000000000004,15855.105758666992,3007,3007,3007,3007,3007,3007,3007,3007,3007,3007,3007,3007,4690,4691,3007,3007,3007,4690,3007,3007,3007,3007,3007,4690,94.73684692382813,0,0,0,0,0,15.000000953674316,0,5.263157844543457,5,0,0,10.526315689086914,0,0,0,0,9.090909004211426,0,100,0,0,0,0,66481098752,12884893696,1691144192,0
99,1780596700211,58010.624450683594,4700,1,0.3062499999999999,6937.72770690918,4700,1,0.3062499999999999,6801.026947021484,4700,1,0.3062499999999999,12271.65461730957,4700,1,0.3062499999999999,45880.308685302734,4700,1,0.3062499999999999,38013.630935668945,4700,1,0.3062499999999999,47243.36463928223,4700,1,0.3062499999999999,30260.914154052734,4700,1,0.3062499999999999,7275.069763183594,4700,1,0.3062499999999999,7164.3782958984375,4700,1,0.3062499999999999,6754.973693847656,4700,1,0.3062499999999999,6972.955520629883,4700,1,0.3062499999999999,15860.697402954102,3007,3007,3007,3007,3007,3007,3007,3007,3007,3007,3007,3007,4690,4691,3007,3007,3007,4690,3007,3007,3007,3007,3007,4690,100,5,0,0,0,4.761904716491699,19.047618865966797,10,10,5,0,0,0,0,0,0,0,0,10,100,0,0,0,0,66481098752,12884893696,1693618176,0
99,1780596700311,58011.39926147461,4700,1,0.3062499999999999,6937.7308349609375,4700,1,0.3062499999999999,6801.030029296875,4700,1,0.3062499999999999,12271.90153503418,4700,1,0.3062499999999999,45880.44984436035,4700,1,0.3062499999999999,38013.95487976074,4700,1,0.3062499999999999,47243.45202636719,4700,1,0.3062499999999999,30261.805786132813,4700,1,0.3062499999999999,7275.072906494141,4700,1,0.3062499999999999,7164.3837890625,4700,1,0.3062499999999999,6754.976776123047,4700,1,0.3062499999999999,6972.958602905273,4700,1,0.3062499999999999,15866.160949707031,3007,3007,3007,3007,3007,3007,3007,3007,3007,3007,3007,3007,4690,4691,3007,3007,3007,4690,3007,3007,3007,3007,3007,4690,100,5,0,0,0,4.761904716491699,19.047618865966797,10,10,5,0,0,0,0,0,0,0,0,10,100,0,0,0,0,66481098752,12884893696,1690046464,0
99,1780596700411,58012.16845703125,4700,1,0.30000000000000004,6937.733917236328,4700,1,0.30000000000000004,6801.033157348633,4700,1,0.30000000000000004,12272.149032592773,4700,1,0.30000000000000004,45880.67054748535,4700,1,0.30000000000000004,38014.19549560547,4700,1,0.30000000000000004,47243.677810668945,4700,1,0.30000000000000004,30262.683639526367,4700,1,0.30000000000000004,7275.075988769531,4700,1,0.30000000000000004,7164.386932373047,4700,1,0.30000000000000004,6754.9798583984375,4700,1,0.30000000000000004,6972.961761474609,4700,1,0.30000000000000004,15871.703887939453,3007,3007,3007,3007,3007,3007,3007,3007,3007,3007,3007,3007,4690,4691,3007,3007,3007,4690,3007,3007,3007,3007,3007,4690,94.73684692382813,0,0,0,0,0,0,5,0,14.285715103149414,0,0,0,0,0,0,0,11.111111640930176,10,100,0,0,0,0,66481098752,12884893696,1688166400,0
99,1780596700511,58012.94792175293,4700,1,0.3062499999999999,6937.736999511719,4700,1,0.3062499999999999,6801.036239624023,4700,1,0.3062499999999999,12272.438598632813,4700,1,0.3062499999999999,45880.89572143555,4700,1,0.3062499999999999,38014.43600463867,4700,1,0.3062499999999999,47243.86430358887,4700,1,0.3062499999999999,30263.53758239746,4700,1,0.3062499999999999,7275.0791015625,4700,1,0.3062499999999999,7164.39013671875,4700,1,0.3062499999999999,6754.982879638672,4700,1,0.3062499999999999,6972.96484375,4700,1,0.3062499999999999,15877.314331054688,3007,3007,3007,3007,3007,3007,3007,3007,3007,3007,3007,3007,4690,4691,3007,3007,3007,4690,3007,3007,3007,3007,3007,4690,94.73684692382813,0,0,0,0,0,0,5,0,14.285715103149414,0,0,0,0,0,0,0,11.111111640930176,10,100,0,0,0,0,66481098752,12884893696,1691389952,0
99,1780596700612,58013.72862243652,4700,1,0.30000000000000004,6937.740081787109,4700,1,0.3062499999999999,6801.039321899414,4700,1,0.3062499999999999,12272.69856262207,4700,1,0.30000000000000004,45881.12043762207,4700,1,0.30000000000000004,38014.663497924805,4700,1,0.30000000000000004,47244.10534667969,4700,1,0.3062499999999999,30264.392303466797,4700,1,0.3062499999999999,7275.082183837891,4700,1,0.3062499999999999,7164.393218994141,4700,1,0.3062499999999999,6754.985870361328,4700,1,0.3062499999999999,6972.967926025391,4700,1,0.3062499999999999,15882.889953613281,3007,3007,3007,3007,3007,3007,3007,3007,3007,3007,3007,3007,4690,4691,3007,3007,3007,4690,3007,3007,3007,3007,3007,4690,100,0,0,0,0,5,5.555555820465088,5,5,0,0,0,0,0,0,0,0,5.263157844543457,10,100,0,0,0,0,66481098752,12884893696,1695154176,0
99,1780596700712,58014.4905090332,4700,1,0.30000000000000004,6937.7431640625,4700,1,0.30000000000000004,6801.042465209961,4700,1,0.30000000000000004,12272.998168945313,4700,1,0.30000000000000004,45881.265533447266,4700,1,0.30000000000000004,38014.87646484375,4700,1,0.30000000000000004,47244.29978942871,4700,1,0.30000000000000004,30265.273330688477,4700,1,0.30000000000000004,7275.085266113281,4700,1,0.30000000000000004,7164.3963623046875,4700,1,0.30000000000000004,6754.988876342773,4700,1,0.30000000000000004,6972.971084594727,4700,1,0.30000000000000004,15888.373504638672,3007,3007,3007,3007,3007,3007,3007,3007,3007,3007,3007,3007,4690,4691,3007,3007,3007,4690,3007,3007,3007,3007,3007,4690,100,0,0,0,0,5,5.555555820465088,5,5,0,0,0,0,0,0,0,0,5.263157844543457,10,100,0,0,0,0,66481098752,12884893696,1691148288,0
99,1780596700812,58015.25997924805,4700,1,0.30000000000000004,6937.746246337891,4700,1,0.30000000000000004,6801.045547485352,4700,1,0.30000000000000004,12273.316009521484,4700,1,0.30000000000000004,45881.31588745117,4700,1,0.30000000000000004,38015.10322570801,4700,1,0.30000000000000004,47244.51530456543,4700,1,0.30000000000000004,30266.144989013672,4700,1,0.30000000000000004,7275.088317871094,4700,1,0.30000000000000004,7164.399475097656,4700,1,0.30000000000000004,6754.991836547852,4700,1,0.30000000000000004,6972.974197387695,4700,1,0.30000000000000004,15893.800338745117,3007,3007,3007,3007,3007,3007,3007,3007,3007,3007,3007,3007,4690,4691,3007,3007,3007,4690,3007,3007,3007,3007,3007,4690,100,0,0,0,0,10.526315689086914,5.263157844543457,0,4.761904716491699,5,0,0,0,0,0,0,0,10,10,100,0,0,0,0,66481098752,12884893696,1694158848,0
99,1780596700912,58016.02555847168,4700,1,0.3062499999999999,6937.749298095703,4700,1,0.3062499999999999,6801.048599243164,4700,1,0.3062499999999999,12273.564331054688,4700,1,0.3062499999999999,45881.53942871094,4700,1,0.3062499999999999,38015.33897399902,4700,1,0.3062499999999999,47244.74105834961,4700,1,0.3062499999999999,30267.021575927734,4700,1,0.3062499999999999,7275.091445922852,4700,1,0.3062499999999999,7164.402786254883,4700,1,0.3062499999999999,6754.994873046875,4700,1,0.3062499999999999,6972.977325439453,4700,1,0.3062499999999999,15899.337326049805,3007,3007,3007,3007,3007,3007,3007,3007,3007,3007,3007,3007,4690,4691,3007,3007,3007,4690,3007,3007,3007,3007,3007,4690,100,0,0,0,0,10.526315689086914,5.263157844543457,0,4.761904716491699,5,0,0,0,0,0,0,0,10,10,100,0,0,0,0,66481098752,12884893696,1695514624,0
99,1780596701012,58016.78872680664,4700,1,0.3062499999999999,6937.752380371094,4700,1,0.3062499999999999,6801.051681518555,4700,1,0.3062499999999999,12273.813735961914,4700,1,0.3062499999999999,45881.759017944336,4700,1,0.3062499999999999,38015.558197021484,4700,1,0.3062499999999999,47244.9793548584,4700,1,0.3062499999999999,30267.90264892578,4700,1,0.3062499999999999,7275.094528198242,4700,1,0.3062499999999999,7164.405868530273,4700,1,0.3062499999999999,6754.9979248046875,4700,1,0.3062499999999999,6972.980407714844,4700,1,0.3062499999999999,15904.905303955078,3007,3007,3007,3007,3007,3007,3007,3007,3007,3007,3007,3007,4690,4691,3007,3007,3007,4690,3007,3007,3007,3007,3007,4690,95.23809814453125,0,0,0,0,5,10,0,0,0,0,0,0,0,0,0,0,5,10.526315689086914,100,0,0,0,0,66481098752,12884893696,1698226176,0
99,1780596701112,58017.55810546875,4700,1,0.3062499999999999,6937.755462646484,4700,1,0.3062499999999999,6801.054763793945,4700,1,0.3062499999999999,12274.036926269531,4700,1,0.3062499999999999,45881.98762512207,4700,1,0.3062499999999999,38015.7978515625,4700,1,0.3062499999999999,47245.22401428223,4700,1,0.3062499999999999,30268.77914428711,4700,1,0.3062499999999999,7275.097610473633,4700,1,0.3062499999999999,7164.408950805664,4700,1,0.3062499999999999,6755.000991821289,4700,1,0.3062499999999999,6972.983489990234,4700,1,0.3062499999999999,15910.493865966797,3007,3007,3007,3007,3007,3007,3007,3007,3007,3007,3007,3007,4690,4691,3007,3007,3007,4690,3007,3007,3007,3007,3007,4690,95.23809814453125,0,0,0,0,5,10,0,0,0,0,0,0,0,0,0,0,5,10.526315689086914,100,0,0,0,0,66481098752,12884893696,1695842304,0
99,1780596701212,58018.358139038086,4700,1,0.30000000000000004,6937.758636474609,4700,1,0.3062499999999999,6801.057846069336,4700,1,0.3062499999999999,12274.189804077148,4700,1,0.30000000000000004,45882.20755004883,4700,1,0.3062499999999999,38016.08157348633,4700,1,0.3062499999999999,47245.46170043945,4700,1,0.3062499999999999,30269.665908813477,4700,1,0.3062499999999999,7275.10075378418,4700,1,0.3062499999999999,7164.412399291992,4700,1,0.3062499999999999,6755.0040283203125,4700,1,0.3062499999999999,6972.98664855957,4700,1,0.3062499999999999,15916.040649414063,3007,3007,3007,3007,3007,3007,3007,3007,3007,3007,3007,3007,4690,4691,3007,3007,3007,4690,3007,3007,3007,3007,3007,4690,100,9.090909004211426,0,0,5,5,15.000000953674316,9.523809432983398,9.090909004211426,5.263157844543457,0,0,0,0,0,0,0,9.523809432983398,19.047618865966797,100,0,0,0,0,66481098752,12884893696,1694838784,0
99,1780596701312,58019.13554382324,4700,1,0.30000000000000004,6937.761749267578,4700,1,0.3062499999999999,6801.060928344727,4700,1,0.3062499999999999,12274.438751220703,4700,1,0.30000000000000004,45882.364685058594,4700,1,0.30000000000000004,38016.409255981445,4700,1,0.30000000000000004,47245.528381347656,4700,1,0.30000000000000004,30270.552444458008,4700,1,0.30000000000000004,7275.103897094727,4700,1,0.30000000000000004,7164.416687011719,4700,1,0.30000000000000004,6755.007095336914,4700,1,0.3062499999999999,6972.989730834961,4700,1,0.3062499999999999,15921.504989624023,3007,3007,3007,3007,3007,3007,3007,3007,3007,3007,3007,3007,4690,4691,3007,3007,3007,4690,3007,3007,3007,3007,3007,4690,100,9.090909004211426,0,0,5,5,15.000000953674316,9.523809432983398,9.090909004211426,5.263157844543457,0,0,0,0,0,0,0,9.523809432983398,19.047618865966797,100,0,0,0,0,66481098752,12884893696,1695780864,0
99,1780596701412,58019.88464355469,4700,1,0.30000000000000004,6937.764831542969,4700,1,0.30000000000000004,6801.064010620117,4700,1,0.30000000000000004,12274.689071655273,4700,1,0.30000000000000004,45882.52540588379,4700,1,0.30000000000000004,38016.72041320801,4700,1,0.30000000000000004,47245.60380554199,4700,1,0.30000000000000004,30271.44317626953,4700,1,0.30000000000000004,7275.106979370117,4700,1,0.30000000000000004,7164.419830322266,4700,1,0.30000000000000004,6755.010147094727,4700,1,0.30000000000000004,6972.992874145508,4700,1,0.30000000000000004,15926.964462280273,3007,3007,3007,3007,3007,3007,3007,3007,3007,3007,3007,3007,4690,4691,3007,3007,3007,4690,3007,3007,3007,3007,3007,4690,94.73684692382813,0,0,0,0,0,0,5.555555820465088,5,14.285715103149414,0,0,0,0,0,0,0,10.526315689086914,0,100,0,0,0,0,66481098752,12884893696,1697628160,0
99,1780596701512,58020.668029785156,4700,1,0.30000000000000004,6937.767913818359,4700,1,0.30000000000000004,6801.067092895508,4700,1,0.30000000000000004,12274.912322998047,4700,1,0.30000000000000004,45882.68664550781,4700,1,0.30000000000000004,38016.933197021484,4700,1,0.30000000000000004,47245.87063598633,4700,1,0.30000000000000004,30272.324676513672,4700,1,0.30000000000000004,7275.11003112793,4700,1,0.30000000000000004,7164.422882080078,4700,1,0.30000000000000004,6755.013168334961,4700,1,0.30000000000000004,6972.995956420898,4700,1,0.30000000000000004,15932.475479125977,3007,3007,3007,3007,3007,3007,3007,3007,3007,3007,3007,3007,4690,4691,3007,3007,3007,4690,3007,3007,3007,3007,3007,4690,94.73684692382813,0,0,0,0,0,0,5.555555820465088,5,14.285715103149414,0,0,0,0,0,0,0,10.526315689086914,0,100,0,0,0,0,66481098752,12884893696,1699274752,0
99,1780596701612,58021.436111450195,4700,1,0.3062499999999999,6937.77099609375,4700,1,0.3062499999999999,6801.07014465332,4700,1,0.3062499999999999,12275.150772094727,4700,1,0.3062499999999999,45882.70567321777,4700,1,0.3062499999999999,38017.15818786621,4700,1,0.3062499999999999,47246.18753051758,4700,1,0.3062499999999999,30273.200561523438,4700,1,0.3062499999999999,7275.11311340332,4700,1,0.3062499999999999,7164.426086425781,4700,1,0.3062499999999999,6755.016250610352,4700,1,0.3062499999999999,6972.999008178711,4700,1,0.3062499999999999,15937.941131591797,3007,3007,3007,3007,3007,3007,3007,3007,3007,3007,3007,3007,4690,4691,3007,3007,3007,4690,3007,3007,3007,3007,3007,4690,95.23809814453125,0,0,0,0,10,9.090909004211426,0,10,5.263157844543457,0,0,4.761904716491699,0,0,0,0,18.18181800842285,0,100,0,0,0,0,66481098752,12884893696,1698545664,0
99,1780596701712,58022.204818725586,4700,1,0.3062499999999999,6937.774078369141,4700,1,0.3062499999999999,6801.073226928711,4700,1,0.3062499999999999,12275.262023925781,4700,1,0.3062499999999999,45882.8024597168,4700,1,0.3062499999999999,38017.40986633301,4700,1,0.3062499999999999,47246.513763427734,4700,1,0.3062499999999999,30274.081954956055,4700,1,0.3062499999999999,7275.116195678711,4700,1,0.3062499999999999,7164.436706542969,4700,1,0.3062499999999999,6755.019302368164,4700,1,0.3062499999999999,6973.002197265625,4700,1,0.3062499999999999,15943.460983276367,3007,3007,3007,3007,3007,3007,3007,3007,3007,3007,3007,3007,4690,4691,3007,3007,3007,4690,3007,3007,3007,3007,3007,4690,95.23809814453125,0,0,0,0,10,9.090909004211426,0,10,5.263157844543457,0,0,4.761904716491699,0,0,0,0,18.18181800842285,0,100,0,0,0,0,66481098752,12884893696,1697550336,0
99,1780596701812,58022.96566772461,4700,1,0.3062499999999999,6937.777160644531,4700,1,0.3062499999999999,6801.076309204102,4700,1,0.3062499999999999,12275.266525268555,4700,1,0.3062499999999999,45882.94465637207,4700,1,0.3062499999999999,38017.67442321777,4700,1,0.3062499999999999,47246.85202026367,4700,1,0.3062499999999999,30274.96742248535,4700,1,0.3062499999999999,7275.119277954102,4700,1,0.3062499999999999,7164.439788818359,4700,1,0.3062499999999999,6755.022369384766,4700,1,0.3062499999999999,6973.005279541016,4700,1,0.3062499999999999,15948.977310180664,3007,3007,3007,3007,3007,3007,3007,3007,3007,3007,3007,3007,4690,4691,3007,3007,3007,4690,3007,3007,3007,3007,3007,4690,95,0,0,0,0,0,0,0,11.111111640930176,5.263157844543457,0,0,0,0,0,0,0,5.263157844543457,15.000000953674316,100,0,0,0,0,66481098752,12884893696,1698140160,0
99,1780596701912,58023.72554016113,4700,1,0.30000000000000004,6937.780242919922,4700,1,0.3062499999999999,6801.079391479492,4700,1,0.3062499999999999,12275.271362304688,4700,1,0.30000000000000004,45883.101150512695,4700,1,0.30000000000000004,38017.940826416016,4700,1,0.30000000000000004,47247.18713378906,4700,1,0.30000000000000004,30275.852645874023,4700,1,0.30000000000000004,7275.122360229492,4700,1,0.3062499999999999,7164.442932128906,4700,1,0.3062499999999999,6755.025436401367,4700,1,0.3062499999999999,6973.008438110352,4700,1,0.3062499999999999,15954.476058959961,3007,3007,3007,3007,3007,3007,3007,3007,3007,3007,3007,3007,4690,4691,3007,3007,3007,4690,3007,3007,3007,3007,3007,4690,95,0,0,0,0,0,0,0,11.111111640930176,5.263157844543457,0,0,0,0,0,0,0,5.263157844543457,15.000000953674316,100,0,0,0,0,66481098752,12884893696,1699299328,0
99,1780596702012,58024.487045288086,4700,1,0.30000000000000004,6937.783355712891,4700,1,0.3062499999999999,6801.082473754883,4700,1,0.3062499999999999,12275.275848388672,4700,1,0.30000000000000004,45883.32261657715,4700,1,0.30000000000000004,38018.167724609375,4700,1,0.30000000000000004,47247.5234375,4700,1,0.30000000000000004,30276.73321533203,4700,1,0.30000000000000004,7275.125442504883,4700,1,0.30000000000000004,7164.446151733398,4700,1,0.30000000000000004,6755.028518676758,4700,1,0.30000000000000004,6973.011520385742,4700,1,0.3062499999999999,15959.978744506836,3007,3007,3007,3007,3007,3007,3007,3007,3007,3007,3007,3007,4690,4691,3007,3007,3007,4690,3007,3007,3007,3007,3007,4690,100,0,0,0,0,0,5,0,10.526315689086914,10.526315689086914,0,0,0,0,0,0,0,5,15.000000953674316,100,0,0,0,0,66481098752,12884893696,1697361920,0
99,1780596702112,58025.24069213867,4700,1,0.3062499999999999,6937.786437988281,4700,1,0.3062499999999999,6801.085556030273,4700,1,0.3062499999999999,12275.280532836914,4700,1,0.3062499999999999,45883.54286193848,4700,1,0.3062499999999999,38018.38725280762,4700,1,0.3062499999999999,47247.8624420166,4700,1,0.3062499999999999,30277.60450744629,4700,1,0.3062499999999999,7275.128524780273,4700,1,0.3062499999999999,7164.457733154297,4700,1,0.3062499999999999,6755.031539916992,4700,1,0.3062499999999999,6973.0146484375,4700,1,0.3062499999999999,15965.566986083984,3007,3007,3007,3007,3007,3007,3007,3007,3007,3007,3007,3007,4690,4691,3007,3007,3007,4690,3007,3007,3007,3007,3007,4690,100,0,0,0,0,0,5,0,10.526315689086914,10.526315689086914,0,0,0,0,0,0,0,5,15.000000953674316,100,0,0,0,0,66481098752,12884893696,1700913152,0
99,1780596702212,58026.00212097168,4700,1,0.30000000000000004,6937.789520263672,4700,1,0.30000000000000004,6801.088638305664,4700,1,0.30000000000000004,12275.28549194336,4700,1,0.30000000000000004,45883.758239746094,4700,1,0.30000000000000004,38018.61050415039,4700,1,0.30000000000000004,47248.21342468262,4700,1,0.30000000000000004,30278.487411499023,4700,1,0.30000000000000004,7275.131729125977,4700,1,0.30000000000000004,7164.4609375,4700,1,0.30000000000000004,6755.034561157227,4700,1,0.30000000000000004,6973.017776489258,4700,1,0.30000000000000004,15971.090560913086,3007,3007,3007,3007,3007,3007,3007,3007,3007,3007,3007,3007,4690,4691,3007,3007,3007,4690,3007,3007,3007,3007,3007,4690,95.23809814453125,0,0,0,0,0,14.285715103149414,0,20,10,0,0,0,0,0,0,0,10.526315689086914,5.263157844543457,100,0,0,0,0,66481098752,12884893696,1702854656,0
99,1780596702312,58026.765197753906,4700,1,0.30000000000000004,6937.792633056641,4700,1,0.30000000000000004,6801.091690063477,4700,1,0.30000000000000004,12275.289978027344,4700,1,0.30000000000000004,45883.9669342041,4700,1,0.30000000000000004,38018.83433532715,4700,1,0.30000000000000004,47248.561431884766,4700,1,0.30000000000000004,30279.37045288086,4700,1,0.30000000000000004,7275.134841918945,4700,1,0.30000000000000004,7164.464172363281,4700,1,0.30000000000000004,6755.037628173828,4700,1,0.30000000000000004,6973.020858764648,4700,1,0.30000000000000004,15976.507369995117,3007,3007,3007,3007,3007,3007,3007,3007,3007,3007,3007,3007,4690,4691,3007,3007,3007,4690,3007,3007,3007,3007,3007,4690,95.23809814453125,0,0,0,0,0,14.285715103149414,0,20,10,0,0,0,0,0,0,0,10.526315689086914,5.263157844543457,100,0,0,0,0,66481098752,12884893696,1701150720,0
99,1780596702412,58027.5295715332,4700,1,0.3062499999999999,6937.795761108398,4700,1,0.3062499999999999,6801.094818115234,4700,1,0.3062499999999999,12275.405517578125,4700,1,0.3062499999999999,45884.1008605957,4700,1,0.3062499999999999,38019.05551147461,4700,1,0.3062499999999999,47248.89872741699,4700,1,0.3062499999999999,30280.25015258789,4700,1,0.3062499999999999,7275.137954711914,4700,1,0.3062499999999999,7164.467468261719,4700,1,0.3062499999999999,6755.040740966797,4700,1,0.3062499999999999,6973.023986816406,4700,1,0.3062499999999999,15981.965576171875,3007,3007,3007,3007,3007,3007,3007,3007,3007,3007,3007,3007,4690,4691,3007,3007,3007,4690,3007,3007,3007,3007,3007,4690,95,0,0,0,0,0,5.263157844543457,0,10.526315689086914,0,0,0,0,0,0,0,0,21.7391300201416,0,100,0,0,0,0,66481098752,12884893696,1703624704,0
99,1780596702512,58028.29243469238,4700,1,0.3062499999999999,6937.798873901367,4700,1,0.3062499999999999,6801.097961425781,4700,1,0.3062499999999999,12275.601531982422,4700,1,0.3062499999999999,45884.1171875,4700,1,0.3062499999999999,38019.28205871582,4700,1,0.3062499999999999,47249.239669799805,4700,1,0.3062499999999999,30281.13121032715,4700,1,0.3062499999999999,7275.14111328125,4700,1,0.3062499999999999,7164.470657348633,4700,1,0.3062499999999999,6755.043884277344,4700,1,0.3062499999999999,6973.030715942383,4700,1,0.3062499999999999,15987.403579711914,3007,3007,3007,3007,3007,3007,3007,3007,3007,3007,3007,3007,4690,4691,3007,3007,3007,4690,3007,3007,3007,3007,3007,4690,95,0,0,0,0,0,5.263157844543457,0,10.526315689086914,0,0,0,0,0,0,0,0,21.7391300201416,0,100,0,0,0,0,66481098752,12884893696,1703260160,0
99,1780596702613,58029.05194091797,4700,1,0.3062499999999999,6937.812484741211,4700,1,0.3062499999999999,6801.101531982422,4700,1,0.3062499999999999,12275.819732666016,4700,1,0.3062499999999999,45884.13345336914,4700,1,0.3062499999999999,38019.49366760254,4700,1,0.3062499999999999,47249.534759521484,4700,1,0.3062499999999999,30282.0146484375,4700,1,0.3062499999999999,7275.1444091796875,4700,1,0.3062499999999999,7164.473907470703,4700,1,0.3062499999999999,6755.047119140625,4700,1,0.3062499999999999,6973.038177490234,4700,1,0.3062499999999999,15992.823608398438,3007,3007,3007,3007,3007,3007,3007,3007,3007,3007,3007,3007,4690,4691,3007,3007,3007,4690,3007,3007,3007,3007,3007,4690,95,5,0,0,0,0,0,0,15.789472579956055,10,0,0,0,0,0,0,0,0,5.263157844543457,100,0,0,0,0,66481098752,12884893696,1699975168,0
99,1780596702713,58029.81280517578,4700,1,0.30000000000000004,6937.815567016602,4700,1,0.3062499999999999,6801.1046142578125,4700,1,0.3062499999999999,12276.092498779297,4700,1,0.30000000000000004,45884.30960083008,4700,1,0.30000000000000004,38019.718505859375,4700,1,0.30000000000000004,47249.745697021484,4700,1,0.30000000000000004,30282.891647338867,4700,1,0.30000000000000004,7275.147552490234,4700,1,0.30000000000000004,7164.47705078125,4700,1,0.30000000000000004,6755.050186157227,4700,1,0.30000000000000004,6973.041351318359,4700,1,0.30000000000000004,15998.329544067383,3007,3007,3007,3007,3007,3007,3007,3007,3007,3007,3007,3007,4690,4691,3007,3007,3007,4690,3007,3007,3007,3007,3007,4690,95,5,0,0,0,0,0,0,15.789472579956055,10,0,0,0,0,0,0,0,0,5.263157844543457,100,0,0,0,0,66481098752,12884893696,1696792576,0
99,1780596702813,58030.563400268555,4700,1,0.30000000000000004,6937.81867980957,4700,1,0.30000000000000004,6801.107696533203,4700,1,0.30000000000000004,12276.343444824219,4700,1,0.30000000000000004,45884.55451965332,4700,1,0.30000000000000004,38019.94396972656,4700,1,0.30000000000000004,47249.94630432129,4700,1,0.30000000000000004,30283.770751953125,4700,1,0.30000000000000004,7275.150665283203,4700,1,0.30000000000000004,7164.486145019531,4700,1,0.30000000000000004,6755.053268432617,4700,1,0.30000000000000004,6973.04443359375,4700,1,0.30000000000000004,16003.950073242188,3007,3007,3007,3007,3007,3007,3007,3007,3007,3007,3007,3007,4690,4691,3007,3007,3007,4690,3007,3007,3007,3007,3007,4690,100,0,0,0,0,0,10.526315689086914,5.263157844543457,10,5.263157844543457,0,0,0,0,0,0,0,9.523809432983398,0,100,0,0,0,0,66481098752,12884893696,1698672640,0
99,1780596702913,58031.32164001465,4700,1,0.30000000000000004,6937.821762084961,4700,1,0.30000000000000004,6801.110778808594,4700,1,0.30000000000000004,12276.566101074219,4700,1,0.30000000000000004,45884.77973937988,4700,1,0.30000000000000004,38020.19599914551,4700,1,0.30000000000000004,47250.1653137207,4700,1,0.30000000000000004,30284.644073486328,4700,1,0.30000000000000004,7275.153717041016,4700,1,0.30000000000000004,7164.489227294922,4700,1,0.30000000000000004,6755.056350708008,4700,1,0.30000000000000004,6973.047515869141,4700,1,0.30000000000000004,16009.494018554688,3007,3007,3007,3007,3007,3007,3007,3007,3007,3007,3007,3007,4690,4691,3007,3007,3007,4690,3007,3007,3007,3007,3007,4690,100,0,0,0,0,0,10.526315689086914,5.263157844543457,10,5.263157844543457,0,0,0,0,0,0,0,9.523809432983398,0,100,0,0,0,0,66481098752,12884893696,1699454976,0
99,1780596703013,58032.07760620117,4700,1,0.3062499999999999,6937.824813842773,4700,1,0.3062499999999999,6801.113830566406,4700,1,0.3062499999999999,12276.784255981445,4700,1,0.3062499999999999,45885.02099609375,4700,1,0.3062499999999999,38020.43962097168,4700,1,0.3062499999999999,47250.393310546875,4700,1,0.3062499999999999,30285.526473999023,4700,1,0.3062499999999999,7275.156845092773,4700,1,0.3062499999999999,7164.49235534668,4700,1,0.3062499999999999,6755.05940246582,4700,1,0.3062499999999999,6973.050643920898,4700,1,0.3062499999999999,16015.009216308594,3007,3007,3007,3007,3007,3007,3007,3007,3007,3007,3007,3007,4690,4691,3007,3007,3007,4690,3007,3007,3007,3007,3007,4690,95,0,0,0,0,5.263157844543457,10.526315689086914,5,5.555555820465088,10,0,0,0,0,0,0,0,0,0,100,0,0,0,0,66481098752,12884893696,1700888576,0
99,1780596703113,58032.838806152344,4700,1,0.30000000000000004,6937.827911376953,4700,1,0.30000000000000004,6801.116912841797,4700,1,0.30000000000000004,12277.092300415039,4700,1,0.30000000000000004,45885.24252319336,4700,1,0.30000000000000004,38020.564865112305,4700,1,0.30000000000000004,47250.61413574219,4700,1,0.30000000000000004,30286.406707763672,4700,1,0.30000000000000004,7275.159927368164,4700,1,0.30000000000000004,7164.49543762207,4700,1,0.30000000000000004,6755.062484741211,4700,1,0.30000000000000004,6973.053726196289,4700,1,0.30000000000000004,16020.521667480469,3007,3007,3007,3007,3007,3007,3007,3007,3007,3007,3007,3007,4690,4691,3007,3007,3007,4690,3007,3007,3007,3007,3007,4690,95,0,0,0,0,5.263157844543457,10.526315689086914,5,5.555555820465088,10,0,0,0,0,0,0,0,0,0,100,0,0,0,0,66481098752,12884893696,1701244928,0
99,1780596703213,58033.60404968262,4700,1,0.3062499999999999,6937.8310546875,4700,1,0.3062499999999999,6801.1199951171875,4700,1,0.3062499999999999,12277.432968139648,4700,1,0.3062499999999999,45885.4619140625,4700,1,0.3062499999999999,38020.57118225098,4700,1,0.3062499999999999,47250.80517578125,4700,1,0.3062499999999999,30287.283813476563,4700,1,0.3062499999999999,7275.163040161133,4700,1,0.3062499999999999,7164.498825073242,4700,1,0.3062499999999999,6755.065567016602,4700,1,0.3062499999999999,6973.056884765625,4700,1,0.3062499999999999,16025.9169921875,3007,3007,3007,3007,3007,3007,3007,3007,3007,3007,3007,3007,4690,4691,3007,3007,3007,4690,3007,3007,3007,3007,3007,4690,95,15.000000953674316,0,0,0,0,10,0,10,10,0,0,0,0,0,0,0,0,0,100,0,0,0,0,66481098752,12884893696,1697218560,0
99,1780596703313,58034.37356567383,4700,1,0.30000000000000004,6937.834167480469,4700,1,0.3062499999999999,6801.123077392578,4700,1,0.3062499999999999,12277.752960205078,4700,1,0.30000000000000004,45885.69136047363,4700,1,0.30000000000000004,38020.61787414551,4700,1,0.30000000000000004,47251.002212524414,4700,1,0.30000000000000004,30288.162231445313,4700,1,0.30000000000000004,7275.166152954102,4700,1,0.3062499999999999,7164.502105712891,4700,1,0.3062499999999999,6755.068649291992,4700,1,0.3062499999999999,6973.059967041016,4700,1,0.3062499999999999,16031.390029907227,3007,3007,3007,3007,3007,3007,3007,3007,3007,3007,3007,3007,4690,4691,3007,3007,3007,4690,3007,3007,3007,3007,3007,4690,95,15.000000953674316,0,0,0,0,10,0,10,10,0,0,0,0,0,0,0,0,0,100,0,0,0,0,66481098752,12884893696,1697542144,0
99,1780596703413,58035.143493652344,4700,1,0.30000000000000004,6937.837341308594,4700,1,0.3062499999999999,6801.126251220703,4700,1,0.3062499999999999,12278.001495361328,4700,1,0.30000000000000004,45885.93315124512,4700,1,0.30000000000000004,38020.843811035156,4700,1,0.30000000000000004,47251.21612548828,4700,1,0.30000000000000004,30289.03955078125,4700,1,0.30000000000000004,7275.16926574707,4700,1,0.3062499999999999,7164.505187988281,4700,1,0.3062499999999999,6755.071731567383,4700,1,0.3062499999999999,6973.063140869141,4700,1,0.3062499999999999,16036.962844848633,3007,3007,3007,3007,3007,3007,3007,3007,3007,3007,3007,3007,4690,4691,3007,3007,3007,4690,3007,3007,3007,3007,3007,4690,100,5,0,0,0,5,15.000000953674316,5,0,0,0,0,0,0,0,0,0,5,0,100,0,0,0,0,66481098752,12884893696,1694494720,0
99,1780596703513,58035.90725708008,4700,1,0.3062499999999999,6937.840423583984,4700,1,0.3062499999999999,6801.12939453125,4700,1,0.3062499999999999,12278.245391845703,4700,1,0.3062499999999999,45886.150146484375,4700,1,0.3062499999999999,38021.06854248047,4700,1,0.3062499999999999,47251.438400268555,4700,1,0.3062499999999999,30289.911224365234,4700,1,0.3062499999999999,7275.172348022461,4700,1,0.3062499999999999,7164.508331298828,4700,1,0.3062499999999999,6755.074859619141,4700,1,0.3062499999999999,6973.0662841796875,4700,1,0.3062499999999999,16042.58268737793,3007,3007,3007,3007,3007,3007,3007,3007,3007,3007,3007,3007,4690,4691,3007,3007,3007,4690,3007,3007,3007,3007,3007,4690,100,5,0,0,0,5,15.000000953674316,5,0,0,0,0,0,0,0,0,0,5,0,100,0,0,0,0,66481098752,12884893696,1692979200,0
99,1780596703613,58036.6729888916,4700,1,0.30000000000000004,6937.843505859375,4700,1,0.30000000000000004,6801.132476806641,4700,1,0.30000000000000004,12278.445571899414,4700,1,0.30000000000000004,45886.41062927246,4700,1,0.30000000000000004,38021.30776977539,4700,1,0.30000000000000004,47251.65641784668,4700,1,0.30000000000000004,30290.790786743164,4700,1,0.30000000000000004,7275.17546081543,4700,1,0.30000000000000004,7164.51155090332,4700,1,0.30000000000000004,6755.077896118164,4700,1,0.30000000000000004,6973.0693359375,4700,1,0.30000000000000004,16048.156860351563,3007,3007,3007,3007,3007,3007,3007,3007,3007,3007,3007,3007,4690,4691,3007,3007,3007,4690,3007,3007,3007,3007,3007,4690,95,15.000000953674316,0,0,0,0,0,0,10.526315689086914,0,0,0,0,0,0,0,0,5.555555820465088,0,100,0,0,0,0,66481098752,12884893696,1694806016,0
99,1780596703713,58037.44819641113,4700,1,0.30000000000000004,6937.8465576171875,4700,1,0.30000000000000004,6801.135528564453,4700,1,0.30000000000000004,12278.599487304688,4700,1,0.30000000000000004,45886.68664550781,4700,1,0.30000000000000004,38021.59071350098,4700,1,0.30000000000000004,47251.792541503906,4700,1,0.30000000000000004,30291.65528869629,4700,1,0.30000000000000004,7275.178558349609,4700,1,0.30000000000000004,7164.516220092773,4700,1,0.30000000000000004,6755.080963134766,4700,1,0.30000000000000004,6973.072494506836,4700,1,0.30000000000000004,16053.633880615234,3007,3007,3007,3007,3007,3007,3007,3007,3007,3007,3007,3007,4690,4691,3007,3007,3007,4690,3007,3007,3007,3007,3007,4690,95,15.000000953674316,0,0,0,0,0,0,10.526315689086914,0,0,0,0,0,0,0,0,5.555555820465088,0,100,0,0,0,0,66481098752,12884893696,1695518720,0
99,1780596703813,58038.22732543945,4700,1,0.3062499999999999,6937.849639892578,4700,1,0.3062499999999999,6801.138610839844,4700,1,0.3062499999999999,12278.837631225586,4700,1,0.3062499999999999,45886.93049621582,4700,1,0.3062499999999999,38021.85939025879,4700,1,0.3062499999999999,47251.91192626953,4700,1,0.3062499999999999,30292.514190673828,4700,1,0.3062499999999999,7275.181640625,4700,1,0.3062499999999999,7164.519302368164,4700,1,0.3062499999999999,6755.083999633789,4700,1,0.3062499999999999,6973.075576782227,4700,1,0.3062499999999999,16059.199356079102,3007,3007,3007,3007,3007,3007,3007,3007,3007,3007,3007,3007,4690,4691,3007,3007,3007,4690,3007,3007,3007,3007,3007,4690,100,0,0,0,0,5,10,15.789472579956055,9.523809432983398,0,0,0,10,0,0,0,0,0,0,100,0,0,0,0,66481098752,12884893696,1691365376,0
99,1780596703913,58038.998123168945,4700,1,0.3062499999999999,6937.852722167969,4700,1,0.3062499999999999,6801.141693115234,4700,1,0.3062499999999999,12279.080871582031,4700,1,0.3062499999999999,45887.20236206055,4700,1,0.3062499999999999,38022.05978393555,4700,1,0.3062499999999999,47252.10369873047,4700,1,0.3062499999999999,30293.38265991211,4700,1,0.3062499999999999,7275.184753417969,4700,1,0.3062499999999999,7164.522415161133,4700,1,0.3062499999999999,6755.08708190918,4700,1,0.3062499999999999,6973.078659057617,4700,1,0.3062499999999999,16064.806289672852,3007,3007,3007,3007,3007,3007,3007,3007,3007,3007,3007,3007,4690,4691,3007,3007,3007,4690,3007,3007,3007,3007,3007,4690,100,0,0,0,0,5,10,15.789472579956055,9.523809432983398,0,0,0,10,0,0,0,0,0,0,100,0,0,0,0,66481098752,12884893696,1695076352,0
99,1780596704013,58039.76629638672,4700,1,0.30000000000000004,6937.855804443359,4700,1,0.3062499999999999,6801.144775390625,4700,1,0.3062499999999999,12279.222610473633,4700,1,0.30000000000000004,45887.537017822266,4700,1,0.30000000000000004,38022.321197509766,4700,1,0.30000000000000004,47252.13319396973,4700,1,0.3062499999999999,30294.261993408203,4700,1,0.3062499999999999,7275.1878662109375,4700,1,0.3062499999999999,7164.525726318359,4700,1,0.3062499999999999,6755.09016418457,4700,1,0.3062499999999999,6973.081817626953,4700,1,0.3062499999999999,16070.232177734375,3007,3007,3007,3007,3007,3007,3007,3007,3007,3007,3007,3007,4690,4691,3007,3007,3007,4690,3007,3007,3007,3007,3007,4690,95.23809814453125,0,0,0,0,0,10.526315689086914,5.263157844543457,0,5.263157844543457,0,0,15.789472579956055,0,0,0,0,0,0,100,0,0,0,0,66481098752,12884893696,1696219136,0
99,1780596704113,58040.531661987305,4700,1,0.30000000000000004,6937.85888671875,4700,1,0.3062499999999999,6801.147857666016,4700,1,0.3062499999999999,12279.389907836914,4700,1,0.30000000000000004,45887.8690032959,4700,1,0.30000000000000004,38022.58036804199,4700,1,0.30000000000000004,47252.13716125488,4700,1,0.30000000000000004,30295.137115478516,4700,1,0.30000000000000004,7275.190948486328,4700,1,0.30000000000000004,7164.52880859375,4700,1,0.30000000000000004,6755.093246459961,4700,1,0.30000000000000004,6973.084899902344,4700,1,0.30000000000000004,16075.667098999023,3007,3007,3007,3007,3007,3007,3007,3007,3007,3007,3007,3007,4690,4691,3007,3007,3007,4690,3007,3007,3007,3007,3007,4690,95.23809814453125,0,0,0,0,0,10.526315689086914,5.263157844543457,0,5.263157844543457,0,0,15.789472579956055,0,0,0,0,0,0,100,0,0,0,0,66481098752,12884893696,1700179968,0
99,1780596704213,58041.303787231445,4700,1,0.30000000000000004,6937.862045288086,4700,1,0.30000000000000004,6801.150939941406,4700,1,0.30000000000000004,12279.565322875977,4700,1,0.30000000000000004,45888.186111450195,4700,1,0.30000000000000004,38022.83027648926,4700,1,0.30000000000000004,47252.141357421875,4700,1,0.30000000000000004,30296.00244140625,4700,1,0.30000000000000004,7275.194122314453,4700,1,0.30000000000000004,7164.532043457031,4700,1,0.30000000000000004,6755.0963134765625,4700,1,0.30000000000000004,6973.08805847168,4700,1,0.30000000000000004,16081.129318237305,3007,3007,3007,3007,3007,3007,3007,3007,3007,3007,3007,3007,4690,4691,3007,3007,3007,4690,3007,3007,3007,3007,3007,4690,100,0,0,0,0,9.523809432983398,15.000000953674316,5,0,5,0,0,15.789472579956055,0,0,0,0,0,0,100,0,0,0,0,66481098752,12884893696,1701957632,0
99,1780596704313,58042.076721191406,4700,1,0.3062499999999999,6937.865127563477,4700,1,0.3062499999999999,6801.154022216797,4700,1,0.3062499999999999,12279.754989624023,4700,1,0.3062499999999999,45888.36344909668,4700,1,0.3062499999999999,38023.11996459961,4700,1,0.3062499999999999,47252.28877258301,4700,1,0.3062499999999999,30296.874908447266,4700,1,0.3062499999999999,7275.197204589844,4700,1,0.3062499999999999,7164.535263061523,4700,1,0.3062499999999999,6755.09928894043,4700,1,0.3062499999999999,6973.091110229492,4700,1,0.3062499999999999,16086.606552124023,3007,3007,3007,3007,3007,3007,3007,3007,3007,3007,3007,3007,4690,4691,3007,3007,3007,4690,3007,3007,3007,3007,3007,4690,100,0,0,0,0,9.523809432983398,15.000000953674316,5,0,5,0,0,15.789472579956055,0,0,0,0,0,0,100,0,0,0,0,66481098752,12884893696,1699753984,0
99,1780596704414,58042.8469543457,4700,1,0.3062499999999999,6937.868270874023,4700,1,0.3062499999999999,6801.1571044921875,4700,1,0.3062499999999999,12279.989303588867,4700,1,0.3062499999999999,45888.36686706543,4700,1,0.3062499999999999,38023.45883178711,4700,1,0.3062499999999999,47252.50439453125,4700,1,0.3062499999999999,30297.749893188477,4700,1,0.3062499999999999,7275.200286865234,4700,1,0.3062499999999999,7164.538513183594,4700,1,0.3062499999999999,6755.102340698242,4700,1,0.3062499999999999,6973.094223022461,4700,1,0.3062499999999999,16092.086730957031,3007,3007,3007,3007,3007,3007,3007,3007,3007,3007,3007,3007,4690,4691,3007,3007,3007,4690,3007,3007,3007,3007,3007,4690,100,10.526315689086914,0,0,0,4.761904716491699,14.285715103149414,0,10,5,0,0,0,0,0,0,0,10,0,100,0,0,0,0,66481098752,12884893696,1701617664,0
99,1780596704514,58043.61897277832,4700,1,0.3062499999999999,6937.871322631836,4700,1,0.3062499999999999,6801.16015625,4700,1,0.3062499999999999,12280.191436767578,4700,1,0.3062499999999999,45888.548767089844,4700,1,0.3062499999999999,38023.77375793457,4700,1,0.3062499999999999,47252.68231201172,4700,1,0.3062499999999999,30298.61669921875,4700,1,0.3062499999999999,7275.203369140625,4700,1,0.3062499999999999,7164.541641235352,4700,1,0.3062499999999999,6755.1053466796875,4700,1,0.3062499999999999,6973.097351074219,4700,1,0.3062499999999999,16097.58757019043,3007,3007,3007,3007,3007,3007,3007,3007,3007,3007,3007,3007,4690,4691,3007,3007,3007,4690,3007,3007,3007,3007,3007,4690,100,10.526315689086914,0,0,0,4.761904716491699,14.285715103149414,0,10,5,0,0,0,0,0,0,0,10,0,100,0,0,0,0,66481098752,12884893696,1703579648,0
99,1780596704614,58044.403396606445,4700,1,0.30000000000000004,6937.874404907227,4700,1,0.30000000000000004,6801.163238525391,4700,1,0.30000000000000004,12280.376342773438,4700,1,0.30000000000000004,45888.74803161621,4700,1,0.30000000000000004,38023.96952819824,4700,1,0.30000000000000004,47252.95741271973,4700,1,0.30000000000000004,30299.493545532227,4700,1,0.30000000000000004,7275.206451416016,4700,1,0.30000000000000004,7164.544723510742,4700,1,0.30000000000000004,6755.108383178711,4700,1,0.30000000000000004,6973.100433349609,4700,1,0.30000000000000004,16103.166793823242,3007,3007,3007,3007,3007,3007,3007,3007,3007,3007,3007,3007,4690,4691,3007,3007,3007,4690,3007,3007,3007,3007,3007,4690,95.45454406738281,5.263157844543457,0,0,4.761904716491699,0,0,5.263157844543457,10,0,0,0,5.263157844543457,0,0,0,0,10,0,100,0,0,0,0,66481098752,12884893696,1701289984,0
99,1780596704714,58045.17353820801,4700,1,0.30000000000000004,6937.877517700195,4700,1,0.3062499999999999,6801.166320800781,4700,1,0.3062499999999999,12280.482131958008,4700,1,0.30000000000000004,45888.96545410156,4700,1,0.30000000000000004,38024.21545410156,4700,1,0.3062499999999999,47253.200775146484,4700,1,0.3062499999999999,30300.362228393555,4700,1,0.3062499999999999,7275.209533691406,4700,1,0.3062499999999999,7164.547958374023,4700,1,0.3062499999999999,6755.111434936523,4700,1,0.3062499999999999,6973.103576660156,4700,1,0.3062499999999999,16108.712875366211,3007,3007,3007,3007,3007,3007,3007,3007,3007,3007,3007,3007,4690,4691,3007,3007,3007,4690,3007,3007,3007,3007,3007,4690,95.45454406738281,5.263157844543457,0,0,4.761904716491699,0,0,5.263157844543457,10,0,0,0,5.263157844543457,0,0,0,0,10,0,100,0,0,0,0,66481098752,12884893696,1702711296,0
99,1780596704814,58045.94444274902,4700,1,0.30000000000000004,6937.880599975586,4700,1,0.3062499999999999,6801.169403076172,4700,1,0.3062499999999999,12280.579895019531,4700,1,0.30000000000000004,45889.20120239258,4700,1,0.30000000000000004,38024.54914855957,4700,1,0.30000000000000004,47253.331604003906,4700,1,0.30000000000000004,30301.233840942383,4700,1,0.30000000000000004,7275.212646484375,4700,1,0.30000000000000004,7164.556076049805,4700,1,0.30000000000000004,6755.114501953125,4700,1,0.3062499999999999,6973.106689453125,4700,1,0.3062499999999999,16114.216384887695,3007,3007,3007,3007,3007,3007,3007,3007,3007,3007,3007,3007,4690,4691,3007,3007,3007,4690,3007,3007,3007,3007,3007,4690,100,0,0,0,0,0,10.526315689086914,0,5.263157844543457,9.523809432983398,0,0,0,0,0,0,0,5.555555820465088,0,100,0,0,0,0,66481098752,12884893696,1703047168,0
99,1780596704914,58046.705963134766,4700,1,0.30000000000000004,6937.883682250977,4700,1,0.30000000000000004,6801.1724853515625,4700,1,0.3062499999999999,12280.78433227539,4700,1,0.30000000000000004,45889.411209106445,4700,1,0.30000000000000004,38024.89839172363,4700,1,0.30000000000000004,47253.33631896973,4700,1,0.30000000000000004,30302.109130859375,4700,1,0.30000000000000004,7275.215728759766,4700,1,0.30000000000000004,7164.559158325195,4700,1,0.30000000000000004,6755.117599487305,4700,1,0.30000000000000004,6973.109802246094,4700,1,0.30000000000000004,16119.671127319336,3007,3007,3007,3007,3007,3007,3007,3007,3007,3007,3007,3007,4690,4691,3007,3007,3007,4690,3007,3007,3007,3007,3007,4690,100,0,0,0,0,0,10.526315689086914,0,5.263157844543457,9.523809432983398,0,0,0,0,0,0,0,5.555555820465088,0,100,0,0,0,0,66481098752,12884893696,1701994496,0
99,1780596705014,58047.47282409668,4700,1,0.30000000000000004,6937.886764526367,4700,1,0.30000000000000004,6801.175567626953,4700,1,0.30000000000000004,12281.01107788086,4700,1,0.30000000000000004,45889.62841796875,4700,1,0.30000000000000004,38025.14224243164,4700,1,0.30000000000000004,47253.56684875488,4700,1,0.30000000000000004,30302.982711791992,4700,1,0.30000000000000004,7275.218811035156,4700,1,0.30000000000000004,7164.562301635742,4700,1,0.30000000000000004,6755.120666503906,4700,1,0.30000000000000004,6973.112945556641,4700,1,0.30000000000000004,16125.204635620117,3007,3007,3007,3007,3007,3007,3007,3007,3007,3007,3007,3007,4690,4691,3007,3007,3007,4690,3007,3007,3007,3007,3007,4690,100,0,0,0,0,15.000000953674316,13.636363983154297,10,0,0,0,0,5,0,0,0,0,10,5,100,0,0,0,0,66481098752,12884893696,1699966976,0
99,1780596705114,58048.238845825195,4700,1,0.30000000000000004,6937.889846801758,4700,1,0.30000000000000004,6801.178649902344,4700,1,0.30000000000000004,12281.173767089844,4700,1,0.30000000000000004,45889.92639160156,4700,1,0.30000000000000004,38025.27168273926,4700,1,0.30000000000000004,47253.824447631836,4700,1,0.30000000000000004,30303.84474182129,4700,1,0.30000000000000004,7275.221862792969,4700,1,0.30000000000000004,7164.565521240234,4700,1,0.30000000000000004,6755.123718261719,4700,1,0.30000000000000004,6973.115997314453,4700,1,0.30000000000000004,16130.694305419922,3007,3007,3007,3007,3007,3007,3007,3007,3007,3007,3007,3007,4690,4691,3007,3007,3007,4690,3007,3007,3007,3007,3007,4690,100,0,0,0,0,15.000000953674316,13.636363983154297,10,0,0,0,0,5,0,0,0,0,10,5,100,0,0,0,0,66481098752,12884893696,1700503552,0
99,1780596705214,58049.04151916504,4700,1,0.3062499999999999,6937.892959594727,4700,1,0.3062499999999999,6801.181701660156,4700,1,0.3062499999999999,12281.386947631836,4700,1,0.3062499999999999,45890.168716430664,4700,1,0.3062499999999999,38025.49189758301,4700,1,0.3062499999999999,47253.99151611328,4700,1,0.3062499999999999,30304.724197387695,4700,1,0.3062499999999999,7275.225067138672,4700,1,0.3062499999999999,7164.568771362305,4700,1,0.3062499999999999,6755.12678527832,4700,1,0.3062499999999999,6973.119155883789,4700,1,0.3062499999999999,16136.151870727539,3007,3007,3007,3007,3007,3007,3007,3007,3007,3007,3007,3007,4690,4691,3007,3007,3007,4690,3007,3007,3007,3007,3007,4690,94.73684692382813,0,0,0,0,5.263157844543457,10.526315689086914,0,0,0,0,0,10,0,0,0,0,0,0,100,0,0,0,0,66481098752,12884893696,1702002688,0
99,1780596705314,58049.88818359375,4700,1,0.3062499999999999,6937.896072387695,4700,1,0.3062499999999999,6801.184783935547,4700,1,0.3062499999999999,12281.626861572266,4700,1,0.3062499999999999,45890.3889465332,4700,1,0.3062499999999999,38025.73277282715,4700,1,0.3062499999999999,47253.99607849121,4700,1,0.3062499999999999,30305.61994934082,4700,1,0.3062499999999999,7275.228179931641,4700,1,0.3062499999999999,7164.572036743164,4700,1,0.3062499999999999,6755.129867553711,4700,1,0.3062499999999999,6973.12223815918,4700,1,0.3062499999999999,16141.561599731445,3007,3007,3007,3007,3007,3007,3007,3007,3007,3007,3007,3007,4690,4691,3007,3007,3007,4690,3007,3007,3007,3007,3007,4690,94.73684692382813,0,0,0,0,5.263157844543457,10.526315689086914,0,0,0,0,0,10,0,0,0,0,0,0,100,0,0,0,0,66481098752,12884893696,1700638720,0
99,1780596705414,58050.72276306152,4700,1,0.3062499999999999,6937.899185180664,4700,1,0.3062499999999999,6801.1878662109375,4700,1,0.3062499999999999,12281.844131469727,4700,1,0.3062499999999999,45890.585205078125,4700,1,0.3062499999999999,38026.02911376953,4700,1,0.3062499999999999,47254.04591369629,4700,1,0.3062499999999999,30306.51448059082,4700,1,0.3062499999999999,7275.231262207031,4700,1,0.3062499999999999,7164.575119018555,4700,1,0.3062499999999999,6755.132949829102,4700,1,0.3062499999999999,6973.125396728516,4700,1,0.3062499999999999,16146.99429321289,3007,3007,3007,3007,3007,3007,3007,3007,3007,3007,3007,3007,4690,4691,3007,3007,3007,4690,3007,3007,3007,3007,3007,4690,100,0,0,0,9.523809432983398,9.523809432983398,5.263157844543457,14.285715103149414,0,10.526315689086914,0,0,0,0,0,0,0,5.263157844543457,0,100,0,0,0,0,66481098752,12884893696,1702707200,0
99,1780596705514,58051.51431274414,4700,1,0.30000000000000004,6937.902267456055,4700,1,0.3062499999999999,6801.190948486328,4700,1,0.3062499999999999,12282.034851074219,4700,1,0.30000000000000004,45890.807846069336,4700,1,0.30000000000000004,38026.279235839844,4700,1,0.30000000000000004,47254.274810791016,4700,1,0.30000000000000004,30307.392517089844,4700,1,0.30000000000000004,7275.234375,4700,1,0.30000000000000004,7164.5784912109375,4700,1,0.30000000000000004,6755.136032104492,4700,1,0.30000000000000004,6973.128570556641,4700,1,0.3062499999999999,16152.552276611328,3007,3007,3007,3007,3007,3007,3007,3007,3007,3007,3007,3007,4690,4691,3007,3007,3007,4690,3007,3007,3007,3007,3007,4690,100,0,0,0,9.523809432983398,9.523809432983398,5.263157844543457,14.285715103149414,0,10.526315689086914,0,0,0,0,0,0,0,5.263157844543457,0,100,0,0,0,0,66481098752,12884893696,1705193472,0
99,1780596705614,58052.28387451172,4700,1,0.30000000000000004,6937.905349731445,4700,1,0.30000000000000004,6801.194030761719,4700,1,0.30000000000000004,12282.34634399414,4700,1,0.30000000000000004,45890.886138916016,4700,1,0.30000000000000004,38026.50428771973,4700,1,0.30000000000000004,47254.48910522461,4700,1,0.30000000000000004,30308.276275634766,4700,1,0.30000000000000004,7275.237457275391,4700,1,0.30000000000000004,7164.581573486328,4700,1,0.30000000000000004,6755.139114379883,4700,1,0.30000000000000004,6973.131652832031,4700,1,0.30000000000000004,16158.054107666016,3007,3007,3007,3007,3007,3007,3007,3007,3007,3007,3007,3007,4690,4691,3007,3007,3007,4690,3007,3007,3007,3007,3007,4690,95,13.636363983154297,0,0,0,5,9.523809432983398,0,0,10,0,0,5,0,0,0,0,0,10,100,0,0,0,0,66481098752,12884893696,1708208128,0
99,1780596705714,58053.046325683594,4700,1,0.30000000000000004,6937.908432006836,4700,1,0.30000000000000004,6801.197113037109,4700,1,0.30000000000000004,12282.617065429688,4700,1,0.30000000000000004,45891.08250427246,4700,1,0.30000000000000004,38026.728576660156,4700,1,0.30000000000000004,47254.70002746582,4700,1,0.30000000000000004,30309.144912719727,4700,1,0.30000000000000004,7275.240509033203,4700,1,0.30000000000000004,7164.584808349609,4700,1,0.30000000000000004,6755.142166137695,4700,1,0.30000000000000004,6973.134780883789,4700,1,0.30000000000000004,16163.632217407227,3007,3007,3007,3007,3007,3007,3007,3007,3007,3007,3007,3007,4690,4691,3007,3007,3007,4690,3007,3007,3007,3007,3007,4690,95,13.636363983154297,0,0,0,5,9.523809432983398,0,0,10,0,0,5,0,0,0,0,0,10,100,0,0,0,0,66481098752,12884893696,1707474944,0
99,1780596705814,58053.81106567383,4700,1,0.30000000000000004,6937.911514282227,4700,1,0.30000000000000004,6801.2001953125,4700,1,0.30000000000000004,12282.834884643555,4700,1,0.30000000000000004,45891.308334350586,4700,1,0.30000000000000004,38026.957443237305,4700,1,0.30000000000000004,47254.94418334961,4700,1,0.30000000000000004,30310.020278930664,4700,1,0.30000000000000004,7275.243591308594,4700,1,0.30000000000000004,7164.587890625,4700,1,0.30000000000000004,6755.145248413086,4700,1,0.30000000000000004,6973.137893676758,4700,1,0.30000000000000004,16169.172134399414,3007,3007,3007,3007,3007,3007,3007,3007,3007,3007,3007,3007,4690,4691,3007,3007,3007,4690,3007,3007,3007,3007,3007,4690,100,5,0,0,0,0,10.526315689086914,14.285715103149414,4.761904716491699,0,0,0,0,0,0,0,0,0,14.285715103149414,100,0,0,0,0,66481098752,12884893696,1706647552,0
99,1780596705914,58054.57188415527,4700,1,0.3062499999999999,6937.914611816406,4700,1,0.3062499999999999,6801.203277587891,4700,1,0.3062499999999999,12283.089401245117,4700,1,0.3062499999999999,45891.55439758301,4700,1,0.3062499999999999,38027.15739440918,4700,1,0.3062499999999999,47255.17497253418,4700,1,0.3062499999999999,30310.897491455078,4700,1,0.3062499999999999,7275.2467041015625,4700,1,0.3062499999999999,7164.591094970703,4700,1,0.3062499999999999,6755.148330688477,4700,1,0.3062499999999999,6973.14094543457,4700,1,0.3062499999999999,16174.668365478516,3007,3007,3007,3007,3007,3007,3007,3007,3007,3007,3007,3007,4690,4691,3007,3007,3007,4690,3007,3007,3007,3007,3007,4690,100,5,0,0,0,0,10.526315689086914,14.285715103149414,4.761904716491699,0,0,0,0,0,0,0,0,0,14.285715103149414,100,0,0,0,0,66481098752,12884893696,1705492480,0
99,1780596706014,58055.350494384766,4700,1,0.3062499999999999,6937.917694091797,4700,1,0.3062499999999999,6801.206359863281,4700,1,0.3062499999999999,12283.331436157227,4700,1,0.3062499999999999,45891.84063720703,4700,1,0.3062499999999999,38027.375411987305,4700,1,0.3062499999999999,47255.38493347168,4700,1,0.3062499999999999,30311.749252319336,4700,1,0.3062499999999999,7275.249786376953,4700,1,0.3062499999999999,7164.59423828125,4700,1,0.3062499999999999,6755.151382446289,4700,1,0.3062499999999999,6973.144088745117,4700,1,0.3062499999999999,16180.243103027344,3007,3007,3007,3007,3007,3007,3007,3007,3007,3007,3007,3007,4690,4691,3007,3007,3007,4690,3007,3007,3007,3007,3007,4690,95,0,0,0,0,0,19.047618865966797,5,0,9.523809432983398,0,0,0,0,0,0,0,9.523809432983398,15.000000953674316,100,0,0,0,0,66481098752,12884893696,1707794432,0
99,1780596706114,58056.151916503906,4700,1,0.3062499999999999,6937.9207763671875,4700,1,0.3062499999999999,6801.209442138672,4700,1,0.3062499999999999,12283.550506591797,4700,1,0.3062499999999999,45892.103607177734,4700,1,0.3062499999999999,38027.619201660156,4700,1,0.3062499999999999,47255.587478637695,4700,1,0.3062499999999999,30312.62242126465,4700,1,0.3062499999999999,7275.252868652344,4700,1,0.3062499999999999,7164.597320556641,4700,1,0.3062499999999999,6755.154434204102,4700,1,0.3062499999999999,6973.147171020508,4700,1,0.3062499999999999,16185.882919311523,3007,3007,3007,3007,3007,3007,3007,3007,3007,3007,3007,3007,4690,4691,3007,3007,3007,4690,3007,3007,3007,3007,3007,4690,95,0,0,0,0,0,19.047618865966797,5,0,9.523809432983398,0,0,0,0,0,0,0,9.523809432983398,15.000000953674316,100,0,0,0,0,66481098752,12884893696,1702522880,0
99,1780596706214,58056.93338012695,4700,1,0.30000000000000004,6937.923934936523,4700,1,0.30000000000000004,6801.2125244140625,4700,1,0.30000000000000004,12283.583206176758,4700,1,0.30000000000000004,45892.389068603516,4700,1,0.30000000000000004,38027.93084716797,4700,1,0.30000000000000004,47255.71633911133,4700,1,0.30000000000000004,30313.50408935547,4700,1,0.30000000000000004,7275.2559814453125,4700,1,0.30000000000000004,7164.600570678711,4700,1,0.30000000000000004,6755.157501220703,4700,1,0.30000000000000004,6973.150329589844,4700,1,0.30000000000000004,16191.35610961914,3007,3007,3007,3007,3007,3007,3007,3007,3007,3007,3007,3007,4690,4691,3007,3007,3007,4690,3007,3007,3007,3007,3007,4690,100,5,0,0,0,0,5.263157844543457,10,0,5.263157844543457,0,0,0,0,0,0,0,0,5,100,0,0,0,0,66481098752,12884893696,1698369536,0
99,1780596706314,58057.70816040039,4700,1,0.30000000000000004,6937.92707824707,4700,1,0.30000000000000004,6801.215606689453,4700,1,0.30000000000000004,12283.620132446289,4700,1,0.30000000000000004,45892.63023376465,4700,1,0.30000000000000004,38028.234786987305,4700,1,0.30000000000000004,47255.94325256348,4700,1,0.30000000000000004,30314.38233947754,4700,1,0.30000000000000004,7275.259094238281,4700,1,0.30000000000000004,7164.603927612305,4700,1,0.30000000000000004,6755.160552978516,4700,1,0.30000000000000004,6973.153411865234,4700,1,0.30000000000000004,16196.927520751953,3007,3007,3007,3007,3007,3007,3007,3007,3007,3007,3007,3007,4690,4691,3007,3007,3007,4690,3007,3007,3007,3007,3007,4690,100,5,0,0,0,0,5.263157844543457,10,0,5.263157844543457,0,0,0,0,0,0,0,0,5,100,0,0,0,0,66481098752,12884893696,1696714752,0
99,1780596706415,58058.48208618164,4700,1,0.30000000000000004,6937.930160522461,4700,1,0.30000000000000004,6801.218734741211,4700,1,0.3062499999999999,12283.624984741211,4700,1,0.30000000000000004,45892.90711975098,4700,1,0.30000000000000004,38028.56184387207,4700,1,0.30000000000000004,47256.078857421875,4700,1,0.30000000000000004,30315.257369995117,4700,1,0.30000000000000004,7275.262176513672,4700,1,0.30000000000000004,7164.607009887695,4700,1,0.30000000000000004,6755.163604736328,4700,1,0.30000000000000004,6973.156494140625,4700,1,0.30000000000000004,16202.451034545898,3007,3007,3007,3007,3007,3007,3007,3007,3007,3007,3007,3007,4690,4691,3007,3007,3007,4690,3007,3007,3007,3007,3007,4690,95,0,0,4.761904716491699,0,0,5.263157844543457,10.526315689086914,0,0,0,0,14.285715103149414,0,0,0,0,5,9.523809432983398,100,0,0,0,0,66481098752,12884893696,1699741696,0
99,1780596706515,58059.252380371094,4700,1,0.30000000000000004,6937.933303833008,4700,1,0.30000000000000004,6801.221878051758,4700,1,0.30000000000000004,12283.664459228516,4700,1,0.30000000000000004,45893.241638183594,4700,1,0.30000000000000004,38028.83605957031,4700,1,0.30000000000000004,47256.083236694336,4700,1,0.30000000000000004,30316.123764038086,4700,1,0.30000000000000004,7275.265289306641,4700,1,0.30000000000000004,7164.610153198242,4700,1,0.30000000000000004,6755.16667175293,4700,1,0.30000000000000004,6973.15966796875,4700,1,0.30000000000000004,16207.892364501953,3007,3007,3007,3007,3007,3007,3007,3007,3007,3007,3007,3007,4690,4691,3007,3007,3007,4690,3007,3007,3007,3007,3007,4690,95,0,0,4.761904716491699,0,0,5.263157844543457,10.526315689086914,0,0,0,0,14.285715103149414,0,0,0,0,5,9.523809432983398,100,0,0,0,0,66481098752,12884893696,1703043072,0
99,1780596706615,58060.01867675781,4700,1,0.30000000000000004,6937.9364013671875,4700,1,0.30000000000000004,6801.224960327148,4700,1,0.30000000000000004,12283.75015258789,4700,1,0.30000000000000004,45893.52983093262,4700,1,0.30000000000000004,38029.14854431152,4700,1,0.30000000000000004,47256.08801269531,4700,1,0.30000000000000004,30317.00260925293,4700,1,0.30000000000000004,7275.2684326171875,4700,1,0.30000000000000004,7164.613265991211,4700,1,0.30000000000000004,6755.1697998046875,4700,1,0.30000000000000004,6973.162780761719,4700,1,0.30000000000000004,16213.238098144531,3007,3007,3007,3007,3007,3007,3007,3007,3007,3007,3007,3007,4690,4691,3007,3007,3007,4690,3007,3007,3007,3007,3007,4690,100,0,0,0,0,0,15.789472579956055,9.523809432983398,0,9.523809432983398,0,0,15.000000953674316,0,0,0,0,0,0,100,0,0,0,0,66481098752,12884893696,1702727680,0
99,1780596706715,58060.781829833984,4700,1,0.3062499999999999,6937.939514160156,4700,1,0.3062499999999999,6801.228042602539,4700,1,0.3062499999999999,12283.884552001953,4700,1,0.3062499999999999,45893.751068115234,4700,1,0.3062499999999999,38029.49835205078,4700,1,0.3062499999999999,47256.092864990234,4700,1,0.3062499999999999,30317.883499145508,4700,1,0.3062499999999999,7275.271514892578,4700,1,0.3062499999999999,7164.616546630859,4700,1,0.3062499999999999,6755.172882080078,4700,1,0.3062499999999999,6973.165939331055,4700,1,0.3062499999999999,16218.645309448242,3007,3007,3007,3007,3007,3007,3007,3007,3007,3007,3007,3007,4690,4691,3007,3007,3007,4690,3007,3007,3007,3007,3007,4690,100,0,0,0,0,0,15.789472579956055,9.523809432983398,0,9.523809432983398,0,0,15.000000953674316,0,0,0,0,0,0,100,0,0,0,0,66481098752,12884893696,1700675584,0
99,1780596706815,58061.545181274414,4700,1,0.3062499999999999,6937.942596435547,4700,1,0.3062499999999999,6801.23112487793,4700,1,0.3062499999999999,12284.126724243164,4700,1,0.3062499999999999,45893.87643432617,4700,1,0.3062499999999999,38029.73876953125,4700,1,0.3062499999999999,47256.33572387695,4700,1,0.3062499999999999,30318.762619018555,4700,1,0.3062499999999999,7275.274597167969,4700,1,0.3062499999999999,7164.619689941406,4700,1,0.3062499999999999,6755.17594909668,4700,1,0.3062499999999999,6973.169021606445,4700,1,0.3062499999999999,16224.1611328125,3007,3007,3007,3007,3007,3007,3007,3007,3007,3007,3007,3007,4690,4691,3007,3007,3007,4690,3007,3007,3007,3007,3007,4690,95.23809814453125,5.263157844543457,0,0,0,5,0,5.263157844543457,5,14.285715103149414,0,0,0,0,0,0,0,5.263157844543457,0,100,0,0,0,0,66481098752,12884893696,1699917824,0
99,1780596706915,58062.310287475586,4700,1,0.30000000000000004,6937.9456787109375,4700,1,0.3062499999999999,6801.23420715332,4700,1,0.3062499999999999,12284.425643920898,4700,1,0.30000000000000004,45893.9227142334,4700,1,0.30000000000000004,38029.97343444824,4700,1,0.30000000000000004,47256.57141113281,4700,1,0.30000000000000004,30319.638870239258,4700,1,0.30000000000000004,7275.277679443359,4700,1,0.30000000000000004,7164.622772216797,4700,1,0.3062499999999999,6755.178970336914,4700,1,0.3062499999999999,6973.172103881836,4700,1,0.3062499999999999,16229.633163452148,3007,3007,3007,3007,3007,3007,3007,3007,3007,3007,3007,3007,4690,4691,3007,3007,3007,4690,3007,3007,3007,3007,3007,4690,95.23809814453125,5.263157844543457,0,0,0,5,0,5.263157844543457,5,14.285715103149414,0,0,0,0,0,0,0,5.263157844543457,0,100,0,0,0,0,66481098752,12884893696,1700720640,0
99,1780596707015,58063.120666503906,4700,1,0.30000000000000004,6937.948760986328,4700,1,0.3062499999999999,6801.237289428711,4700,1,0.3062499999999999,12284.580657958984,4700,1,0.30000000000000004,45894.12413024902,4700,1,0.30000000000000004,38030.19889831543,4700,1,0.30000000000000004,47256.806091308594,4700,1,0.30000000000000004,30320.524780273438,4700,1,0.30000000000000004,7275.28076171875,4700,1,0.30000000000000004,7164.625915527344,4700,1,0.3062499999999999,6755.182037353516,4700,1,0.3062499999999999,6973.175262451172,4700,1,0.3062499999999999,16235.133010864258,3007,3007,3007,3007,3007,3007,3007,3007,3007,3007,3007,3007,4690,4691,3007,3007,3007,4690,3007,3007,3007,3007,3007,4690,100,0,0,0,4.761904716491699,10,5,0,10.526315689086914,5.263157844543457,0,0,0,0,0,0,0,10.526315689086914,0,100,0,0,0,0,66481098752,12884893696,1699311616,0
99,1780596707115,58063.88888549805,4700,1,0.30000000000000004,6937.951873779297,4700,1,0.30000000000000004,6801.240371704102,4700,1,0.30000000000000004,12284.817260742188,4700,1,0.30000000000000004,45894.32196044922,4700,1,0.30000000000000004,38030.34043884277,4700,1,0.30000000000000004,47257.084701538086,4700,1,0.30000000000000004,30321.391571044922,4700,1,0.30000000000000004,7275.2838134765625,4700,1,0.30000000000000004,7164.631942749023,4700,1,0.30000000000000004,6755.185073852539,4700,1,0.30000000000000004,6973.1783447265625,4700,1,0.30000000000000004,16240.672134399414,3007,3007,3007,3007,3007,3007,3007,3007,3007,3007,3007,3007,4690,4691,3007,3007,3007,4690,3007,3007,3007,3007,3007,4690,100,0,0,0,4.761904716491699,10,5,0,10.526315689086914,5.263157844543457,0,0,0,0,0,0,0,10.526315689086914,0,100,0,0,0,0,66481098752,12884893696,1703206912,0
99,1780596707215,58064.659896850586,4700,1,0.30000000000000004,6937.9549560546875,4700,1,0.30000000000000004,6801.243453979492,4700,1,0.30000000000000004,12285.054428100586,4700,1,0.30000000000000004,45894.51600646973,4700,1,0.30000000000000004,38030.42385864258,4700,1,0.30000000000000004,47257.3741607666,4700,1,0.30000000000000004,30322.26318359375,4700,1,0.30000000000000004,7275.286880493164,4700,1,0.30000000000000004,7164.635192871094,4700,1,0.30000000000000004,6755.1881103515625,4700,1,0.30000000000000004,6973.18147277832,4700,1,0.30000000000000004,16246.155349731445,3007,3007,3007,3007,3007,3007,3007,3007,3007,3007,3007,3007,4690,4691,3007,3007,3007,4690,3007,3007,3007,3007,3007,4690,95,0,0,0,0,5,10,0,19.047618865966797,5,0,0,0,0,0,0,0,5,5.263157844543457,100,0,0,0,0,66481098752,12884893696,1704902656,0
99,1780596707315,58065.445709228516,4700,1,0.3062499999999999,6937.958068847656,4700,1,0.3062499999999999,6801.246505737305,4700,1,0.3062499999999999,12285.278793334961,4700,1,0.3062499999999999,45894.7265625,4700,1,0.3062499999999999,38030.71128845215,4700,1,0.3062499999999999,47257.56573486328,4700,1,0.3062499999999999,30323.12954711914,4700,1,0.3062499999999999,7275.289993286133,4700,1,0.3062499999999999,7164.638381958008,4700,1,0.3062499999999999,6755.191192626953,4700,1,0.3062499999999999,6973.184555053711,4700,1,0.3062499999999999,16251.688507080078,3007,3007,3007,3007,3007,3007,3007,3007,3007,3007,3007,3007,4690,4691,3007,3007,3007,4690,3007,3007,3007,3007,3007,4690,95,0,0,0,0,5,10,0,19.047618865966797,5,0,0,0,0,0,0,0,5,5.263157844543457,100,0,0,0,0,66481098752,12884893696,1699811328,0
99,1780596707415,58066.22442626953,4700,1,0.3062499999999999,6937.961151123047,4700,1,0.3062499999999999,6801.249588012695,4700,1,0.3062499999999999,12285.36701965332,4700,1,0.3062499999999999,45894.89598083496,4700,1,0.3062499999999999,38031.025650024414,4700,1,0.3062499999999999,47257.84118652344,4700,1,0.3062499999999999,30323.981536865234,4700,1,0.3062499999999999,7275.293075561523,4700,1,0.3062499999999999,7164.641464233398,4700,1,0.3062499999999999,6755.194274902344,4700,1,0.3062499999999999,6973.187637329102,4700,1,0.3062499999999999,16257.286972045898,3007,3007,3007,3007,3007,3007,3007,3007,3007,3007,3007,3007,4690,4691,3007,3007,3007,4690,3007,3007,3007,3007,3007,4690,100,0,0,0,0,5.263157844543457,5.263157844543457,0,5,0,0,0,5,0,0,0,0,10.526315689086914,15.000000953674316,100,0,0,0,0,66481098752,12884893696,1702952960,0
99,1780596707515,58067.00521850586,4700,1,0.30000000000000004,6937.9642333984375,4700,1,0.3062499999999999,6801.252700805664,4700,1,0.3062499999999999,12285.371597290039,4700,1,0.30000000000000004,45895.10054016113,4700,1,0.3062499999999999,38031.35241699219,4700,1,0.3062499999999999,47258.10757446289,4700,1,0.3062499999999999,30324.843170166016,4700,1,0.3062499999999999,7275.296188354492,4700,1,0.3062499999999999,7164.644821166992,4700,1,0.3062499999999999,6755.197341918945,4700,1,0.3062499999999999,6973.195846557617,4700,1,0.3062499999999999,16262.828475952148,3007,3007,3007,3007,3007,3007,3007,3007,3007,3007,3007,3007,4690,4691,3007,3007,3007,4690,3007,3007,3007,3007,3007,4690,100,0,0,0,0,5.263157844543457,5.263157844543457,0,5,0,0,0,5,0,0,0,0,10.526315689086914,15.000000953674316,100,0,0,0,0,66481098752,12884893696,1703170048,0
99,1780596707615,58067.78276062012,4700,1,0.30000000000000004,6937.967315673828,4700,1,0.3062499999999999,6801.255783081055,4700,1,0.3062499999999999,12285.376495361328,4700,1,0.30000000000000004,45895.27096557617,4700,1,0.30000000000000004,38031.669372558594,4700,1,0.30000000000000004,47258.40188598633,4700,1,0.30000000000000004,30325.694717407227,4700,1,0.30000000000000004,7275.299270629883,4700,1,0.3062499999999999,7164.647903442383,4700,1,0.3062499999999999,6755.200408935547,4700,1,0.3062499999999999,6973.201400756836,4700,1,0.3062499999999999,16268.407928466797,3007,3007,3007,3007,3007,3007,3007,3007,3007,3007,3007,3007,4690,4691,3007,3007,3007,4690,3007,3007,3007,3007,3007,4690,100,0,0,0,0,0,9.523809432983398,0,18.18181800842285,0,0,0,4.761904716491699,0,0,0,0,10,5.263157844543457,100,0,0,0,0,66481098752,12884893696,1704062976,0
99,1780596707715,58068.55131530762,4700,1,0.30000000000000004,6937.970397949219,4700,1,0.30000000000000004,6801.258865356445,4700,1,0.30000000000000004,12285.381256103516,4700,1,0.30000000000000004,45895.45245361328,4700,1,0.30000000000000004,38031.97587585449,4700,1,0.30000000000000004,47258.71336364746,4700,1,0.30000000000000004,30326.545959472656,4700,1,0.30000000000000004,7275.302352905273,4700,1,0.30000000000000004,7164.659332275391,4700,1,0.30000000000000004,6755.203460693359,4700,1,0.30000000000000004,6973.204544067383,4700,1,0.30000000000000004,16273.960983276367,3007,3007,3007,3007,3007,3007,3007,3007,3007,3007,3007,3007,4690,4691,3007,3007,3007,4690,3007,3007,3007,3007,3007,4690,100,0,0,0,0,0,9.523809432983398,0,18.18181800842285,0,0,0,4.761904716491699,0,0,0,0,10,5.263157844543457,100,0,0,0,0,66481098752,12884893696,1700790272,0
99,1780596707815,58069.32814025879,4700,1,0.3062499999999999,6937.973480224609,4700,1,0.3062499999999999,6801.261947631836,4700,1,0.3062499999999999,12285.553359985352,4700,1,0.3062499999999999,45895.645263671875,4700,1,0.3062499999999999,38032.227767944336,4700,1,0.3062499999999999,47259.006118774414,4700,1,0.3062499999999999,30327.387954711914,4700,1,0.3062499999999999,7275.305404663086,4700,1,0.3062499999999999,7164.662384033203,4700,1,0.3062499999999999,6755.206481933594,4700,1,0.3062499999999999,6973.207626342773,4700,1,0.3062499999999999,16279.551940917969,3007,3007,3007,3007,3007,3007,3007,3007,3007,3007,3007,3007,4690,4691,3007,3007,3007,4690,3007,3007,3007,3007,3007,4690,100,9.523809432983398,0,0,0,0,10,5.263157844543457,11.111111640930176,0,0,0,4.761904716491699,0,0,0,0,5,15.000000953674316,100,0,0,0,0,66481098752,12884893696,1701642240,0
99,1780596707915,58070.104064941406,4700,1,0.3062499999999999,6937.976531982422,4700,1,0.3062499999999999,6801.264999389648,4700,1,0.3062499999999999,12285.74234008789,4700,1,0.3062499999999999,45895.82389831543,4700,1,0.3062499999999999,38032.48439025879,4700,1,0.3062499999999999,47259.306411743164,4700,1,0.3062499999999999,30328.237564086914,4700,1,0.3062499999999999,7275.308517456055,4700,1,0.3062499999999999,7164.665634155273,4700,1,0.3062499999999999,6755.209503173828,4700,1,0.3062499999999999,6973.210678100586,4700,1,0.3062499999999999,16285.107147216797,3007,3007,3007,3007,3007,3007,3007,3007,3007,3007,3007,3007,4690,4691,3007,3007,3007,4690,3007,3007,3007,3007,3007,4690,100,9.523809432983398,0,0,0,0,10,5.263157844543457,11.111111640930176,0,0,0,4.761904716491699,0,0,0,0,5,15.000000953674316,100,0,0,0,0,66481098752,12884893696,1700524032,0
99,1780596708015,58070.879806518555,4700,1,0.30000000000000004,6937.9796142578125,4700,1,0.30000000000000004,6801.268081665039,4700,1,0.30000000000000004,12285.846008300781,4700,1,0.30000000000000004,45895.9640045166,4700,1,0.30000000000000004,38032.78219604492,4700,1,0.30000000000000004,47259.61277770996,4700,1,0.30000000000000004,30329.08804321289,4700,1,0.30000000000000004,7275.311599731445,4700,1,0.30000000000000004,7164.66877746582,4700,1,0.30000000000000004,6755.212539672852,4700,1,0.30000000000000004,6973.213821411133,4700,1,0.30000000000000004,16290.72102355957,3007,3007,3007,3007,3007,3007,3007,3007,3007,3007,3007,3007,4690,4691,3007,3007,3007,4690,3007,3007,3007,3007,3007,4690,95.23809814453125,5.263157844543457,0,0,0,0,0,0,15.000000953674316,0,0,0,0,0,0,0,0,13.636363983154297,10.526315689086914,100,0,0,0,0,66481098752,12884893696,1698705408,0
99,1780596708115,58071.65740966797,4700,1,0.3062499999999999,6937.982696533203,4700,1,0.3062499999999999,6801.27116394043,4700,1,0.3062499999999999,12285.903610229492,4700,1,0.3062499999999999,45896.143005371094,4700,1,0.3062499999999999,38033.08772277832,4700,1,0.3062499999999999,47259.91508483887,4700,1,0.3062499999999999,30329.940231323242,4700,1,0.3062499999999999,7275.314682006836,4700,1,0.3062499999999999,7164.671859741211,4700,1,0.3062499999999999,6755.215606689453,4700,1,0.3062499999999999,6973.216903686523,4700,1,0.3062499999999999,16296.276382446289,3007,3007,3007,3007,3007,3007,3007,3007,3007,3007,3007,3007,4690,4691,3007,3007,3007,4690,3007,3007,3007,3007,3007,4690,95.23809814453125,5.263157844543457,0,0,0,0,0,0,15.000000953674316,0,0,0,0,0,0,0,0,13.636363983154297,10.526315689086914,100,0,0,0,0,66481098752,12884893696,1699127296,0
99,1780596708215,58072.42930603027,4700,1,0.30000000000000004,6937.985870361328,4700,1,0.3062499999999999,6801.27424621582,4700,1,0.3062499999999999,12286.074142456055,4700,1,0.3062499999999999,45896.334533691406,4700,1,0.3062499999999999,38033.34715270996,4700,1,0.3062499999999999,47260.22183227539,4700,1,0.3062499999999999,30330.798873901367,4700,1,0.3062499999999999,7275.317825317383,4700,1,0.3062499999999999,7164.675186157227,4700,1,0.3062499999999999,6755.218658447266,4700,1,0.3062499999999999,6973.220062255859,4700,1,0.3062499999999999,16301.842651367188,3007,3007,3007,3007,3007,3007,3007,3007,3007,3007,3007,3007,4690,4691,3007,3007,3007,4690,3007,3007,3007,3007,3007,4690,100,0,0,0,0,0,5.263157844543457,0,15.000000953674316,0,0,0,0,0,0,0,0,0,10.526315689086914,100,0,0,0,0,66481098752,12884893696,1702858752,0
99,1780596708315,58073.20606994629,4700,1,0.30000000000000004,6937.988983154297,4700,1,0.3062499999999999,6801.277328491211,4700,1,0.3062499999999999,12286.286422729492,4700,1,0.30000000000000004,45896.43016052246,4700,1,0.30000000000000004,38033.65312194824,4700,1,0.30000000000000004,47260.31544494629,4700,1,0.30000000000000004,30331.67546081543,4700,1,0.30000000000000004,7275.320983886719,4700,1,0.30000000000000004,7164.678482055664,4700,1,0.30000000000000004,6755.221694946289,4700,1,0.30000000000000004,6973.22314453125,4700,1,0.3062499999999999,16307.283279418945,3007,3007,3007,3007,3007,3007,3007,3007,3007,3007,3007,3007,4690,4691,3007,3007,3007,4690,3007,3007,3007,3007,3007,4690,100,0,0,0,0,0,5.263157844543457,0,15.000000953674316,0,0,0,0,0,0,0,0,0,10.526315689086914,100,0,0,0,0,66481098752,12884893696,1705623552,0
99,1780596708416,58073.99012756348,4700,1,0.30000000000000004,6937.9920654296875,4700,1,0.30000000000000004,6801.280410766602,4700,1,0.30000000000000004,12286.562438964844,4700,1,0.30000000000000004,45896.54211425781,4700,1,0.30000000000000004,38033.97592163086,4700,1,0.30000000000000004,47260.318588256836,4700,1,0.30000000000000004,30332.54704284668,4700,1,0.30000000000000004,7275.324066162109,4700,1,0.30000000000000004,7164.681564331055,4700,1,0.30000000000000004,6755.22477722168,4700,1,0.30000000000000004,6973.226226806641,4700,1,0.30000000000000004,16312.646987915039,3007,3007,3007,3007,3007,3007,3007,3007,3007,3007,3007,3007,4690,4691,3007,3007,3007,4690,3007,3007,3007,3007,3007,4690,100,5,0,0,5,0,0,15.000000953674316,5,0,0,0,0,0,0,0,0,23.809524536132813,9.523809432983398,100,0,0,0,0,66481098752,12884893696,1703440384,0
99,1780596708516,58074.76856994629,4700,1,0.30000000000000004,6937.995147705078,4700,1,0.30000000000000004,6801.283554077148,4700,1,0.30000000000000004,12286.849182128906,4700,1,0.30000000000000004,45896.69038391113,4700,1,0.30000000000000004,38034.27998352051,4700,1,0.30000000000000004,47260.32176208496,4700,1,0.30000000000000004,30333.414459228516,4700,1,0.30000000000000004,7275.3271484375,4700,1,0.30000000000000004,7164.684707641602,4700,1,0.30000000000000004,6755.227813720703,4700,1,0.30000000000000004,6973.2293701171875,4700,1,0.30000000000000004,16318.106903076172,3007,3007,3007,3007,3007,3007,3007,3007,3007,3007,3007,3007,4690,4691,3007,3007,3007,4690,3007,3007,3007,3007,3007,4690,100,5,0,0,5,0,0,15.000000953674316,5,0,0,0,0,0,0,0,0,23.809524536132813,9.523809432983398,100,0,0,0,0,66481098752,12884893696,1705021440,0
99,1780596708616,58075.53315734863,4700,1,0.3062499999999999,6937.998229980469,4700,1,0.3062499999999999,6801.286605834961,4700,1,0.3062499999999999,12287.177703857422,4700,1,0.3062499999999999,45896.804916381836,4700,1,0.3062499999999999,38034.518005371094,4700,1,0.3062499999999999,47260.4529876709,4700,1,0.3062499999999999,30334.282028198242,4700,1,0.3062499999999999,7275.3302001953125,4700,1,0.3062499999999999,7164.687927246094,4700,1,0.3062499999999999,6755.230865478516,4700,1,0.3062499999999999,6973.232421875,4700,1,0.3062499999999999,16323.540603637695,3007,3007,3007,3007,3007,3007,3007,3007,3007,3007,3007,3007,4690,4691,3007,3007,3007,4690,3007,3007,3007,3007,3007,4690,95,10,0,0,0,0,10,5.555555820465088,4.761904716491699,9.523809432983398,0,0,0,0,0,0,0,5,0,100,0,0,0,0,66481098752,12884893696,1703096320,0
99,1780596708716,58076.29524230957,4700,1,0.30000000000000004,6938.00764465332,4700,1,0.30000000000000004,6801.308746337891,4700,1,0.30000000000000004,12287.520004272461,4700,1,0.30000000000000004,45896.83467102051,4700,1,0.30000000000000004,38034.739974975586,4700,1,0.30000000000000004,47260.66714477539,4700,1,0.30000000000000004,30335.162796020508,4700,1,0.30000000000000004,7275.341156005859,4700,1,0.30000000000000004,7164.702835083008,4700,1,0.30000000000000004,6755.243698120117,4700,1,0.30000000000000004,6973.242782592773,4700,1,0.30000000000000004,16329.085876464844,3007,3007,3007,3007,3007,3007,3007,3007,3007,3007,3007,3007,4690,4691,3007,3007,3007,4690,3007,3007,3007,3007,3007,4690,95,10,0,0,0,0,10,5.555555820465088,4.761904716491699,9.523809432983398,0,0,0,0,0,0,0,5,0,100,0,0,0,0,66481098752,12884893696,1707016192,0
99,1780596708816,58077.047912597656,4700,1,0.3062499999999999,6938.031219482422,4700,1,0.3062499999999999,6801.328506469727,4700,1,0.3062499999999999,12287.747909545898,4700,1,0.3062499999999999,45897.03137207031,4700,1,0.3062499999999999,38034.95625305176,4700,1,0.3062499999999999,47260.85192871094,4700,1,0.3062499999999999,30335.933471679688,4700,1,0.3062499999999999,7275.366058349609,4700,1,0.3062499999999999,7164.729385375977,4700,1,0.3062499999999999,6755.271636962891,4700,1,0.3062499999999999,6973.268646240234,4700,1,0.3062499999999999,16334.473068237305,3007,3007,3007,3007,3007,3007,3007,3007,3007,3007,3007,3007,4690,4691,3007,3007,3007,4690,3007,3007,3007,3007,3007,4690,100,5.555555820465088,0,0,5,0,0,5,5.263157844543457,10,0,0,0,0,0,0,0,0,0,90.90909576416016,0,0,0,0,66481098752,12884893696,1700818944,0
99,1780596708916,58077.81736755371,4700,1,0.30000000000000004,6938.034362792969,4700,1,0.3062499999999999,6801.331954956055,4700,1,0.3062499999999999,12287.98176574707,4700,1,0.30000000000000004,45897.233657836914,4700,1,0.30000000000000004,38035.221603393555,4700,1,0.30000000000000004,47261.07995605469,4700,1,0.3062499999999999,30336.806900024414,4700,1,0.3062499999999999,7275.3697509765625,4700,1,0.3062499999999999,7164.73274230957,4700,1,0.3062499999999999,6755.27490234375,4700,1,0.3062499999999999,6973.272750854492,4700,1,0.3062499999999999,16339.980087280273,3007,3007,3007,3007,3007,3007,3007,3007,3007,3007,3007,3007,4690,4691,3007,3007,3007,4690,3007,3007,3007,3007,3007,4690,100,5.555555820465088,0,0,5,0,0,5,5.263157844543457,10,0,0,0,0,0,0,0,0,0,90.90909576416016,0,0,0,0,66481098752,12884893696,1703202816,0
99,1780596709016,58078.583755493164,4700,1,0.3062499999999999,6938.0374755859375,4700,1,0.3062499999999999,6801.335037231445,4700,1,0.3062499999999999,12288.210556030273,4700,1,0.3062499999999999,45897.45104980469,4700,1,0.3062499999999999,38035.48210144043,4700,1,0.3062499999999999,47261.29943847656,4700,1,0.3062499999999999,30337.681930541992,4700,1,0.3062499999999999,7275.372833251953,4700,1,0.3062499999999999,7164.735916137695,4700,1,0.3062499999999999,6755.277969360352,4700,1,0.3062499999999999,6973.276077270508,4700,1,0.3062499999999999,16345.567413330078,3007,3007,3007,3007,3007,3007,3007,3007,3007,3007,3007,3007,4690,4691,3007,3007,3007,4690,3007,3007,3007,3007,3007,4690,95,11.111111640930176,0,0,0,0,10,5.263157844543457,5.555555820465088,5,0,0,0,0,0,0,0,0,0,100,0,0,0,0,66481098752,12884893696,1704382464,0
99,1780596709116,58079.34550476074,4700,1,0.30000000000000004,6938.040557861328,4700,1,0.3062499999999999,6801.338119506836,4700,1,0.3062499999999999,12288.436920166016,4700,1,0.30000000000000004,45897.65980529785,4700,1,0.30000000000000004,38035.75068664551,4700,1,0.30000000000000004,47261.518310546875,4700,1,0.30000000000000004,30338.561477661133,4700,1,0.30000000000000004,7275.375915527344,4700,1,0.30000000000000004,7164.738998413086,4700,1,0.30000000000000004,6755.280990600586,4700,1,0.3062499999999999,6973.279159545898,4700,1,0.3062499999999999,16351.146789550781,3007,3007,3007,3007,3007,3007,3007,3007,3007,3007,3007,3007,4690,4691,3007,3007,3007,4690,3007,3007,3007,3007,3007,4690,95,11.111111640930176,0,0,0,0,10,5.263157844543457,5.555555820465088,5,0,0,0,0,0,0,0,0,0,100,0,0,0,0,66481098752,12884893696,1704804352,0
99,1780596709216,58080.12382507324,4700,1,0.30000000000000004,6938.043640136719,4700,1,0.30000000000000004,6801.341201782227,4700,1,0.30000000000000004,12288.675735473633,4700,1,0.30000000000000004,45897.89784240723,4700,1,0.30000000000000004,38035.94990539551,4700,1,0.30000000000000004,47261.730072021484,4700,1,0.30000000000000004,30339.429107666016,4700,1,0.30000000000000004,7275.378967285156,4700,1,0.30000000000000004,7164.745742797852,4700,1,0.30000000000000004,6755.284088134766,4700,1,0.30000000000000004,6973.282318115234,4700,1,0.30000000000000004,16356.705642700195,3007,3007,3007,3007,3007,3007,3007,3007,3007,3007,3007,3007,4690,4691,3007,3007,3007,4690,3007,3007,3007,3007,3007,4690,100,19.047618865966797,0,0,0,0,5.263157844543457,0,5.555555820465088,5.263157844543457,0,0,0,0,0,0,0,0,0,100,0,0,0,0,66481098752,12884893696,1707454464,0
99,1780596709316,58080.90270996094,4700,1,0.30000000000000004,6938.046691894531,4700,1,0.30000000000000004,6801.344253540039,4700,1,0.30000000000000004,12288.946884155273,4700,1,0.30000000000000004,45897.94125366211,4700,1,0.30000000000000004,38036.07406616211,4700,1,0.30000000000000004,47262.051177978516,4700,1,0.30000000000000004,30340.28842163086,4700,1,0.30000000000000004,7275.382049560547,4700,1,0.30000000000000004,7164.753967285156,4700,1,0.30000000000000004,6755.287139892578,4700,1,0.30000000000000004,6973.285369873047,4700,1,0.30000000000000004,16362.089279174805,3007,3007,3007,3007,3007,3007,3007,3007,3007,3007,3007,3007,4690,4691,3007,3007,3007,4690,3007,3007,3007,3007,3007,4690,100,19.047618865966797,0,0,0,0,5.263157844543457,0,5.555555820465088,5.263157844543457,0,0,0,0,0,0,0,0,0,100,0,0,0,0,66481098752,12884893696,1703510016,0
99,1780596709416,58081.680892944336,4700,1,0.3062499999999999,6938.049774169922,4700,1,0.3062499999999999,6801.347320556641,4700,1,0.3062499999999999,12289.229782104492,4700,1,0.3062499999999999,45897.95916748047,4700,1,0.3062499999999999,38036.20164489746,4700,1,0.3062499999999999,47262.38005065918,4700,1,0.3062499999999999,30341.141326904297,4700,1,0.3062499999999999,7275.385147094727,4700,1,0.3062499999999999,7164.762481689453,4700,1,0.3062499999999999,6755.290176391602,4700,1,0.3062499999999999,6973.288467407227,4700,1,0.3062499999999999,16367.548828125,3007,3007,3007,3007,3007,3007,3007,3007,3007,3007,3007,3007,4690,4691,3007,3007,3007,4690,3007,3007,3007,3007,3007,4690,100,0,0,0,4.761904716491699,5,0,9.090909004211426,22.72727394104004,0,0,0,0,0,0,0,0,0,10.526315689086914,100,0,0,0,0,66481098752,12884893696,1705537536,0
99,1780596709516,58082.45420837402,4700,1,0.3062499999999999,6938.0528564453125,4700,1,0.3062499999999999,6801.350402832031,4700,1,0.3062499999999999,12289.424407958984,4700,1,0.3062499999999999,45898.12744140625,4700,1,0.3062499999999999,38036.433181762695,4700,1,0.3062499999999999,47262.66551208496,4700,1,0.3062499999999999,30342.000717163086,4700,1,0.3062499999999999,7275.388229370117,4700,1,0.3062499999999999,7164.765563964844,4700,1,0.3062499999999999,6755.293258666992,4700,1,0.3062499999999999,6973.291610717773,4700,1,0.3062499999999999,16373.098739624023,3007,3007,3007,3007,3007,3007,3007,3007,3007,3007,3007,3007,4690,4691,3007,3007,3007,4690,3007,3007,3007,3007,3007,4690,100,0,0,0,4.761904716491699,5,0,9.090909004211426,22.72727394104004,0,0,0,0,0,0,0,0,0,10.526315689086914,100,0,0,0,0,66481098752,12884893696,1703337984,0
99,1780596709616,58083.22122192383,4700,1,0.3062499999999999,6938.055938720703,4700,1,0.3062499999999999,6801.353485107422,4700,1,0.3062499999999999,12289.755004882813,4700,1,0.3062499999999999,45898.15505981445,4700,1,0.3062499999999999,38036.66033935547,4700,1,0.3062499999999999,47262.88673400879,4700,1,0.3062499999999999,30342.873245239258,4700,1,0.3062499999999999,7275.391311645508,4700,1,0.3062499999999999,7164.768646240234,4700,1,0.3062499999999999,6755.296325683594,4700,1,0.3062499999999999,6973.294692993164,4700,1,0.3062499999999999,16378.569900512695,3007,3007,3007,3007,3007,3007,3007,3007,3007,3007,3007,3007,4690,4691,3007,3007,3007,4690,3007,3007,3007,3007,3007,4690,95.23809814453125,10,0,0,0,0,0,0,5.263157844543457,9.523809432983398,0,0,0,0,0,0,0,0,5.263157844543457,100,0,0,0,0,66481098752,12884893696,1701728256,0
99,1780596709716,58083.98649597168,4700,1,0.30000000000000004,6938.059127807617,4700,1,0.3062499999999999,6801.356674194336,4700,1,0.3062499999999999,12290.071594238281,4700,1,0.30000000000000004,45898.179748535156,4700,1,0.30000000000000004,38036.87010192871,4700,1,0.30000000000000004,47263.133697509766,4700,1,0.30000000000000004,30343.74659729004,4700,1,0.30000000000000004,7275.394485473633,4700,1,0.30000000000000004,7164.771759033203,4700,1,0.3062499999999999,6755.303985595703,4700,1,0.3062499999999999,6973.297927856445,4700,1,0.3062499999999999,16384.02635192871,3007,3007,3007,3007,3007,3007,3007,3007,3007,3007,3007,3007,4690,4691,3007,3007,3007,4690,3007,3007,3007,3007,3007,4690,95.23809814453125,10,0,0,0,0,0,0,5.263157844543457,9.523809432983398,0,0,0,0,0,0,0,0,5.263157844543457,100,0,0,0,0,66481098752,12884893696,1699225600,0
99,1780596709816,58084.75224304199,4700,1,0.30000000000000004,6938.062210083008,4700,1,0.3062499999999999,6801.359756469727,4700,1,0.3062499999999999,12290.398483276367,4700,1,0.30000000000000004,45898.322692871094,4700,1,0.30000000000000004,38036.94483947754,4700,1,0.30000000000000004,47263.3722076416,4700,1,0.30000000000000004,30344.61473083496,4700,1,0.30000000000000004,7275.397567749023,4700,1,0.30000000000000004,7164.777816772461,4700,1,0.30000000000000004,6755.307037353516,4700,1,0.30000000000000004,6973.301010131836,4700,1,0.30000000000000004,16389.5205078125,3007,3007,3007,3007,3007,3007,3007,3007,3007,3007,3007,3007,4690,4691,3007,3007,3007,4690,3007,3007,3007,3007,3007,4690,100,19.047618865966797,0,0,0,0,0,0,23.809524536132813,5,0,0,0,0,0,0,0,0,0,100,0,0,0,0,66481098752,12884893696,1699991552,0
99,1780596709916,58085.510833740234,4700,1,0.30000000000000004,6938.065292358398,4700,1,0.30000000000000004,6801.362838745117,4700,1,0.30000000000000004,12290.721603393555,4700,1,0.30000000000000004,45898.36494445801,4700,1,0.30000000000000004,38037.1241607666,4700,1,0.30000000000000004,47263.61862182617,4700,1,0.30000000000000004,30345.47511291504,4700,1,0.30000000000000004,7275.400650024414,4700,1,0.30000000000000004,7164.7808837890625,4700,1,0.30000000000000004,6755.310104370117,4700,1,0.30000000000000004,6973.304092407227,4700,1,0.30000000000000004,16394.97868347168,3007,3007,3007,3007,3007,3007,3007,3007,3007,3007,3007,3007,4690,4691,3007,3007,3007,4690,3007,3007,3007,3007,3007,4690,100,19.047618865966797,0,0,0,0,0,0,23.809524536132813,5,0,0,0,0,0,0,0,0,0,100,0,0,0,0,66481098752,12884893696,1700147200,0
99,1780596710016,58086.27549743652,4700,1,0.30000000000000004,6938.068344116211,4700,1,0.30000000000000004,6801.365921020508,4700,1,0.30000000000000004,12291.030944824219,4700,1,0.30000000000000004,45898.61994934082,4700,1,0.30000000000000004,38037.13098144531,4700,1,0.30000000000000004,47263.82336425781,4700,1,0.30000000000000004,30346.34539794922,4700,1,0.30000000000000004,7275.403732299805,4700,1,0.30000000000000004,7164.783966064453,4700,1,0.30000000000000004,6755.313186645508,4700,1,0.30000000000000004,6973.307205200195,4700,1,0.30000000000000004,16400.4031829834,3007,3007,3007,3007,3007,3007,3007,3007,3007,3007,3007,3007,4690,4691,3007,3007,3007,4690,3007,3007,3007,3007,3007,4690,95.45454406738281,10.526315689086914,0,0,0,5.263157844543457,10,0,15.000000953674316,0,0,0,0,0,0,0,0,0,0,100,0,0,0,0,66481098752,12884893696,1701257216,0
99,1780596710116,58087.04267883301,4700,1,0.30000000000000004,6938.071426391602,4700,1,0.30000000000000004,6801.36897277832,4700,1,0.30000000000000004,12291.372833251953,4700,1,0.30000000000000004,45898.837493896484,4700,1,0.30000000000000004,38037.1375579834,4700,1,0.30000000000000004,47264.0319519043,4700,1,0.30000000000000004,30347.213592529297,4700,1,0.30000000000000004,7275.406814575195,4700,1,0.30000000000000004,7164.787048339844,4700,1,0.30000000000000004,6755.316223144531,4700,1,0.30000000000000004,6973.310287475586,4700,1,0.30000000000000004,16405.7315826416,3007,3007,3007,3007,3007,3007,3007,3007,3007,3007,3007,3007,4690,4691,3007,3007,3007,4690,3007,3007,3007,3007,3007,4690,95.45454406738281,10.526315689086914,0,0,0,5.263157844543457,10,0,15.000000953674316,0,0,0,0,0,0,0,0,0,0,100,0,0,0,0,66481098752,12884893696,1701347328,0
99,1780596710217,58087.80946350098,4700,1,0.3062499999999999,6938.074508666992,4700,1,0.3062499999999999,6801.3720703125,4700,1,0.3062499999999999,12291.692276000977,4700,1,0.3062499999999999,45899.056640625,4700,1,0.3062499999999999,38037.188049316406,4700,1,0.3062499999999999,47264.25271606445,4700,1,0.3062499999999999,30348.08042907715,4700,1,0.3062499999999999,7275.409896850586,4700,1,0.3062499999999999,7164.795303344727,4700,1,0.3062499999999999,6755.319274902344,4700,1,0.3062499999999999,6973.313446044922,4700,1,0.3062499999999999,16411.178955078125,3007,3007,3007,3007,3007,3007,3007,3007,3007,3007,3007,3007,4690,4691,3007,3007,3007,4690,3007,3007,3007,3007,3007,4690,100,20,0,0,0,0,0,0,5.555555820465088,0,0,0,9.523809432983398,0,0,0,0,0,0,100,0,0,0,0,66481098752,12884893696,1702768640,0
99,1780596710317,58088.57307434082,4700,1,0.3062499999999999,6938.077590942383,4700,1,0.3062499999999999,6801.375152587891,4700,1,0.3062499999999999,12291.9423828125,4700,1,0.3062499999999999,45899.31072998047,4700,1,0.3062499999999999,38037.38829040527,4700,1,0.3062499999999999,47264.4405670166,4700,1,0.3062499999999999,30348.94692993164,4700,1,0.3062499999999999,7275.412979125977,4700,1,0.3062499999999999,7164.799835205078,4700,1,0.3062499999999999,6755.322235107422,4700,1,0.3062499999999999,6973.3165283203125,4700,1,0.3062499999999999,16416.784240722656,3007,3007,3007,3007,3007,3007,3007,3007,3007,3007,3007,3007,4690,4691,3007,3007,3007,4690,3007,3007,3007,3007,3007,4690,100,20,0,0,0,0,0,0,5.555555820465088,0,0,0,9.523809432983398,0,0,0,0,0,0,100,0,0,0,0,66481098752,12884893696,1703923712,0
99,1780596710417,58089.339599609375,4700,1,0.3062499999999999,6938.080673217773,4700,1,0.3062499999999999,6801.378234863281,4700,1,0.3062499999999999,12292.188674926758,4700,1,0.3062499999999999,45899.46632385254,4700,1,0.3062499999999999,38037.41583251953,4700,1,0.3062499999999999,47264.785232543945,4700,1,0.3062499999999999,30349.820266723633,4700,1,0.3062499999999999,7275.416061401367,4700,1,0.3062499999999999,7164.802963256836,4700,1,0.3062499999999999,6755.325225830078,4700,1,0.3062499999999999,6973.319610595703,4700,1,0.3062499999999999,16422.297790527344,3007,3007,3007,3007,3007,3007,3007,3007,3007,3007,3007,3007,4690,4691,3007,3007,3007,4690,3007,3007,3007,3007,3007,4690,95.23809814453125,0,0,0,0,0,0,0,15.789472579956055,5,0,0,5.263157844543457,0,0,0,0,0,5.263157844543457,100,0,0,0,0,66481098752,12884893696,1706115072,0
99,1780596710517,58090.10498046875,4700,1,0.30000000000000004,6938.08381652832,4700,1,0.3062499999999999,6801.381378173828,4700,1,0.3062499999999999,12292.426132202148,4700,1,0.30000000000000004,45899.62632751465,4700,1,0.30000000000000004,38037.436599731445,4700,1,0.30000000000000004,47265.11883544922,4700,1,0.30000000000000004,30350.690521240234,4700,1,0.30000000000000004,7275.419189453125,4700,1,0.30000000000000004,7164.806076049805,4700,1,0.30000000000000004,6755.328323364258,4700,1,0.30000000000000004,6973.322784423828,4700,1,0.30000000000000004,16427.74835205078,3007,3007,3007,3007,3007,3007,3007,3007,3007,3007,3007,3007,4690,4691,3007,3007,3007,4690,3007,3007,3007,3007,3007,4690,95.23809814453125,0,0,0,0,0,0,0,15.789472579956055,5,0,0,5.263157844543457,0,0,0,0,0,5.263157844543457,100,0,0,0,0,66481098752,12884893696,1708306432,0
99,1780596710617,58090.86013793945,4700,1,0.3062499999999999,6938.086959838867,4700,1,0.3062499999999999,6801.384521484375,4700,1,0.3062499999999999,12292.446350097656,4700,1,0.3062499999999999,45899.93737792969,4700,1,0.3062499999999999,38037.60577392578,4700,1,0.3062499999999999,47265.37266540527,4700,1,0.3062499999999999,30351.55973815918,4700,1,0.3062499999999999,7275.422332763672,4700,1,0.3062499999999999,7164.809280395508,4700,1,0.3062499999999999,6755.331314086914,4700,1,0.3062499999999999,6973.325927734375,4700,1,0.3062499999999999,16433.242095947266,3007,3007,3007,3007,3007,3007,3007,3007,3007,3007,3007,3007,4690,4691,3007,3007,3007,4690,3007,3007,3007,3007,3007,4690,100,0,0,0,0,0,0,0,10.526315689086914,5.263157844543457,0,0,5.263157844543457,0,0,0,0,5,5.555555820465088,100,0,0,0,0,66481098752,12884893696,1707917312,0
99,1780596710717,58091.62242126465,4700,1,0.3062499999999999,6938.090103149414,4700,1,0.3062499999999999,6801.387649536133,4700,1,0.3062499999999999,12292.656753540039,4700,1,0.3062499999999999,45900.07580566406,4700,1,0.3062499999999999,38037.721267700195,4700,1,0.3062499999999999,47265.70088195801,4700,1,0.3062499999999999,30352.42221069336,4700,1,0.3062499999999999,7275.425506591797,4700,1,0.3062499999999999,7164.8123779296875,4700,1,0.3062499999999999,6755.334426879883,4700,1,0.3062499999999999,6973.329116821289,4700,1,0.3062499999999999,16438.73358154297,3007,3007,3007,3007,3007,3007,3007,3007,3007,3007,3007,3007,4690,4691,3007,3007,3007,4690,3007,3007,3007,3007,3007,4690,100,0,0,0,0,0,0,0,10.526315689086914,5.263157844543457,0,0,5.263157844543457,0,0,0,0,5,5.555555820465088,100,0,0,0,0,66481098752,12884893696,1708953600,0
99,1780596710817,58092.40216064453,4700,1,0.3062499999999999,6938.093185424805,4700,1,0.3062499999999999,6801.390731811523,4700,1,0.3062499999999999,12292.679946899414,4700,1,0.3062499999999999,45900.34637451172,4700,1,0.3062499999999999,38037.94520568848,4700,1,0.3062499999999999,47265.973052978516,4700,1,0.3062499999999999,30353.299224853516,4700,1,0.3062499999999999,7275.4285888671875,4700,1,0.3062499999999999,7164.815460205078,4700,1,0.3062499999999999,6755.342224121094,4700,1,0.3062499999999999,6973.33219909668,4700,1,0.3062499999999999,16444.20428466797,3007,3007,3007,3007,3007,3007,3007,3007,3007,3007,3007,3007,4690,4691,3007,3007,3007,4690,3007,3007,3007,3007,3007,4690,95,0,0,0,0,0,0,5,5.882352828979492,5,0,0,5,0,0,0,0,0,14.285715103149414,100,0,0,0,0,66481098752,12884893696,1704701952,0
99,1780596710917,58093.17240905762,4700,1,0.30000000000000004,6938.096282958984,4700,1,0.30000000000000004,6801.393814086914,4700,1,0.30000000000000004,12292.687927246094,4700,1,0.30000000000000004,45900.6463470459,4700,1,0.30000000000000004,38038.19680786133,4700,1,0.30000000000000004,47266.208251953125,4700,1,0.30000000000000004,30354.168075561523,4700,1,0.30000000000000004,7275.431671142578,4700,1,0.30000000000000004,7164.818542480469,4700,1,0.30000000000000004,6755.345245361328,4700,1,0.30000000000000004,6973.335311889648,4700,1,0.30000000000000004,16449.79962158203,3007,3007,3007,3007,3007,3007,3007,3007,3007,3007,3007,3007,4690,4691,3007,3007,3007,4690,3007,3007,3007,3007,3007,4690,95,0,0,0,0,0,0,5,5.882352828979492,5,0,0,5,0,0,0,0,0,14.285715103149414,100,0,0,0,0,66481098752,12884893696,1700737024,0
99,1780596711017,58093.98147583008,4700,1,0.3062499999999999,6938.099365234375,4700,1,0.3062499999999999,6801.396896362305,4700,1,0.3062499999999999,12292.793762207031,4700,1,0.3062499999999999,45900.93550109863,4700,1,0.3062499999999999,38038.46192932129,4700,1,0.3062499999999999,47266.36543273926,4700,1,0.3062499999999999,30355.045211791992,4700,1,0.3062499999999999,7275.434753417969,4700,1,0.3062499999999999,7164.821685791016,4700,1,0.3062499999999999,6755.348327636719,4700,1,0.3062499999999999,6973.338455200195,4700,1,0.3062499999999999,16455.360229492188,3007,3007,3007,3007,3007,3007,3007,3007,3007,3007,3007,3007,4690,4691,3007,3007,3007,4690,3007,3007,3007,3007,3007,4690,100,0,0,0,5,0,9.523809432983398,0,5.263157844543457,5,0,0,22.72727394104004,0,0,0,0,5.555555820465088,0,100,0,0,0,0,66481098752,12884893696,1698893824,0
99,1780596711117,58094.76727294922,4700,1,0.30000000000000004,6938.102447509766,4700,1,0.3062499999999999,6801.399978637695,4700,1,0.3062499999999999,12293.013671875,4700,1,0.30000000000000004,45901.133865356445,4700,1,0.30000000000000004,38038.779708862305,4700,1,0.30000000000000004,47266.43565368652,4700,1,0.3062499999999999,30355.931686401367,4700,1,0.3062499999999999,7275.437835693359,4700,1,0.3062499999999999,7164.824768066406,4700,1,0.3062499999999999,6755.351287841797,4700,1,0.3062499999999999,6973.341537475586,4700,1,0.3062499999999999,16460.82374572754,3007,3007,3007,3007,3007,3007,3007,3007,3007,3007,3007,3007,4690,4691,3007,3007,3007,4690,3007,3007,3007,3007,3007,4690,100,0,0,0,5,0,9.523809432983398,0,5.263157844543457,5,0,0,22.72727394104004,0,0,0,0,5.555555820465088,0,100,0,0,0,0,66481098752,12884893696,1699135488,0
99,1780596711217,58095.52632141113,4700,1,0.30000000000000004,6938.105529785156,4700,1,0.3062499999999999,6801.403060913086,4700,1,0.3062499999999999,12293.161026000977,4700,1,0.30000000000000004,45901.33222961426,4700,1,0.30000000000000004,38039.140380859375,4700,1,0.30000000000000004,47266.529724121094,4700,1,0.30000000000000004,30356.807907104492,4700,1,0.30000000000000004,7275.44091796875,4700,1,0.30000000000000004,7164.827880859375,4700,1,0.30000000000000004,6755.3543701171875,4700,1,0.3062499999999999,6973.344680786133,4700,1,0.3062499999999999,16466.316848754883,3007,3007,3007,3007,3007,3007,3007,3007,3007,3007,3007,3007,4690,4691,3007,3007,3007,4690,3007,3007,3007,3007,3007,4690,95.23809814453125,0,0,0,5,5,0,0,0,5.555555820465088,0,0,0,0,0,0,0,15.000000953674316,0,100,0,0,0,0,66481098752,12884893696,1697804288,0
99,1780596711317,58096.2799987793,4700,1,0.30000000000000004,6938.108612060547,4700,1,0.30000000000000004,6801.406143188477,4700,1,0.30000000000000004,12293.256866455078,4700,1,0.30000000000000004,45901.501037597656,4700,1,0.30000000000000004,38039.49658203125,4700,1,0.30000000000000004,47266.724212646484,4700,1,0.30000000000000004,30357.672592163086,4700,1,0.30000000000000004,7275.444000244141,4700,1,0.30000000000000004,7164.831039428711,4700,1,0.30000000000000004,6755.3572998046875,4700,1,0.30000000000000004,6973.347763061523,4700,1,0.30000000000000004,16471.849853515625,3007,3007,3007,3007,3007,3007,3007,3007,3007,3007,3007,3007,4690,4691,3007,3007,3007,4690,3007,3007,3007,3007,3007,4690,95.23809814453125,0,0,0,5,5,0,0,0,5.555555820465088,0,0,0,0,0,0,0,15.000000953674316,0,100,0,0,0,0,66481098752,12884893696,1698439168,0
99,1780596711417,58097.035400390625,4700,1,0.30000000000000004,6938.111724853516,4700,1,0.30000000000000004,6801.409225463867,4700,1,0.30000000000000004,12293.513763427734,4700,1,0.30000000000000004,45901.67692565918,4700,1,0.30000000000000004,38039.80583190918,4700,1,0.30000000000000004,47266.805892944336,4700,1,0.30000000000000004,30358.555572509766,4700,1,0.30000000000000004,7275.447052001953,4700,1,0.30000000000000004,7164.83415222168,4700,1,0.30000000000000004,6755.360244750977,4700,1,0.30000000000000004,6973.350875854492,4700,1,0.30000000000000004,16477.379135131836,3007,3007,3007,3007,3007,3007,3007,3007,3007,3007,3007,3007,4690,4691,3007,3007,3007,4690,3007,3007,3007,3007,3007,4690,100,0,0,0,0,0,0,21.7391300201416,5,10,0,0,5,0,0,0,0,15.789472579956055,0,100,0,0,0,0,66481098752,12884893696,1682350080,0
99,1780596711517,58097.78971862793,4700,1,0.30000000000000004,6938.114776611328,4700,1,0.30000000000000004,6801.41227722168,4700,1,0.30000000000000004,12293.750946044922,4700,1,0.30000000000000004,45901.99606323242,4700,1,0.30000000000000004,38039.859619140625,4700,1,0.30000000000000004,47267.00160217285,4700,1,0.30000000000000004,30359.43588256836,4700,1,0.30000000000000004,7275.450134277344,4700,1,0.30000000000000004,7164.837203979492,4700,1,0.30000000000000004,6755.36328125,4700,1,0.30000000000000004,6973.35400390625,4700,1,0.30000000000000004,16482.765106201172,3007,3007,3007,3007,3007,3007,3007,3007,3007,3007,3007,3007,4690,4691,3007,3007,3007,4690,3007,3007,3007,3007,3007,4690,100,0,0,0,0,0,0,21.7391300201416,5,10,0,0,5,0,0,0,0,15.789472579956055,0,100,0,0,0,0,66481098752,12884893696,1683808256,0
99,1780596711617,58098.542053222656,4700,1,0.30000000000000004,6938.117858886719,4700,1,0.30000000000000004,6801.415344238281,4700,1,0.30000000000000004,12294.006286621094,4700,1,0.30000000000000004,45902.30839538574,4700,1,0.30000000000000004,38040.01121520996,4700,1,0.30000000000000004,47267.078521728516,4700,1,0.30000000000000004,30360.318283081055,4700,1,0.30000000000000004,7275.453216552734,4700,1,0.30000000000000004,7164.840255737305,4700,1,0.30000000000000004,6755.366302490234,4700,1,0.30000000000000004,6973.35710144043,4700,1,0.30000000000000004,16488.236541748047,3007,3007,3007,3007,3007,3007,3007,3007,3007,3007,3007,3007,4690,4691,3007,3007,3007,4690,3007,3007,3007,3007,3007,4690,94.73684692382813,13.636363983154297,0,0,0,0,15.789472579956055,0,5.263157844543457,14.285715103149414,0,0,10.526315689086914,0,0,0,0,0,0,100,0,0,0,0,66481098752,12884893696,1686360064,0
99,1780596711717,58099.301177978516,4700,1,0.3062499999999999,6938.120941162109,4700,1,0.3062499999999999,6801.418426513672,4700,1,0.3062499999999999,12294.257934570313,4700,1,0.3062499999999999,45902.544662475586,4700,1,0.3062499999999999,38040.24264526367,4700,1,0.3062499999999999,47267.2901763916,4700,1,0.3062499999999999,30361.19744873047,4700,1,0.3062499999999999,7275.45637512207,4700,1,0.3062499999999999,7164.843338012695,4700,1,0.3062499999999999,6755.369491577148,4700,1,0.3062499999999999,6973.360244750977,4700,1,0.3062499999999999,16493.784545898438,3007,3007,3007,3007,3007,3007,3007,3007,3007,3007,3007,3007,4690,4691,3007,3007,3007,4690,3007,3007,3007,3007,3007,4690,94.73684692382813,13.636363983154297,0,0,0,0,15.789472579956055,0,5.263157844543457,14.285715103149414,0,0,10.526315689086914,0,0,0,0,0,0,100,0,0,0,0,66481098752,12884893696,1688621056,0
99,1780596711817,58100.06629943848,4700,1,0.30000000000000004,6938.1240234375,4700,1,0.3062499999999999,6801.4215087890625,4700,1,0.3062499999999999,12294.508041381836,4700,1,0.30000000000000004,45902.79316711426,4700,1,0.30000000000000004,38040.46781921387,4700,1,0.3062499999999999,47267.4983215332,4700,1,0.3062499999999999,30362.075408935547,4700,1,0.3062499999999999,7275.459457397461,4700,1,0.3062499999999999,7164.846481323242,4700,1,0.3062499999999999,6755.3724365234375,4700,1,0.3062499999999999,6973.363327026367,4700,1,0.3062499999999999,16499.30809020996,3007,3007,3007,3007,3007,3007,3007,3007,3007,3007,3007,3007,4690,4691,3007,3007,3007,4690,3007,3007,3007,3007,3007,4690,95,0,0,0,0,0,15.000000953674316,0,10,5.263157844543457,0,0,0,0,0,0,0,10,0,100,0,0,0,0,66481098752,12884893696,1690742784,0
99,1780596711917,58100.83076477051,4700,1,0.30000000000000004,6938.127166748047,4700,1,0.3062499999999999,6801.424621582031,4700,1,0.3062499999999999,12294.760864257813,4700,1,0.30000000000000004,45903.03463745117,4700,1,0.30000000000000004,38040.69477844238,4700,1,0.30000000000000004,47267.710540771484,4700,1,0.30000000000000004,30362.952758789063,4700,1,0.3062499999999999,7275.462539672852,4700,1,0.3062499999999999,7164.849563598633,4700,1,0.3062499999999999,6755.375411987305,4700,1,0.3062499999999999,6973.366409301758,4700,1,0.3062499999999999,16504.894927978516,3007,3007,3007,3007,3007,3007,3007,3007,3007,3007,3007,3007,4690,4691,3007,3007,3007,4690,3007,3007,3007,3007,3007,4690,95,0,0,0,0,0,15.000000953674316,0,10,5.263157844543457,0,0,0,0,0,0,0,10,0,100,0,0,0,0,66481098752,12884893696,1693655040,0
99,1780596712017,58101.58981323242,4700,1,0.3062499999999999,6938.1302490234375,4700,1,0.3062499999999999,6801.427703857422,4700,1,0.3062499999999999,12295.008209228516,4700,1,0.3062499999999999,45903.249588012695,4700,1,0.3062499999999999,38040.92874145508,4700,1,0.3062499999999999,47267.932357788086,4700,1,0.3062499999999999,30363.826446533203,4700,1,0.3062499999999999,7275.465621948242,4700,1,0.3062499999999999,7164.852645874023,4700,1,0.3062499999999999,6755.3785400390625,4700,1,0.3062499999999999,6973.369552612305,4700,1,0.3062499999999999,16510.49725341797,3007,3007,3007,3007,3007,3007,3007,3007,3007,3007,3007,3007,4690,4691,3007,3007,3007,4690,3007,3007,3007,3007,3007,4690,100,0,0,0,0,0,15.000000953674316,0,22.72727394104004,0,0,0,0,0,0,0,0,10.526315689086914,0,100,0,0,0,0,66481098752,12884893696,1695694848,0
99,1780596712118,58102.357162475586,4700,1,0.30000000000000004,6938.133331298828,4700,1,0.30000000000000004,6801.4307861328125,4700,1,0.30000000000000004,12295.252822875977,4700,1,0.30000000000000004,45903.49971008301,4700,1,0.30000000000000004,38041.17533874512,4700,1,0.30000000000000004,47268.12144470215,4700,1,0.30000000000000004,30364.696548461914,4700,1,0.30000000000000004,7275.468673706055,4700,1,0.30000000000000004,7164.855712890625,4700,1,0.30000000000000004,6755.383590698242,4700,1,0.30000000000000004,6973.372634887695,4700,1,0.30000000000000004,16516.05975341797,3007,3007,3007,3007,3007,3007,3007,3007,3007,3007,3007,3007,4690,4691,3007,3007,3007,4690,3007,3007,3007,3007,3007,4690,100,0,0,0,0,0,15.000000953674316,0,22.72727394104004,0,0,0,0,0,0,0,0,10.526315689086914,0,100,0,0,0,0,66481098752,12884893696,1696731136,0
99,1780596712218,58103.126525878906,4700,1,0.30000000000000004,6938.136413574219,4700,1,0.30000000000000004,6801.433868408203,4700,1,0.30000000000000004,12295.492767333984,4700,1,0.30000000000000004,45903.65936279297,4700,1,0.30000000000000004,38041.40979003906,4700,1,0.30000000000000004,47268.39530944824,4700,1,0.30000000000000004,30365.568771362305,4700,1,0.30000000000000004,7275.471786499023,4700,1,0.30000000000000004,7164.858840942383,4700,1,0.30000000000000004,6755.386642456055,4700,1,0.30000000000000004,6973.375747680664,4700,1,0.30000000000000004,16521.660934448242,3007,3007,3007,3007,3007,3007,3007,3007,3007,3007,3007,3007,4690,4691,3007,3007,3007,4690,3007,3007,3007,3007,3007,4690,94.73684692382813,0,0,0,0,0,10,15.000000953674316,5.263157844543457,5.263157844543457,0,0,0,0,0,0,0,0,5,100,0,0,0,0,66481098752,12884893696,1696710656,0
99,1780596712318,58103.90711975098,4700,1,0.30000000000000004,6938.139465332031,4700,1,0.30000000000000004,6801.436920166016,4700,1,0.30000000000000004,12295.721618652344,4700,1,0.30000000000000004,45903.94631958008,4700,1,0.30000000000000004,38041.59309387207,4700,1,0.30000000000000004,47268.58419799805,4700,1,0.30000000000000004,30366.426635742188,4700,1,0.30000000000000004,7275.474899291992,4700,1,0.30000000000000004,7164.861999511719,4700,1,0.30000000000000004,6755.389694213867,4700,1,0.30000000000000004,6973.378829956055,4700,1,0.30000000000000004,16527.157455444336,3007,3007,3007,3007,3007,3007,3007,3007,3007,3007,3007,3007,4690,4691,3007,3007,3007,4690,3007,3007,3007,3007,3007,4690,94.73684692382813,0,0,0,0,0,10,15.000000953674316,5.263157844543457,5.263157844543457,0,0,0,0,0,0,0,0,5,100,0,0,0,0,66481098752,12884893696,1700605952,0
99,1780596712418,58104.68859863281,4700,1,0.30000000000000004,6938.142593383789,4700,1,0.30000000000000004,6801.440093994141,4700,1,0.30000000000000004,12295.952407836914,4700,1,0.30000000000000004,45904.13407897949,4700,1,0.30000000000000004,38041.674728393555,4700,1,0.30000000000000004,47268.893005371094,4700,1,0.30000000000000004,30367.284744262695,4700,1,0.30000000000000004,7275.47802734375,4700,1,0.30000000000000004,7164.865127563477,4700,1,0.30000000000000004,6755.392715454102,4700,1,0.30000000000000004,6973.383529663086,4700,1,0.30000000000000004,16532.632568359375,3007,3007,3007,3007,3007,3007,3007,3007,3007,3007,3007,3007,4690,4691,3007,3007,3007,4690,3007,3007,3007,3007,3007,4690,100,5,0,0,0,0,15.000000953674316,5,5,0,0,0,5.263157844543457,0,0,0,0,0,15.789472579956055,100,0,0,0,0,66481098752,12884893696,1702387712,0
99,1780596712518,58105.45877075195,4700,1,0.3062499999999999,6938.14567565918,4700,1,0.3062499999999999,6801.443176269531,4700,1,0.3062499999999999,12296.188446044922,4700,1,0.3062499999999999,45904.36544799805,4700,1,0.3062499999999999,38041.8850402832,4700,1,0.3062499999999999,47269.13464355469,4700,1,0.3062499999999999,30368.153121948242,4700,1,0.3062499999999999,7275.481140136719,4700,1,0.3062499999999999,7164.868270874023,4700,1,0.3062499999999999,6755.39582824707,4700,1,0.3062499999999999,6973.3902587890625,4700,1,0.3062499999999999,16538.213912963867,3007,3007,3007,3007,3007,3007,3007,3007,3007,3007,3007,3007,4690,4691,3007,3007,3007,4690,3007,3007,3007,3007,3007,4690,100,5,0,0,0,0,15.000000953674316,5,5,0,0,0,5.263157844543457,0,0,0,0,0,15.789472579956055,100,0,0,0,0,66481098752,12884893696,1699581952,0
99,1780596712618,58106.22933959961,4700,1,0.3062499999999999,6938.148788452148,4700,1,0.3062499999999999,6801.446258544922,4700,1,0.3062499999999999,12296.429077148438,4700,1,0.3062499999999999,45904.572509765625,4700,1,0.3062499999999999,38042.11201477051,4700,1,0.3062499999999999,47269.37643432617,4700,1,0.3062499999999999,30369.02784729004,4700,1,0.3062499999999999,7275.484222412109,4700,1,0.3062499999999999,7164.87141418457,4700,1,0.3062499999999999,6755.398742675781,4700,1,0.3062499999999999,6973.393341064453,4700,1,0.3062499999999999,16543.77210998535,3007,3007,3007,3007,3007,3007,3007,3007,3007,3007,3007,3007,4690,4691,3007,3007,3007,4690,3007,3007,3007,3007,3007,4690,100,0,0,0,0,0,10,10.526315689086914,10.526315689086914,5,0,0,0,0,0,0,0,0,4.761904716491699,100,0,0,0,0,66481098752,12884893696,1702686720,0
99,1780596712718,58106.99061584473,4700,1,0.30000000000000004,6938.151885986328,4700,1,0.30000000000000004,6801.449356079102,4700,1,0.30000000000000004,12296.67073059082,4700,1,0.30000000000000004,45904.59292602539,4700,1,0.30000000000000004,38042.267181396484,4700,1,0.30000000000000004,47269.72462463379,4700,1,0.30000000000000004,30369.90367126465,4700,1,0.30000000000000004,7275.4873046875,4700,1,0.30000000000000004,7164.874481201172,4700,1,0.30000000000000004,6755.40185546875,4700,1,0.30000000000000004,6973.396484375,4700,1,0.30000000000000004,16549.243240356445,3007,3007,3007,3007,3007,3007,3007,3007,3007,3007,3007,3007,4690,4691,3007,3007,3007,4690,3007,3007,3007,3007,3007,4690,100,0,0,0,0,0,10,10.526315689086914,10.526315689086914,5,0,0,0,0,0,0,0,0,4.761904716491699,100,0,0,0,0,66481098752,12884893696,1698955264,0
99,1780596712818,58107.75889587402,4700,1,0.30000000000000004,6938.154968261719,4700,1,0.30000000000000004,6801.452438354492,4700,1,0.30000000000000004,12296.921615600586,4700,1,0.30000000000000004,45904.61544799805,4700,1,0.30000000000000004,38042.446197509766,4700,1,0.30000000000000004,47270.051498413086,4700,1,0.30000000000000004,30370.769989013672,4700,1,0.30000000000000004,7275.4903564453125,4700,1,0.30000000000000004,7164.877532958984,4700,1,0.30000000000000004,6755.411529541016,4700,1,0.30000000000000004,6973.399566650391,4700,1,0.30000000000000004,16554.722763061523,3007,3007,3007,3007,3007,3007,3007,3007,3007,3007,3007,3007,4690,4691,3007,3007,3007,4690,3007,3007,3007,3007,3007,4690,95,0,0,0,0,4.761904716491699,0,0,25,5,0,0,0,0,0,0,0,0,20,100,0,0,0,0,66481098752,12884893696,1698177024,0
99,1780596712918,58108.52992248535,4700,1,0.30000000000000004,6938.158020019531,4700,1,0.30000000000000004,6801.455490112305,4700,1,0.30000000000000004,12297.233001708984,4700,1,0.30000000000000004,45904.63722229004,4700,1,0.30000000000000004,38042.67436218262,4700,1,0.30000000000000004,47270.29051208496,4700,1,0.30000000000000004,30371.644973754883,4700,1,0.30000000000000004,7275.493438720703,4700,1,0.30000000000000004,7164.880645751953,4700,1,0.30000000000000004,6755.414337158203,4700,1,0.30000000000000004,6973.402618408203,4700,1,0.30000000000000004,16560.167434692383,3007,3007,3007,3007,3007,3007,3007,3007,3007,3007,3007,3007,4690,4691,3007,3007,3007,4690,3007,3007,3007,3007,3007,4690,95,0,0,0,0,4.761904716491699,0,0,25,5,0,0,0,0,0,0,0,0,20,100,0,0,0,0,66481098752,12884893696,1699594240,0
99,1780596713018,58109.29898071289,4700,1,0.3062499999999999,6938.161102294922,4700,1,0.3062499999999999,6801.458557128906,4700,1,0.3062499999999999,12297.558685302734,4700,1,0.3062499999999999,45904.647399902344,4700,1,0.3062499999999999,38042.902770996094,4700,1,0.3062499999999999,47270.50682067871,4700,1,0.3062499999999999,30372.519409179688,4700,1,0.3062499999999999,7275.496520996094,4700,1,0.3062499999999999,7164.883728027344,4700,1,0.3062499999999999,6755.417465209961,4700,1,0.3062499999999999,6973.40576171875,4700,1,0.3062499999999999,16565.6573638916,3007,3007,3007,3007,3007,3007,3007,3007,3007,3007,3007,3007,4690,4691,3007,3007,3007,4690,3007,3007,3007,3007,3007,4690,100,0,0,0,0,15.000000953674316,0,22.72727394104004,5.555555820465088,0,0,0,0,0,0,0,0,0,0,100,0,0,0,0,66481098752,12884893696,1700810752,0
99,1780596713118,58110.065017700195,4700,1,0.3062499999999999,6938.1641845703125,4700,1,0.3062499999999999,6801.461639404297,4700,1,0.3062499999999999,12297.808731079102,4700,1,0.3062499999999999,45904.672622680664,4700,1,0.3062499999999999,38043.25199890137,4700,1,0.3062499999999999,47270.64587402344,4700,1,0.3062499999999999,30373.400955200195,4700,1,0.3062499999999999,7275.499603271484,4700,1,0.3062499999999999,7164.886779785156,4700,1,0.3062499999999999,6755.420455932617,4700,1,0.3062499999999999,6973.408843994141,4700,1,0.3062499999999999,16571.14109802246,3007,3007,3007,3007,3007,3007,3007,3007,3007,3007,3007,3007,4690,4691,3007,3007,3007,4690,3007,3007,3007,3007,3007,4690,100,0,0,0,0,15.000000953674316,0,22.72727394104004,5.555555820465088,0,0,0,0,0,0,0,0,0,0,100,0,0,0,0,66481098752,12884893696,1702653952,0
99,1780596713218,58110.83515930176,4700,1,0.3062499999999999,6938.167266845703,4700,1,0.3062499999999999,6801.4647216796875,4700,1,0.3062499999999999,12298.05435180664,4700,1,0.3062499999999999,45904.69177246094,4700,1,0.3062499999999999,38043.572189331055,4700,1,0.3062499999999999,47270.83395385742,4700,1,0.3062499999999999,30374.27976989746,4700,1,0.3062499999999999,7275.502685546875,4700,1,0.3062499999999999,7164.889892578125,4700,1,0.3062499999999999,6755.42350769043,4700,1,0.3062499999999999,6973.412002563477,4700,1,0.3062499999999999,16576.57875061035,3007,3007,3007,3007,3007,3007,3007,3007,3007,3007,3007,3007,4690,4691,3007,3007,3007,4690,3007,3007,3007,3007,3007,4690,95.23809814453125,9.523809432983398,0,0,0,0,0,10.526315689086914,9.523809432983398,5,0,0,5,0,0,0,0,20,0,100,0,0,0,0,66481098752,12884893696,1703944192,0
99,1780596713318,58111.60160827637,4700,1,0.30000000000000004,6938.170349121094,4700,1,0.3062499999999999,6801.467803955078,4700,1,0.3062499999999999,12298.179092407227,4700,1,0.30000000000000004,45904.85218811035,4700,1,0.3062499999999999,38043.92041015625,4700,1,0.3062499999999999,47270.97367858887,4700,1,0.3062499999999999,30375.15884399414,4700,1,0.3062499999999999,7275.505767822266,4700,1,0.3062499999999999,7164.893096923828,4700,1,0.3062499999999999,6755.426513671875,4700,1,0.3062499999999999,6973.415084838867,4700,1,0.3062499999999999,16582.095306396484,3007,3007,3007,3007,3007,3007,3007,3007,3007,3007,3007,3007,4690,4691,3007,3007,3007,4690,3007,3007,3007,3007,3007,4690,95.23809814453125,9.523809432983398,0,0,0,0,0,10.526315689086914,9.523809432983398,5,0,0,5,0,0,0,0,20,0,100,0,0,0,0,66481098752,12884893696,1705082880,0
99,1780596713418,58112.35806274414,4700,1,0.30000000000000004,6938.173431396484,4700,1,0.30000000000000004,6801.470947265625,4700,1,0.3062499999999999,12298.184341430664,4700,1,0.30000000000000004,45905.1047668457,4700,1,0.30000000000000004,38044.10366821289,4700,1,0.30000000000000004,47271.29666137695,4700,1,0.30000000000000004,30376.038818359375,4700,1,0.30000000000000004,7275.508895874023,4700,1,0.30000000000000004,7164.896240234375,4700,1,0.30000000000000004,6755.429626464844,4700,1,0.30000000000000004,6973.418212890625,4700,1,0.30000000000000004,16587.5400390625,3007,3007,3007,3007,3007,3007,3007,3007,3007,3007,3007,3007,4690,4691,3007,3007,3007,4690,3007,3007,3007,3007,3007,4690,100,0,0,0,0,0,0,15.000000953674316,5.263157844543457,10,0,0,0,0,0,0,0,5.555555820465088,0,100,0,0,0,0,66481098752,12884893696,1704046592,0
99,1780596713518,58113.12309265137,4700,1,0.30000000000000004,6938.176513671875,4700,1,0.30000000000000004,6801.474029541016,4700,1,0.30000000000000004,12298.194931030273,4700,1,0.30000000000000004,45905.353576660156,4700,1,0.30000000000000004,38044.28465270996,4700,1,0.30000000000000004,47271.61215209961,4700,1,0.30000000000000004,30376.902297973633,4700,1,0.30000000000000004,7275.512008666992,4700,1,0.30000000000000004,7164.8992919921875,4700,1,0.30000000000000004,6755.432693481445,4700,1,0.30000000000000004,6973.421356201172,4700,1,0.30000000000000004,16593.08753967285,3007,3007,3007,3007,3007,3007,3007,3007,3007,3007,3007,3007,4690,4691,3007,3007,3007,4690,3007,3007,3007,3007,3007,4690,100,0,0,0,0,0,0,15.000000953674316,5.263157844543457,10,0,0,0,0,0,0,0,5.555555820465088,0,100,0,0,0,0,66481098752,12884893696,1704497152,0
99,1780596713618,58113.9308013916,4700,1,0.30000000000000004,6938.1795654296875,4700,1,0.30000000000000004,6801.477081298828,4700,1,0.30000000000000004,12298.424835205078,4700,1,0.30000000000000004,45905.63563537598,4700,1,0.30000000000000004,38044.47169494629,4700,1,0.30000000000000004,47271.78854370117,4700,1,0.30000000000000004,30377.75961303711,4700,1,0.30000000000000004,7275.515075683594,4700,1,0.30000000000000004,7164.902374267578,4700,1,0.30000000000000004,6755.435607910156,4700,1,0.30000000000000004,6973.424407958984,4700,1,0.30000000000000004,16598.651779174805,3007,3007,3007,3007,3007,3007,3007,3007,3007,3007,3007,3007,4690,4691,3007,3007,3007,4690,3007,3007,3007,3007,3007,4690,95.23809814453125,0,0,0,5,9.523809432983398,5,4.761904716491699,10.526315689086914,5,0,0,9.523809432983398,0,0,0,0,5,10,100,0,0,0,0,66481098752,12884893696,1697832960,0
99,1780596713718,58114.70120239258,4700,1,0.30000000000000004,6938.182708740234,4700,1,0.30000000000000004,6801.480224609375,4700,1,0.30000000000000004,12298.647644042969,4700,1,0.30000000000000004,45905.85641479492,4700,1,0.30000000000000004,38044.697845458984,4700,1,0.30000000000000004,47272.03601074219,4700,1,0.30000000000000004,30378.631729125977,4700,1,0.30000000000000004,7275.518157958984,4700,1,0.30000000000000004,7164.905517578125,4700,1,0.30000000000000004,6755.438934326172,4700,1,0.30000000000000004,6973.42756652832,4700,1,0.30000000000000004,16604.186294555664,3007,3007,3007,3007,3007,3007,3007,3007,3007,3007,3007,3007,4690,4691,3007,3007,3007,4690,3007,3007,3007,3007,3007,4690,95.23809814453125,0,0,0,5,9.523809432983398,5,4.761904716491699,10.526315689086914,5,0,0,9.523809432983398,0,0,0,0,5,10,100,0,0,0,0,66481098752,12884893696,1698811904,0
99,1780596713818,58115.47479248047,4700,1,0.3062499999999999,6938.185791015625,4700,1,0.3062499999999999,6801.483306884766,4700,1,0.3062499999999999,12298.669036865234,4700,1,0.3062499999999999,45906.06806945801,4700,1,0.3062499999999999,38045.0163269043,4700,1,0.3062499999999999,47272.28205871582,4700,1,0.3062499999999999,30379.504013061523,4700,1,0.3062499999999999,7275.521240234375,4700,1,0.3062499999999999,7164.908599853516,4700,1,0.3062499999999999,6755.441864013672,4700,1,0.3062499999999999,6973.430648803711,4700,1,0.3062499999999999,16609.696563720703,3007,3007,3007,3007,3007,3007,3007,3007,3007,3007,3007,3007,4690,4691,3007,3007,3007,4690,3007,3007,3007,3007,3007,4690,100,0,0,0,0,0,15.000000953674316,0,0,5,0,0,0,0,0,0,0,5,14.285715103149414,100,0,0,0,0,66481098752,12884893696,1700085760,0
99,1780596713918,58116.24794006348,4700,1,0.3062499999999999,6938.188873291016,4700,1,0.3062499999999999,6801.486389160156,4700,1,0.3062499999999999,12298.674240112305,4700,1,0.3062499999999999,45906.284240722656,4700,1,0.3062499999999999,38045.348861694336,4700,1,0.3062499999999999,47272.51142883301,4700,1,0.3062499999999999,30380.37680053711,4700,1,0.3062499999999999,7275.524353027344,4700,1,0.3062499999999999,7164.911682128906,4700,1,0.3062499999999999,6755.444793701172,4700,1,0.3062499999999999,6973.433731079102,4700,1,0.3062499999999999,16615.177764892578,3007,3007,3007,3007,3007,3007,3007,3007,3007,3007,3007,3007,4690,4691,3007,3007,3007,4690,3007,3007,3007,3007,3007,4690,100,0,0,0,0,0,15.000000953674316,0,0,5,0,0,0,0,0,0,0,5,14.285715103149414,100,0,0,0,0,66481098752,12884893696,1701335040,0
99,1780596714019,58117.014419555664,4700,1,0.30000000000000004,6938.191955566406,4700,1,0.3062499999999999,6801.489471435547,4700,1,0.3062499999999999,12298.678985595703,4700,1,0.30000000000000004,45906.52345275879,4700,1,0.30000000000000004,38045.68997192383,4700,1,0.30000000000000004,47272.70428466797,4700,1,0.30000000000000004,30381.254348754883,4700,1,0.30000000000000004,7275.527435302734,4700,1,0.3062499999999999,7164.914703369141,4700,1,0.3062499999999999,6755.447830200195,4700,1,0.3062499999999999,6973.4368896484375,4700,1,0.3062499999999999,16620.647506713867,3007,3007,3007,3007,3007,3007,3007,3007,3007,3007,3007,3007,4690,4691,3007,3007,3007,4690,3007,3007,3007,3007,3007,4690,94.73684692382813,0,0,0,0,0,15.000000953674316,19.047618865966797,0,0,0,0,5,0,0,0,0,0,5.555555820465088,100,0,0,0,0,66481098752,12884893696,1699000320,0
99,1780596714119,58117.78253173828,4700,1,0.30000000000000004,6938.195037841797,4700,1,0.3062499999999999,6801.4925537109375,4700,1,0.3062499999999999,12298.909576416016,4700,1,0.30000000000000004,45906.700103759766,4700,1,0.30000000000000004,38046.00880432129,4700,1,0.30000000000000004,47272.7448425293,4700,1,0.30000000000000004,30382.13298034668,4700,1,0.30000000000000004,7275.530517578125,4700,1,0.30000000000000004,7164.9178466796875,4700,1,0.30000000000000004,6755.450897216797,4700,1,0.30000000000000004,6973.439971923828,4700,1,0.30000000000000004,16626.059051513672,3007,3007,3007,3007,3007,3007,3007,3007,3007,3007,3007,3007,4690,4691,3007,3007,3007,4690,3007,3007,3007,3007,3007,4690,94.73684692382813,0,0,0,0,0,15.000000953674316,19.047618865966797,0,0,0,0,5,0,0,0,0,0,5.555555820465088,100,0,0,0,0,66481098752,12884893696,1697615872,0
99,1780596714219,58118.54286193848,4700,1,0.30000000000000004,6938.1981201171875,4700,1,0.30000000000000004,6801.495635986328,4700,1,0.30000000000000004,12299.154769897461,4700,1,0.30000000000000004,45906.89874267578,4700,1,0.30000000000000004,38046.2301940918,4700,1,0.30000000000000004,47272.98696899414,4700,1,0.30000000000000004,30382.997985839844,4700,1,0.30000000000000004,7275.5335693359375,4700,1,0.30000000000000004,7164.920928955078,4700,1,0.30000000000000004,6755.453903198242,4700,1,0.30000000000000004,6973.443115234375,4700,1,0.30000000000000004,16631.615325927734,3007,3007,3007,3007,3007,3007,3007,3007,3007,3007,3007,3007,4690,4691,3007,3007,3007,4690,3007,3007,3007,3007,3007,4690,100,0,0,0,0,5,13.636363983154297,11.111111640930176,0,0,0,0,4.761904716491699,0,0,0,0,9.523809432983398,5.263157844543457,100,0,0,0,0,66481098752,12884893696,1697951744,0
99,1780596714319,58119.31346130371,4700,1,0.3062499999999999,6938.201171875,4700,1,0.3062499999999999,6801.498687744141,4700,1,0.3062499999999999,12299.255783081055,4700,1,0.3062499999999999,45907.145599365234,4700,1,0.3062499999999999,38046.553131103516,4700,1,0.3062499999999999,47273.14343261719,4700,1,0.3062499999999999,30383.872344970703,4700,1,0.3062499999999999,7275.536651611328,4700,1,0.3062499999999999,7164.924102783203,4700,1,0.3062499999999999,6755.4569091796875,4700,1,0.3062499999999999,6973.4461669921875,4700,1,0.3062499999999999,16637.11846923828,3007,3007,3007,3007,3007,3007,3007,3007,3007,3007,3007,3007,4690,4691,3007,3007,3007,4690,3007,3007,3007,3007,3007,4690,100,0,0,0,0,5,13.636363983154297,11.111111640930176,0,0,0,0,4.761904716491699,0,0,0,0,9.523809432983398,5.263157844543457,100,0,0,0,0,66481098752,12884893696,1700143104,0
99,1780596714419,58120.08312988281,4700,1,0.3062499999999999,6938.204254150391,4700,1,0.3062499999999999,6801.501770019531,4700,1,0.3062499999999999,12299.260467529297,4700,1,0.3062499999999999,45907.359298706055,4700,1,0.3062499999999999,38046.88491821289,4700,1,0.3062499999999999,47273.373596191406,4700,1,0.3062499999999999,30384.74282836914,4700,1,0.3062499999999999,7275.539733886719,4700,1,0.3062499999999999,7164.927185058594,4700,1,0.3062499999999999,6755.4598388671875,4700,1,0.3062499999999999,6973.449264526367,4700,1,0.3062499999999999,16642.639190673828,3007,3007,3007,3007,3007,3007,3007,3007,3007,3007,3007,3007,4690,4691,3007,3007,3007,4690,3007,3007,3007,3007,3007,4690,100,0,0,0,0,0,5,19.047618865966797,0,5,0,0,10,0,0,0,0,10,5.263157844543457,100,0,0,0,0,66481098752,12884893696,1700794368,0
99,1780596714519,58120.8514251709,4700,1,0.3062499999999999,6938.2073974609375,4700,1,0.3062499999999999,6801.504913330078,4700,1,0.3062499999999999,12299.437637329102,4700,1,0.3062499999999999,45907.53550720215,4700,1,0.3062499999999999,38047.13508605957,4700,1,0.3062499999999999,47273.62715148926,4700,1,0.3062499999999999,30385.61181640625,4700,1,0.3062499999999999,7275.542984008789,4700,1,0.3062499999999999,7164.930358886719,4700,1,0.3062499999999999,6755.462982177734,4700,1,0.3062499999999999,6973.452438354492,4700,1,0.3062499999999999,16648.18864440918,3007,3007,3007,3007,3007,3007,3007,3007,3007,3007,3007,3007,4690,4691,3007,3007,3007,4690,3007,3007,3007,3007,3007,4690,100,0,0,0,0,0,5,19.047618865966797,0,5,0,0,10,0,0,0,0,10,5.263157844543457,100,0,0,0,0,66481098752,12884893696,1704095744,0
99,1780596714619,58121.62350463867,4700,1,0.3062499999999999,6938.210540771484,4700,1,0.3062499999999999,6801.508056640625,4700,1,0.3062499999999999,12299.676681518555,4700,1,0.3062499999999999,45907.540603637695,4700,1,0.3062499999999999,38047.450744628906,4700,1,0.3062499999999999,47273.82620239258,4700,1,0.3062499999999999,30386.48081970215,4700,1,0.3062499999999999,7275.546127319336,4700,1,0.3062499999999999,7164.933502197266,4700,1,0.3062499999999999,6755.466018676758,4700,1,0.3062499999999999,6973.455581665039,4700,1,0.3062499999999999,16653.650802612305,3007,3007,3007,3007,3007,3007,3007,3007,3007,3007,3007,3007,4690,4691,3007,3007,3007,4690,3007,3007,3007,3007,3007,4690,95,0,0,0,0,0,0,10.526315689086914,10,0,0,0,4.761904716491699,0,0,0,0,5.263157844543457,5.263157844543457,100,0,0,0,0,66481098752,12884893696,1706283008,0
99,1780596714719,58122.402420043945,4700,1,0.30000000000000004,6938.213653564453,4700,1,0.3062499999999999,6801.511169433594,4700,1,0.3062499999999999,12299.909042358398,4700,1,0.30000000000000004,45907.56869506836,4700,1,0.30000000000000004,38047.62092590332,4700,1,0.30000000000000004,47274.13934326172,4700,1,0.30000000000000004,30387.35400390625,4700,1,0.30000000000000004,7275.549209594727,4700,1,0.30000000000000004,7164.936584472656,4700,1,0.30000000000000004,6755.469085693359,4700,1,0.3062499999999999,6973.458724975586,4700,1,0.3062499999999999,16659.138244628906,3007,3007,3007,3007,3007,3007,3007,3007,3007,3007,3007,3007,4690,4691,3007,3007,3007,4690,3007,3007,3007,3007,3007,4690,95,0,0,0,0,0,0,10.526315689086914,10,0,0,0,4.761904716491699,0,0,0,0,5.263157844543457,5.263157844543457,100,0,0,0,0,66481098752,12884893696,1704558592,0
99,1780596714819,58123.15921020508,4700,1,0.3062499999999999,6938.216735839844,4700,1,0.3062499999999999,6801.514251708984,4700,1,0.3062499999999999,12299.934600830078,4700,1,0.3062499999999999,45907.73405456543,4700,1,0.3062499999999999,38047.87483215332,4700,1,0.3062499999999999,47274.48603820801,4700,1,0.3062499999999999,30388.229080200195,4700,1,0.3062499999999999,7275.552291870117,4700,1,0.3062499999999999,7164.939666748047,4700,1,0.3062499999999999,6755.476150512695,4700,1,0.3062499999999999,6973.461807250977,4700,1,0.3062499999999999,16664.65721130371,3007,3007,3007,3007,3007,3007,3007,3007,3007,3007,3007,3007,4690,4691,3007,3007,3007,4690,3007,3007,3007,3007,3007,4690,100,0,0,0,0,0,0,5,15.000000953674316,9.523809432983398,0,0,0,0,0,0,0,0,11.111111640930176,100,0,0,0,0,66481098752,12884893696,1703276544,0
99,1780596714919,58123.92820739746,4700,1,0.30000000000000004,6938.219818115234,4700,1,0.30000000000000004,6801.517333984375,4700,1,0.30000000000000004,12299.93913269043,4700,1,0.30000000000000004,45908.00938415527,4700,1,0.30000000000000004,38048.15837097168,4700,1,0.30000000000000004,47274.68830871582,4700,1,0.30000000000000004,30389.085510253906,4700,1,0.30000000000000004,7275.55534362793,4700,1,0.30000000000000004,7164.942779541016,4700,1,0.30000000000000004,6755.479141235352,4700,1,0.30000000000000004,6973.464859008789,4700,1,0.30000000000000004,16670.175033569336,3007,3007,3007,3007,3007,3007,3007,3007,3007,3007,3007,3007,4690,4691,3007,3007,3007,4690,3007,3007,3007,3007,3007,4690,100,0,0,0,0,0,0,5,15.000000953674316,9.523809432983398,0,0,0,0,0,0,0,0,11.111111640930176,100,0,0,0,0,66481098752,12884893696,1706725376,0
99,1780596715019,58124.698974609375,4700,1,0.30000000000000004,6938.222900390625,4700,1,0.30000000000000004,6801.520416259766,4700,1,0.30000000000000004,12299.943954467773,4700,1,0.30000000000000004,45908.329025268555,4700,1,0.30000000000000004,38048.429138183594,4700,1,0.30000000000000004,47274.87742614746,4700,1,0.30000000000000004,30389.949798583984,4700,1,0.30000000000000004,7275.558456420898,4700,1,0.30000000000000004,7164.945892333984,4700,1,0.30000000000000004,6755.482269287109,4700,1,0.30000000000000004,6973.468048095703,4700,1,0.30000000000000004,16675.677978515625,3007,3007,3007,3007,3007,3007,3007,3007,3007,3007,3007,3007,4690,4691,3007,3007,3007,4690,3007,3007,3007,3007,3007,4690,100,0,0,0,0,0,19.047618865966797,0,5,0,0,0,0,0,0,0,0,5,5,100,0,0,0,0,66481098752,12884893696,1705213952,0
99,1780596715119,58125.47105407715,4700,1,0.30000000000000004,6938.2259521484375,4700,1,0.30000000000000004,6801.523468017578,4700,1,0.30000000000000004,12299.948699951172,4700,1,0.30000000000000004,45908.63398742676,4700,1,0.30000000000000004,38048.712310791016,4700,1,0.30000000000000004,47275.051818847656,4700,1,0.30000000000000004,30390.8106842041,4700,1,0.30000000000000004,7275.561508178711,4700,1,0.30000000000000004,7164.948928833008,4700,1,0.30000000000000004,6755.485260009766,4700,1,0.30000000000000004,6973.471099853516,4700,1,0.30000000000000004,16681.176147460938,3007,3007,3007,3007,3007,3007,3007,3007,3007,3007,3007,3007,4690,4691,3007,3007,3007,4690,3007,3007,3007,3007,3007,4690,100,0,0,0,0,0,19.047618865966797,0,5,0,0,0,0,0,0,0,0,5,5,100,0,0,0,0,66481098752,12884893696,1706356736,0
99,1780596715219,58126.24038696289,4700,1,0.3062499999999999,6938.229034423828,4700,1,0.3062499999999999,6801.526550292969,4700,1,0.3062499999999999,12299.953506469727,4700,1,0.3062499999999999,45908.85157775879,4700,1,0.3062499999999999,38049.02571105957,4700,1,0.3062499999999999,47275.279357910156,4700,1,0.3062499999999999,30391.675888061523,4700,1,0.3062499999999999,7275.564590454102,4700,1,0.3062499999999999,7164.952041625977,4700,1,0.3062499999999999,6755.488342285156,4700,1,0.3062499999999999,6973.474258422852,4700,1,0.3062499999999999,16686.68650817871,3007,3007,3007,3007,3007,3007,3007,3007,3007,3007,3007,3007,4690,4691,3007,3007,3007,4690,3007,3007,3007,3007,3007,4690,95.45454406738281,0,0,0,0,0,10.526315689086914,10,0,5,0,0,10,0,0,0,0,0,15.000000953674316,100,0,0,0,0,66481098752,12884893696,1708580864,0
99,1780596715319,58127.009674072266,4700,1,0.30000000000000004,6938.232116699219,4700,1,0.3062499999999999,6801.529632568359,4700,1,0.3062499999999999,12299.958557128906,4700,1,0.3062499999999999,45909.02214050293,4700,1,0.3062499999999999,38049.364196777344,4700,1,0.3062499999999999,47275.5281829834,4700,1,0.3062499999999999,30392.545349121094,4700,1,0.3062499999999999,7275.567672729492,4700,1,0.3062499999999999,7164.955261230469,4700,1,0.3062499999999999,6755.491409301758,4700,1,0.3062499999999999,6973.477340698242,4700,1,0.3062499999999999,16692.16571044922,3007,3007,3007,3007,3007,3007,3007,3007,3007,3007,3007,3007,4690,4691,3007,3007,3007,4690,3007,3007,3007,3007,3007,4690,95.45454406738281,0,0,0,0,0,10.526315689086914,10,0,5,0,0,10,0,0,0,0,0,15.000000953674316,100,0,0,0,0,66481098752,12884893696,1708736512,0
99,1780596715419,58127.778564453125,4700,1,0.30000000000000004,6938.235198974609,4700,1,0.3062499999999999,6801.53271484375,4700,1,0.3062499999999999,12299.989791870117,4700,1,0.30000000000000004,45909.18524169922,4700,1,0.30000000000000004,38049.69857788086,4700,1,0.30000000000000004,47275.77876281738,4700,1,0.30000000000000004,30393.423950195313,4700,1,0.3062499999999999,7275.570770263672,4700,1,0.3062499999999999,7164.95832824707,4700,1,0.3062499999999999,6755.494476318359,4700,1,0.3062499999999999,6973.480422973633,4700,1,0.3062499999999999,16697.685653686523,3007,3007,3007,3007,3007,3007,3007,3007,3007,3007,3007,3007,4690,4691,3007,3007,3007,4690,3007,3007,3007,3007,3007,4690,100,0,0,0,0,0,9.523809432983398,20,0,0,0,0,0,0,0,0,0,15.000000953674316,0,100,0,0,0,0,66481098752,12884893696,1705984000,0
99,1780596715519,58128.55625915527,4700,1,0.3062499999999999,6938.23828125,4700,1,0.3062499999999999,6801.535797119141,4700,1,0.3062499999999999,12300.166488647461,4700,1,0.3062499999999999,45909.427154541016,4700,1,0.3062499999999999,38049.95152282715,4700,1,0.3062499999999999,47276.016998291016,4700,1,0.3062499999999999,30394.30386352539,4700,1,0.3062499999999999,7275.573913574219,4700,1,0.3062499999999999,7164.961410522461,4700,1,0.3062499999999999,6755.497619628906,4700,1,0.3062499999999999,6973.48356628418,4700,1,0.3062499999999999,16703.222381591797,3007,3007,3007,3007,3007,3007,3007,3007,3007,3007,3007,3007,4690,4691,3007,3007,3007,4690,3007,3007,3007,3007,3007,4690,100,0,0,0,0,0,9.523809432983398,20,0,0,0,0,0,0,0,0,0,15.000000953674316,0,100,0,0,0,0,66481098752,12884893696,1707433984,0
99,1780596715619,58129.317474365234,4700,1,0.30000000000000004,6938.241363525391,4700,1,0.30000000000000004,6801.538879394531,4700,1,0.30000000000000004,12300.171157836914,4700,1,0.30000000000000004,45909.50135803223,4700,1,0.30000000000000004,38050.2448425293,4700,1,0.30000000000000004,47276.308532714844,4700,1,0.30000000000000004,30395.168029785156,4700,1,0.30000000000000004,7275.576965332031,4700,1,0.30000000000000004,7164.96452331543,4700,1,0.30000000000000004,6755.500701904297,4700,1,0.30000000000000004,6973.48664855957,4700,1,0.30000000000000004,16708.642044067383,3007,3007,3007,3007,3007,3007,3007,3007,3007,3007,3007,3007,4690,4691,3007,3007,3007,4690,3007,3007,3007,3007,3007,4690,95.23809814453125,0,0,0,0,5,10,5.263157844543457,9.523809432983398,0,0,0,0,0,0,0,0,0,10.526315689086914,100,0,0,0,0,66481098752,12884893696,1707606016,0
99,1780596715719,58130.08433532715,4700,1,0.30000000000000004,6938.244415283203,4700,1,0.30000000000000004,6801.541931152344,4700,1,0.30000000000000004,12300.235412597656,4700,1,0.30000000000000004,45909.621643066406,4700,1,0.30000000000000004,38050.523208618164,4700,1,0.30000000000000004,47276.60464477539,4700,1,0.30000000000000004,30396.036346435547,4700,1,0.30000000000000004,7275.580047607422,4700,1,0.30000000000000004,7164.96760559082,4700,1,0.30000000000000004,6755.505462646484,4700,1,0.30000000000000004,6973.489776611328,4700,1,0.30000000000000004,16714.120330810547,3007,3007,3007,3007,3007,3007,3007,3007,3007,3007,3007,3007,4690,4691,3007,3007,3007,4690,3007,3007,3007,3007,3007,4690,95.23809814453125,0,0,0,0,5,10,5.263157844543457,9.523809432983398,0,0,0,0,0,0,0,0,0,10.526315689086914,100,0,0,0,0,66481098752,12884893696,1703440384,0
99,1780596715819,58130.85021972656,4700,1,0.3062499999999999,6938.247497558594,4700,1,0.3062499999999999,6801.545013427734,4700,1,0.3062499999999999,12300.484603881836,4700,1,0.3062499999999999,45909.806900024414,4700,1,0.3062499999999999,38050.70785522461,4700,1,0.3062499999999999,47276.87387084961,4700,1,0.3062499999999999,30396.907440185547,4700,1,0.3062499999999999,7275.5831298828125,4700,1,0.3062499999999999,7164.970687866211,4700,1,0.3062499999999999,6755.508514404297,4700,1,0.3062499999999999,6973.492858886719,4700,1,0.3062499999999999,16719.62873840332,3007,3007,3007,3007,3007,3007,3007,3007,3007,3007,3007,3007,4690,4691,3007,3007,3007,4690,3007,3007,3007,3007,3007,4690,100,0,0,0,0,0,5,5.263157844543457,5.882352828979492,10,0,0,0,0,0,0,0,0,5.263157844543457,100,0,0,0,0,66481098752,12884893696,1705431040,0
99,1780596715920,58131.6173248291,4700,1,0.3062499999999999,6938.250579833984,4700,1,0.3062499999999999,6801.548095703125,4700,1,0.3062499999999999,12300.734024047852,4700,1,0.3062499999999999,45909.95536804199,4700,1,0.3062499999999999,38050.71243286133,4700,1,0.3062499999999999,47277.22055053711,4700,1,0.3062499999999999,30397.775436401367,4700,1,0.3062499999999999,7275.58625793457,4700,1,0.3062499999999999,7164.97380065918,4700,1,0.3062499999999999,6755.511581420898,4700,1,0.3062499999999999,6973.495941162109,4700,1,0.3062499999999999,16725.018127441406,3007,3007,3007,3007,3007,3007,3007,3007,3007,3007,3007,3007,4690,4691,3007,3007,3007,4690,3007,3007,3007,3007,3007,4690,100,0,0,0,0,0,5,5.263157844543457,5.882352828979492,10,0,0,0,0,0,0,0,0,5.263157844543457,100,0,0,0,0,66481098752,12884893696,1706180608,0
99,1780596716020,58132.383224487305,4700,1,0.3062499999999999,6938.253662109375,4700,1,0.3062499999999999,6801.551177978516,4700,1,0.3062499999999999,12300.982498168945,4700,1,0.3062499999999999,45910.11538696289,4700,1,0.3062499999999999,38050.718002319336,4700,1,0.3062499999999999,47277.55766296387,4700,1,0.3062499999999999,30398.644302368164,4700,1,0.3062499999999999,7275.589340209961,4700,1,0.3062499999999999,7164.976943969727,4700,1,0.3062499999999999,6755.514724731445,4700,1,0.3062499999999999,6973.499099731445,4700,1,0.3062499999999999,16730.366287231445,3007,3007,3007,3007,3007,3007,3007,3007,3007,3007,3007,3007,4690,4691,3007,3007,3007,4690,3007,3007,3007,3007,3007,4690,94.44444274902344,0,0,0,0,5.263157844543457,0,0,15.789472579956055,0,0,0,0,0,0,0,0,0,23.809524536132813,100,0,0,0,0,66481098752,12884893696,1709219840,0
99,1780596716120,58133.15086364746,4700,1,0.30000000000000004,6938.256744384766,4700,1,0.3062499999999999,6801.554260253906,4700,1,0.3062499999999999,12301.229095458984,4700,1,0.30000000000000004,45910.216552734375,4700,1,0.30000000000000004,38050.789306640625,4700,1,0.30000000000000004,47277.90151977539,4700,1,0.30000000000000004,30399.510192871094,4700,1,0.30000000000000004,7275.592422485352,4700,1,0.3062499999999999,7164.980026245117,4700,1,0.3062499999999999,6755.51774597168,4700,1,0.3062499999999999,6973.502182006836,4700,1,0.3062499999999999,16735.815048217773,3007,3007,3007,3007,3007,3007,3007,3007,3007,3007,3007,3007,4690,4691,3007,3007,3007,4690,3007,3007,3007,3007,3007,4690,94.44444274902344,0,0,0,0,5.263157844543457,0,0,15.789472579956055,0,0,0,0,0,0,0,0,0,23.809524536132813,100,0,0,0,0,66481098752,12884893696,1704927232,0
99,1780596716220,58133.920150756836,4700,1,0.30000000000000004,6938.259826660156,4700,1,0.3062499999999999,6801.557342529297,4700,1,0.3062499999999999,12301.466857910156,4700,1,0.30000000000000004,45910.23652648926,4700,1,0.30000000000000004,38050.939880371094,4700,1,0.30000000000000004,47278.242446899414,4700,1,0.30000000000000004,30400.37696838379,4700,1,0.30000000000000004,7275.59553527832,4700,1,0.30000000000000004,7164.983139038086,4700,1,0.30000000000000004,6755.520858764648,4700,1,0.30000000000000004,6973.505325317383,4700,1,0.30000000000000004,16741.23959350586,3007,3007,3007,3007,3007,3007,3007,3007,3007,3007,3007,3007,4690,4691,3007,3007,3007,4690,3007,3007,3007,3007,3007,4690,100,0,0,0,0,0,0,0,19.047618865966797,5,0,0,0,0,0,0,0,0,11.764705657958984,100,0,0,0,0,66481098752,12884893696,1706520576,0
99,1780596716320,58134.68231201172,4700,1,0.3062499999999999,6938.262908935547,4700,1,0.3062499999999999,6801.5604248046875,4700,1,0.3062499999999999,12301.706939697266,4700,1,0.3062499999999999,45910.288162231445,4700,1,0.3062499999999999,38051.09736633301,4700,1,0.3062499999999999,47278.5725402832,4700,1,0.3062499999999999,30401.245330810547,4700,1,0.3062499999999999,7275.598587036133,4700,1,0.3062499999999999,7164.986312866211,4700,1,0.3062499999999999,6755.523895263672,4700,1,0.3062499999999999,6973.508407592773,4700,1,0.3062499999999999,16746.68394470215,3007,3007,3007,3007,3007,3007,3007,3007,3007,3007,3007,3007,4690,4691,3007,3007,3007,4690,3007,3007,3007,3007,3007,4690,100,0,0,0,0,0,0,0,19.047618865966797,5,0,0,0,0,0,0,0,0,11.764705657958984,100,0,0,0,0,66481098752,12884893696,1705467904,0
99,1780596716420,58135.4513092041,4700,1,0.30000000000000004,6938.2659912109375,4700,1,0.30000000000000004,6801.563507080078,4700,1,0.30000000000000004,12301.952575683594,4700,1,0.30000000000000004,45910.307357788086,4700,1,0.30000000000000004,38051.30012512207,4700,1,0.30000000000000004,47278.88009643555,4700,1,0.30000000000000004,30402.122299194336,4700,1,0.30000000000000004,7275.601669311523,4700,1,0.30000000000000004,7164.989440917969,4700,1,0.30000000000000004,6755.526947021484,4700,1,0.30000000000000004,6973.511459350586,4700,1,0.30000000000000004,16752.15510559082,3007,3007,3007,3007,3007,3007,3007,3007,3007,3007,3007,3007,4690,4691,3007,3007,3007,4690,3007,3007,3007,3007,3007,4690,100,0,0,0,0,0,0,0,11.111111640930176,5,0,0,0,0,0,0,0,0,19.047618865966797,100,0,0,0,0,66481098752,12884893696,1707294720,0
99,1780596716520,58136.22457885742,4700,1,0.30000000000000004,6938.26904296875,4700,1,0.30000000000000004,6801.566558837891,4700,1,0.30000000000000004,12302.195129394531,4700,1,0.30000000000000004,45910.32041931152,4700,1,0.30000000000000004,38051.588119506836,4700,1,0.30000000000000004,47279.118255615234,4700,1,0.30000000000000004,30402.992599487305,4700,1,0.30000000000000004,7275.604782104492,4700,1,0.30000000000000004,7164.99250793457,4700,1,0.30000000000000004,6755.529968261719,4700,1,0.30000000000000004,6973.514617919922,4700,1,0.30000000000000004,16757.552276611328,3007,3007,3007,3007,3007,3007,3007,3007,3007,3007,3007,3007,4690,4691,3007,3007,3007,4690,3007,3007,3007,3007,3007,4690,100,0,0,0,0,0,0,0,11.111111640930176,5,0,0,0,0,0,0,0,0,19.047618865966797,100,0,0,0,0,66481098752,12884893696,1705644032,0
99,1780596716620,58136.98139953613,4700,1,0.3062499999999999,6938.272125244141,4700,1,0.3062499999999999,6801.569641113281,4700,1,0.3062499999999999,12302.451263427734,4700,1,0.3062499999999999,45910.33883666992,4700,1,0.3062499999999999,38051.9206237793,4700,1,0.3062499999999999,47279.269104003906,4700,1,0.3062499999999999,30403.87791442871,4700,1,0.3062499999999999,7275.607864379883,4700,1,0.3062499999999999,7164.995529174805,4700,1,0.3062499999999999,6755.53288269043,4700,1,0.3062499999999999,6973.5177001953125,4700,1,0.3062499999999999,16763.013473510742,3007,3007,3007,3007,3007,3007,3007,3007,3007,3007,3007,3007,4690,4691,3007,3007,3007,4690,3007,3007,3007,3007,3007,4690,94.73684692382813,0,0,0,0,0,0,19.047618865966797,13.636363983154297,10,0,0,0,0,0,0,0,15.789472579956055,0,100,0,0,0,0,66481098752,12884893696,1705996288,0
99,1780596716720,58137.744689941406,4700,1,0.3062499999999999,6938.275207519531,4700,1,0.3062499999999999,6801.572723388672,4700,1,0.3062499999999999,12302.701263427734,4700,1,0.3062499999999999,45910.457611083984,4700,1,0.3062499999999999,38052.2265625,4700,1,0.3062499999999999,47279.4479675293,4700,1,0.3062499999999999,30404.745361328125,4700,1,0.3062499999999999,7275.610977172852,4700,1,0.3062499999999999,7164.998611450195,4700,1,0.3062499999999999,6755.535934448242,4700,1,0.3062499999999999,6973.520843505859,4700,1,0.3062499999999999,16768.553970336914,3007,3007,3007,3007,3007,3007,3007,3007,3007,3007,3007,3007,4690,4691,3007,3007,3007,4690,3007,3007,3007,3007,3007,4690,94.73684692382813,0,0,0,0,0,0,19.047618865966797,13.636363983154297,10,0,0,0,0,0,0,0,15.789472579956055,0,100,0,0,0,0,66481098752,12884893696,1706459136,0
99,1780596716820,58138.52378845215,4700,1,0.3062499999999999,6938.278289794922,4700,1,0.3062499999999999,6801.5758056640625,4700,1,0.3062499999999999,12302.975296020508,4700,1,0.3062499999999999,45910.67459106445,4700,1,0.3062499999999999,38052.475830078125,4700,1,0.3062499999999999,47279.669982910156,4700,1,0.3062499999999999,30405.594757080078,4700,1,0.3062499999999999,7275.61408996582,4700,1,0.3062499999999999,7165.001754760742,4700,1,0.3062499999999999,6755.547058105469,4700,1,0.3062499999999999,6973.52392578125,4700,1,0.3062499999999999,16774.201904296875,3007,3007,3007,3007,3007,3007,3007,3007,3007,3007,3007,3007,4690,4691,3007,3007,3007,4690,3007,3007,3007,3007,3007,4690,100,0,0,0,4.761904716491699,10,5,22.72727394104004,5.263157844543457,5,0,0,5,0,0,0,0,5,0,100,0,0,0,0,66481098752,12884893696,1709338624,0
99,1780596716920,58139.32498168945,4700,1,0.30000000000000004,6938.2813720703125,4700,1,0.3062499999999999,6801.578887939453,4700,1,0.3062499999999999,12303.215942382813,4700,1,0.30000000000000004,45910.91093444824,4700,1,0.30000000000000004,38052.6834564209,4700,1,0.30000000000000004,47279.907653808594,4700,1,0.30000000000000004,30406.468521118164,4700,1,0.30000000000000004,7275.617172241211,4700,1,0.30000000000000004,7165.004837036133,4700,1,0.30000000000000004,6755.550186157227,4700,1,0.30000000000000004,6973.527038574219,4700,1,0.3062499999999999,16779.754348754883,3007,3007,3007,3007,3007,3007,3007,3007,3007,3007,3007,3007,4690,4691,3007,3007,3007,4690,3007,3007,3007,3007,3007,4690,100,0,0,0,4.761904716491699,10,5,22.72727394104004,5.263157844543457,5,0,0,5,0,0,0,0,5,0,100,0,0,0,0,66481098752,12884893696,1704394752,0
99,1780596717020,58140.09767150879,4700,1,0.30000000000000004,6938.284454345703,4700,1,0.30000000000000004,6801.581970214844,4700,1,0.3062499999999999,12303.3076171875,4700,1,0.30000000000000004,45911.156188964844,4700,1,0.30000000000000004,38052.99362182617,4700,1,0.30000000000000004,47280.07635498047,4700,1,0.30000000000000004,30407.350357055664,4700,1,0.30000000000000004,7275.620254516602,4700,1,0.30000000000000004,7165.007919311523,4700,1,0.30000000000000004,6755.553268432617,4700,1,0.30000000000000004,6973.530181884766,4700,1,0.30000000000000004,16785.287353515625,3007,3007,3007,3007,3007,3007,3007,3007,3007,3007,3007,3007,4690,4691,3007,3007,3007,4690,3007,3007,3007,3007,3007,4690,95,0,0,0,10,0,0,5.555555820465088,9.523809432983398,5,0,0,9.523809432983398,0,0,0,0,10,0,100,0,0,0,0,66481098752,12884893696,1707028480,0
99,1780596717120,58140.895111083984,4700,1,0.3062499999999999,6938.287536621094,4700,1,0.3062499999999999,6801.585052490234,4700,1,0.3062499999999999,12303.474899291992,4700,1,0.3062499999999999,45911.404052734375,4700,1,0.3062499999999999,38053.24841308594,4700,1,0.3062499999999999,47280.28422546387,4700,1,0.3062499999999999,30408.21841430664,4700,1,0.3062499999999999,7275.623306274414,4700,1,0.3062499999999999,7165.010971069336,4700,1,0.3062499999999999,6755.558380126953,4700,1,0.3062499999999999,6973.533264160156,4700,1,0.3062499999999999,16790.96517944336,3007,3007,3007,3007,3007,3007,3007,3007,3007,3007,3007,3007,4690,4691,3007,3007,3007,4690,3007,3007,3007,3007,3007,4690,95,0,0,0,10,0,0,5.555555820465088,9.523809432983398,5,0,0,9.523809432983398,0,0,0,0,10,0,100,0,0,0,0,66481098752,12884893696,1708507136,0
99,1780596717220,58141.666732788086,4700,1,0.3062499999999999,6938.290588378906,4700,1,0.3062499999999999,6801.588104248047,4700,1,0.3062499999999999,12303.70278930664,4700,1,0.3062499999999999,45911.651794433594,4700,1,0.3062499999999999,38053.47686767578,4700,1,0.3062499999999999,47280.50500488281,4700,1,0.3062499999999999,30409.09405517578,4700,1,0.3062499999999999,7275.626388549805,4700,1,0.3062499999999999,7165.014129638672,4700,1,0.3062499999999999,6755.561416625977,4700,1,0.3062499999999999,6973.536392211914,4700,1,0.3062499999999999,16796.438735961914,3007,3007,3007,3007,3007,3007,3007,3007,3007,3007,3007,3007,4690,4691,3007,3007,3007,4690,3007,3007,3007,3007,3007,4690,100,9.523809432983398,0,0,4.761904716491699,0,0,15.000000953674316,10,5,0,0,0,0,0,0,0,0,0,100,0,0,0,0,66481098752,12884893696,1709236224,0
99,1780596717320,58142.449279785156,4700,1,0.3062499999999999,6938.293670654297,4700,1,0.3062499999999999,6801.591171264648,4700,1,0.3062499999999999,12303.774551391602,4700,1,0.3062499999999999,45911.89758300781,4700,1,0.3062499999999999,38053.662170410156,4700,1,0.3062499999999999,47280.808013916016,4700,1,0.3062499999999999,30409.971115112305,4700,1,0.3062499999999999,7275.629470825195,4700,1,0.3062499999999999,7165.017318725586,4700,1,0.3062499999999999,6755.564437866211,4700,1,0.3062499999999999,6973.539474487305,4700,1,0.3062499999999999,16802.012756347656,3007,3007,3007,3007,3007,3007,3007,3007,3007,3007,3007,3007,4690,4691,3007,3007,3007,4690,3007,3007,3007,3007,3007,4690,100,9.523809432983398,0,0,4.761904716491699,0,0,15.000000953674316,10,5,0,0,0,0,0,0,0,0,0,100,0,0,0,0,66481098752,12884893696,1710649344,0
99,1780596717420,58143.2565612793,4700,1,0.3062499999999999,6938.296783447266,4700,1,0.3062499999999999,6801.594253540039,4700,1,0.3062499999999999,12303.899841308594,4700,1,0.3062499999999999,45912.176040649414,4700,1,0.3062499999999999,38053.86328125,4700,1,0.3062499999999999,47281.02508544922,4700,1,0.3062499999999999,30410.86506652832,4700,1,0.3062499999999999,7275.632553100586,4700,1,0.3062499999999999,7165.020401000977,4700,1,0.3062499999999999,6755.567459106445,4700,1,0.3062499999999999,6973.542617797852,4700,1,0.3062499999999999,16807.511764526367,3007,3007,3007,3007,3007,3007,3007,3007,3007,3007,3007,3007,4690,4691,3007,3007,3007,4690,3007,3007,3007,3007,3007,4690,100,5,0,0,5.263157844543457,0,5,0,5.555555820465088,14.285715103149414,0,0,0,0,0,0,0,9.523809432983398,10,100,0,0,0,0,66481098752,12884893696,1712508928,0
99,1780596717520,58144.031829833984,4700,1,0.30000000000000004,6938.299865722656,4700,1,0.3062499999999999,6801.59733581543,4700,1,0.3062499999999999,12304.026611328125,4700,1,0.30000000000000004,45912.44911193848,4700,1,0.30000000000000004,38054.09194946289,4700,1,0.30000000000000004,47281.263442993164,4700,1,0.3062499999999999,30411.74087524414,4700,1,0.3062499999999999,7275.635665893555,4700,1,0.3062499999999999,7165.023483276367,4700,1,0.3062499999999999,6755.570510864258,4700,1,0.3062499999999999,6973.546249389648,4700,1,0.3062499999999999,16813.047119140625,3007,3007,3007,3007,3007,3007,3007,3007,3007,3007,3007,3007,4690,4691,3007,3007,3007,4690,3007,3007,3007,3007,3007,4690,100,5,0,0,5.263157844543457,0,5,0,5.555555820465088,14.285715103149414,0,0,0,0,0,0,0,9.523809432983398,10,100,0,0,0,0,66481098752,12884893696,1711595520,0
99,1780596717620,58144.797286987305,4700,1,0.3062499999999999,6938.302947998047,4700,1,0.3062499999999999,6801.60041809082,4700,1,0.3062499999999999,12304.241912841797,4700,1,0.3062499999999999,45912.701095581055,4700,1,0.3062499999999999,38054.32540893555,4700,1,0.3062499999999999,47281.49452209473,4700,1,0.3062499999999999,30412.618621826172,4700,1,0.3062499999999999,7275.638748168945,4700,1,0.3062499999999999,7165.026626586914,4700,1,0.3062499999999999,6755.573455810547,4700,1,0.3062499999999999,6973.549331665039,4700,1,0.3062499999999999,16818.57878112793,3007,3007,3007,3007,3007,3007,3007,3007,3007,3007,3007,3007,4690,4691,3007,3007,3007,4690,3007,3007,3007,3007,3007,4690,95,5,0,0,0,0,10,5,0,5.263157844543457,0,0,0,0,0,0,0,5.263157844543457,14.285715103149414,100,0,0,0,0,66481098752,12884893696,1709838336,0
99,1780596717721,58145.5733795166,4700,1,0.30000000000000004,6938.3060302734375,4700,1,0.30000000000000004,6801.603500366211,4700,1,0.30000000000000004,12304.508239746094,4700,1,0.30000000000000004,45912.916244506836,4700,1,0.30000000000000004,38054.552795410156,4700,1,0.30000000000000004,47281.693908691406,4700,1,0.30000000000000004,30413.49984741211,4700,1,0.30000000000000004,7275.641830444336,4700,1,0.30000000000000004,7165.029678344727,4700,1,0.30000000000000004,6755.57780456543,4700,1,0.30000000000000004,6973.552474975586,4700,1,0.30000000000000004,16824.143966674805,3007,3007,3007,3007,3007,3007,3007,3007,3007,3007,3007,3007,4690,4691,3007,3007,3007,4690,3007,3007,3007,3007,3007,4690,95,5,0,0,0,0,10,5,0,5.263157844543457,0,0,0,0,0,0,0,5.263157844543457,14.285715103149414,100,0,0,0,0,66481098752,12884893696,1709576192,0
99,1780596717821,58146.34867858887,4700,1,0.30000000000000004,6938.309112548828,4700,1,0.30000000000000004,6801.606582641602,4700,1,0.30000000000000004,12304.825393676758,4700,1,0.30000000000000004,45913.01248168945,4700,1,0.30000000000000004,38054.775650024414,4700,1,0.30000000000000004,47281.868911743164,4700,1,0.30000000000000004,30414.370864868164,4700,1,0.30000000000000004,7275.644912719727,4700,1,0.30000000000000004,7165.032745361328,4700,1,0.30000000000000004,6755.580795288086,4700,1,0.30000000000000004,6973.555557250977,4700,1,0.30000000000000004,16829.649368286133,3007,3007,3007,3007,3007,3007,3007,3007,3007,3007,3007,3007,4690,4691,3007,3007,3007,4690,3007,3007,3007,3007,3007,4690,95,5,0,0,0,14.285715103149414,5,0,10,0,0,0,0,0,0,0,0,5.555555820465088,0,100,0,0,0,0,66481098752,12884893696,1708666880,0
99,1780596717921,58147.1238861084,4700,1,0.3062499999999999,6938.312240600586,4700,1,0.3062499999999999,6801.609649658203,4700,1,0.3062499999999999,12305.14501953125,4700,1,0.3062499999999999,45913.22512817383,4700,1,0.3062499999999999,38054.96257019043,4700,1,0.3062499999999999,47281.99961853027,4700,1,0.3062499999999999,30415.2529296875,4700,1,0.3062499999999999,7275.647964477539,4700,1,0.3062499999999999,7165.035797119141,4700,1,0.3062499999999999,6755.583770751953,4700,1,0.3062499999999999,6973.558609008789,4700,1,0.3062499999999999,16835.120803833008,3007,3007,3007,3007,3007,3007,3007,3007,3007,3007,3007,3007,4690,4691,3007,3007,3007,4690,3007,3007,3007,3007,3007,4690,95,5,0,0,0,14.285715103149414,5,0,10,0,0,0,0,0,0,0,0,5.555555820465088,0,100,0,0,0,0,66481098752,12884893696,1711988736,0
99,1780596718021,58147.88374328613,4700,1,0.3062499999999999,6938.315338134766,4700,1,0.3062499999999999,6801.612747192383,4700,1,0.3062499999999999,12305.476745605469,4700,1,0.3062499999999999,45913.44401550293,4700,1,0.3062499999999999,38054.96723937988,4700,1,0.3062499999999999,47282.21188354492,4700,1,0.3062499999999999,30416.12907409668,4700,1,0.3062499999999999,7275.65104675293,4700,1,0.3062499999999999,7165.0389404296875,4700,1,0.3062499999999999,6755.5869140625,4700,1,0.3062499999999999,6973.561767578125,4700,1,0.3062499999999999,16840.52410888672,3007,3007,3007,3007,3007,3007,3007,3007,3007,3007,3007,3007,4690,4691,3007,3007,3007,4690,3007,3007,3007,3007,3007,4690,100,5.263157844543457,0,0,4.761904716491699,10.526315689086914,10,0,10,0,0,0,0,0,0,0,0,4.761904716491699,0,100,0,0,0,0,66481098752,12884893696,1713532928,0
99,1780596718121,58148.645278930664,4700,1,0.3062499999999999,6938.318420410156,4700,1,0.3062499999999999,6801.615798950195,4700,1,0.3062499999999999,12305.810729980469,4700,1,0.3062499999999999,45913.650939941406,4700,1,0.3062499999999999,38054.97172546387,4700,1,0.3062499999999999,47282.43943786621,4700,1,0.3062499999999999,30417.00160217285,4700,1,0.3062499999999999,7275.65412902832,4700,1,0.3062499999999999,7165.042022705078,4700,1,0.3062499999999999,6755.5899658203125,4700,1,0.3062499999999999,6973.564849853516,4700,1,0.3062499999999999,16845.868118286133,3007,3007,3007,3007,3007,3007,3007,3007,3007,3007,3007,3007,4690,4691,3007,3007,3007,4690,3007,3007,3007,3007,3007,4690,100,5.263157844543457,0,0,4.761904716491699,10.526315689086914,10,0,10,0,0,0,0,0,0,0,0,4.761904716491699,0,100,0,0,0,0,66481098752,12884893696,1713459200,0
99,1780596718221,58149.40579223633,4700,1,0.3062499999999999,6938.328308105469,4700,1,0.3062499999999999,6801.625518798828,4700,1,0.3062499999999999,12306.138427734375,4700,1,0.3062499999999999,45913.889389038086,4700,1,0.3062499999999999,38054.995025634766,4700,1,0.3062499999999999,47282.651138305664,4700,1,0.3062499999999999,30417.875442504883,4700,1,0.3062499999999999,7275.657211303711,4700,1,0.3062499999999999,7165.045196533203,4700,1,0.3062499999999999,6755.60400390625,4700,1,0.3062499999999999,6973.580596923828,4700,1,0.3062499999999999,16851.304321289063,3007,3007,3007,3007,3007,3007,3007,3007,3007,3007,3007,3007,4690,4691,3007,3007,3007,4690,3007,3007,3007,3007,3007,4690,95,0,0,0,0,27.272727966308594,5.555555820465088,0,10,10,0,0,0,0,0,0,0,0,0,100,0,0,0,0,66481098752,12884893696,1714491392,0
99,1780596718321,58150.16905212402,4700,1,0.30000000000000004,6938.331390380859,4700,1,0.30000000000000004,6801.628601074219,4700,1,0.30000000000000004,12306.472305297852,4700,1,0.30000000000000004,45914.14707946777,4700,1,0.30000000000000004,38054.999572753906,4700,1,0.30000000000000004,47282.80340576172,4700,1,0.30000000000000004,30418.751419067383,4700,1,0.30000000000000004,7275.660293579102,4700,1,0.30000000000000004,7165.048370361328,4700,1,0.30000000000000004,6755.607025146484,4700,1,0.30000000000000004,6973.583679199219,4700,1,0.30000000000000004,16856.744369506836,3007,3007,3007,3007,3007,3007,3007,3007,3007,3007,3007,3007,4690,4691,3007,3007,3007,4690,3007,3007,3007,3007,3007,4690,95,0,0,0,0,27.272727966308594,5.555555820465088,0,10,10,0,0,0,0,0,0,0,0,0,100,0,0,0,0,66481098752,12884893696,1716256768,0
99,1780596718421,58150.93893432617,4700,1,0.30000000000000004,6938.33447265625,4700,1,0.30000000000000004,6801.6317138671875,4700,1,0.30000000000000004,12306.698181152344,4700,1,0.30000000000000004,45914.400482177734,4700,1,0.30000000000000004,38055.00408935547,4700,1,0.30000000000000004,47283.06205749512,4700,1,0.30000000000000004,30419.623794555664,4700,1,0.30000000000000004,7275.663375854492,4700,1,0.30000000000000004,7165.051498413086,4700,1,0.30000000000000004,6755.610015869141,4700,1,0.30000000000000004,6973.586761474609,4700,1,0.30000000000000004,16862.085556030273,3007,3007,3007,3007,3007,3007,3007,3007,3007,3007,3007,3007,4690,4691,3007,3007,3007,4690,3007,3007,3007,3007,3007,4690,95,15.000000953674316,0,0,0,15.000000953674316,0,0,5,9.523809432983398,0,0,4.761904716491699,0,0,0,0,0,5.263157844543457,100,0,0,0,0,66481098752,12884893696,1716744192,0
99,1780596718521,58151.69970703125,4700,1,0.30000000000000004,6938.337615966797,4700,1,0.30000000000000004,6801.634857177734,4700,1,0.30000000000000004,12307.011672973633,4700,1,0.30000000000000004,45914.62648010254,4700,1,0.30000000000000004,38055.16059875488,4700,1,0.30000000000000004,47283.14080810547,4700,1,0.30000000000000004,30420.490020751953,4700,1,0.30000000000000004,7275.666519165039,4700,1,0.30000000000000004,7165.054641723633,4700,1,0.30000000000000004,6755.613189697266,4700,1,0.30000000000000004,6973.589904785156,4700,1,0.30000000000000004,16867.485382080078,3007,3007,3007,3007,3007,3007,3007,3007,3007,3007,3007,3007,4690,4691,3007,3007,3007,4690,3007,3007,3007,3007,3007,4690,95,15.000000953674316,0,0,0,15.000000953674316,0,0,5,9.523809432983398,0,0,4.761904716491699,0,0,0,0,0,5.263157844543457,100,0,0,0,0,66481098752,12884893696,1715265536,0
99,1780596718621,58152.468994140625,4700,1,0.30000000000000004,6938.340713500977,4700,1,0.30000000000000004,6801.637939453125,4700,1,0.30000000000000004,12307.300582885742,4700,1,0.30000000000000004,45914.79389953613,4700,1,0.30000000000000004,38055.41278076172,4700,1,0.30000000000000004,47283.248962402344,4700,1,0.30000000000000004,30421.36767578125,4700,1,0.30000000000000004,7275.669647216797,4700,1,0.30000000000000004,7165.0577392578125,4700,1,0.30000000000000004,6755.616165161133,4700,1,0.30000000000000004,6973.592987060547,4700,1,0.30000000000000004,16872.854293823242,3007,3007,3007,3007,3007,3007,3007,3007,3007,3007,3007,3007,4690,4691,3007,3007,3007,4690,3007,3007,3007,3007,3007,4690,100,0,0,0,0,14.285715103149414,10,0,5,0,0,0,0,0,0,0,0,10.526315689086914,0,100,0,0,0,0,66481098752,12884893696,1715097600,0
99,1780596718721,58153.23791503906,4700,1,0.30000000000000004,6938.343795776367,4700,1,0.30000000000000004,6801.641021728516,4700,1,0.30000000000000004,12307.585983276367,4700,1,0.30000000000000004,45914.828384399414,4700,1,0.30000000000000004,38055.570556640625,4700,1,0.30000000000000004,47283.524505615234,4700,1,0.30000000000000004,30422.243774414063,4700,1,0.30000000000000004,7275.6727294921875,4700,1,0.30000000000000004,7165.0609130859375,4700,1,0.30000000000000004,6755.619247436523,4700,1,0.30000000000000004,6973.596099853516,4700,1,0.30000000000000004,16878.296920776367,3007,3007,3007,3007,3007,3007,3007,3007,3007,3007,3007,3007,4690,4691,3007,3007,3007,4690,3007,3007,3007,3007,3007,4690,100,0,0,0,0,14.285715103149414,10,0,5,0,0,0,0,0,0,0,0,10.526315689086914,0,100,0,0,0,0,66481098752,12884893696,1714151424,0
99,1780596718821,58153.982498168945,4700,1,0.3062499999999999,6938.383773803711,4700,1,0.3062499999999999,6801.681869506836,4700,1,0.3062499999999999,12307.776947021484,4700,1,0.3062499999999999,45915.01594543457,4700,1,0.3062499999999999,38055.722091674805,4700,1,0.3062499999999999,47283.76071166992,4700,1,0.3062499999999999,30422.997009277344,4700,1,0.3062499999999999,7275.698059082031,4700,1,0.3062499999999999,7165.090545654297,4700,1,0.3062499999999999,6755.655868530273,4700,1,0.3062499999999999,6973.62841796875,4700,1,0.3062499999999999,16883.73649597168,3007,3007,3007,3007,3007,3007,3007,3007,3007,3007,3007,3007,4690,4691,3007,3007,3007,4690,3007,3007,3007,3007,3007,4690,95,9.523809432983398,0,0,0,5.263157844543457,5,0,0,9.523809432983398,0,0,4.761904716491699,0,0,0,0,5,0,94.44444274902344,0,0,0,0,66481098752,12884893696,1720639488,0
99,1780596718921,58154.75714111328,4700,1,0.30000000000000004,6938.3880615234375,4700,1,0.30000000000000004,6801.685821533203,4700,1,0.30000000000000004,12308.003814697266,4700,1,0.30000000000000004,45915.23915100098,4700,1,0.30000000000000004,38055.86094665527,4700,1,0.30000000000000004,47284.05888366699,4700,1,0.30000000000000004,30423.86883544922,4700,1,0.30000000000000004,7275.702056884766,4700,1,0.30000000000000004,7165.094512939453,4700,1,0.30000000000000004,6755.659973144531,4700,1,0.30000000000000004,6973.632354736328,4700,1,0.30000000000000004,16889.137649536133,3007,3007,3007,3007,3007,3007,3007,3007,3007,3007,3007,3007,4690,4691,3007,3007,3007,4690,3007,3007,3007,3007,3007,4690,95,9.523809432983398,0,0,0,5.263157844543457,5,0,0,9.523809432983398,0,0,4.761904716491699,0,0,0,0,5,0,94.44444274902344,0,0,0,0,66481098752,12884893696,1717604352,0
99,1780596719021,58155.524978637695,4700,1,0.3062499999999999,6938.391220092773,4700,1,0.3062499999999999,6801.688949584961,4700,1,0.3062499999999999,12308.224655151367,4700,1,0.3062499999999999,45915.447174072266,4700,1,0.3062499999999999,38055.86720275879,4700,1,0.3062499999999999,47284.39897155762,4700,1,0.3062499999999999,30424.74298095703,4700,1,0.3062499999999999,7275.705139160156,4700,1,0.3062499999999999,7165.097671508789,4700,1,0.3062499999999999,6755.66357421875,4700,1,0.3062499999999999,6973.635437011719,4700,1,0.3062499999999999,16894.493728637695,3007,3007,3007,3007,3007,3007,3007,3007,3007,3007,3007,3007,4690,4691,3007,3007,3007,4690,3007,3007,3007,3007,3007,4690,100,0,0,0,0,18.18181800842285,5.263157844543457,0,5,5,0,0,0,0,0,0,0,0,10.526315689086914,95.23809814453125,0,0,0,0,66481098752,12884893696,1716719616,0
99,1780596719121,58156.293701171875,4700,1,0.30000000000000004,6938.394302368164,4700,1,0.3062499999999999,6801.692031860352,4700,1,0.3062499999999999,12308.466903686523,4700,1,0.30000000000000004,45915.639068603516,4700,1,0.30000000000000004,38055.87335205078,4700,1,0.30000000000000004,47284.72038269043,4700,1,0.30000000000000004,30425.616134643555,4700,1,0.30000000000000004,7275.708221435547,4700,1,0.30000000000000004,7165.100830078125,4700,1,0.30000000000000004,6755.666656494141,4700,1,0.3062499999999999,6973.638519287109,4700,1,0.3062499999999999,16899.888641357422,3007,3007,3007,3007,3007,3007,3007,3007,3007,3007,3007,3007,4690,4691,3007,3007,3007,4690,3007,3007,3007,3007,3007,4690,100,0,0,0,0,18.18181800842285,5.263157844543457,0,5,5,0,0,0,0,0,0,0,0,10.526315689086914,95.23809814453125,0,0,0,0,66481098752,12884893696,1718054912,0
99,1780596719221,58157.05180358887,4700,1,0.3062499999999999,6938.397384643555,4700,1,0.3062499999999999,6801.69514465332,4700,1,0.3062499999999999,12308.560012817383,4700,1,0.3062499999999999,45915.79356384277,4700,1,0.3062499999999999,38056.14073181152,4700,1,0.3062499999999999,47285.01826477051,4700,1,0.3062499999999999,30426.47315979004,4700,1,0.3062499999999999,7275.7113037109375,4700,1,0.3062499999999999,7165.11701965332,4700,1,0.3062499999999999,6755.669631958008,4700,1,0.3062499999999999,6973.6416015625,4700,1,0.3062499999999999,16905.45588684082,3007,3007,3007,3007,3007,3007,3007,3007,3007,3007,3007,3007,4690,4691,3007,3007,3007,4690,3007,3007,3007,3007,3007,4690,100,0,0,0,0,0,5,0,10.526315689086914,5.263157844543457,0,0,0,0,0,0,0,0,10.526315689086914,100,0,0,0,0,66481098752,12884893696,1716187136,0
99,1780596719321,58157.81881713867,4700,1,0.30000000000000004,6938.400436401367,4700,1,0.30000000000000004,6801.698196411133,4700,1,0.30000000000000004,12308.804183959961,4700,1,0.30000000000000004,45916.03189086914,4700,1,0.30000000000000004,38056.35041809082,4700,1,0.30000000000000004,47285.24815368652,4700,1,0.30000000000000004,30427.341094970703,4700,1,0.30000000000000004,7275.71435546875,4700,1,0.30000000000000004,7165.1256103515625,4700,1,0.30000000000000004,6755.672592163086,4700,1,0.30000000000000004,6973.6446533203125,4700,1,0.30000000000000004,16911.009185791016,3007,3007,3007,3007,3007,3007,3007,3007,3007,3007,3007,3007,4690,4691,3007,3007,3007,4690,3007,3007,3007,3007,3007,4690,100,0,0,0,0,0,5,0,10.526315689086914,5.263157844543457,0,0,0,0,0,0,0,0,10.526315689086914,100,0,0,0,0,66481098752,12884893696,1717878784,0
99,1780596719422,58158.58590698242,4700,1,0.30000000000000004,6938.403518676758,4700,1,0.30000000000000004,6801.701278686523,4700,1,0.30000000000000004,12309.041519165039,4700,1,0.30000000000000004,45916.26290893555,4700,1,0.30000000000000004,38056.58361816406,4700,1,0.30000000000000004,47285.470458984375,4700,1,0.30000000000000004,30428.20864868164,4700,1,0.30000000000000004,7275.717437744141,4700,1,0.30000000000000004,7165.128662109375,4700,1,0.30000000000000004,6755.675430297852,4700,1,0.30000000000000004,6973.647735595703,4700,1,0.30000000000000004,16916.61151123047,3007,3007,3007,3007,3007,3007,3007,3007,3007,3007,3007,3007,4690,4691,3007,3007,3007,4690,3007,3007,3007,3007,3007,4690,94.73684692382813,0,0,0,0,0,23.809524536132813,10,15.000000953674316,5,0,0,5,0,0,0,0,0,0,100,0,0,0,0,66481098752,12884893696,1718919168,0
99,1780596719522,58159.351165771484,4700,1,0.30000000000000004,6938.406600952148,4700,1,0.30000000000000004,6801.704391479492,4700,1,0.30000000000000004,12309.184494018555,4700,1,0.30000000000000004,45916.533279418945,4700,1,0.30000000000000004,38056.81932067871,4700,1,0.30000000000000004,47285.70658874512,4700,1,0.30000000000000004,30429.078216552734,4700,1,0.30000000000000004,7275.720520019531,4700,1,0.30000000000000004,7165.136306762695,4700,1,0.30000000000000004,6755.6783447265625,4700,1,0.30000000000000004,6973.650817871094,4700,1,0.30000000000000004,16922.189987182617,3007,3007,3007,3007,3007,3007,3007,3007,3007,3007,3007,3007,4690,4691,3007,3007,3007,4690,3007,3007,3007,3007,3007,4690,94.73684692382813,0,0,0,0,0,23.809524536132813,10,15.000000953674316,5,0,0,5,0,0,0,0,0,0,100,0,0,0,0,66481098752,12884893696,1718620160,0
99,1780596719622,58160.11686706543,4700,1,0.3062499999999999,6938.409683227539,4700,1,0.3062499999999999,6801.707473754883,4700,1,0.3062499999999999,12309.224563598633,4700,1,0.3062499999999999,45916.85903930664,4700,1,0.3062499999999999,38056.99267578125,4700,1,0.3062499999999999,47285.957290649414,4700,1,0.3062499999999999,30429.951919555664,4700,1,0.3062499999999999,7275.723602294922,4700,1,0.3062499999999999,7165.139419555664,4700,1,0.3062499999999999,6755.681411743164,4700,1,0.3062499999999999,6973.653900146484,4700,1,0.3062499999999999,16927.685165405273,3007,3007,3007,3007,3007,3007,3007,3007,3007,3007,3007,3007,4690,4691,3007,3007,3007,4690,3007,3007,3007,3007,3007,4690,100,0,0,0,0,5,15.000000953674316,5,5.263157844543457,5,0,0,5.263157844543457,0,0,0,0,0,0,100,0,0,0,0,66481098752,12884893696,1717252096,0
99,1780596719722,58160.89601135254,4700,1,0.3062499999999999,6938.412796020508,4700,1,0.3062499999999999,6801.71061706543,4700,1,0.3062499999999999,12309.445358276367,4700,1,0.3062499999999999,45917.05043029785,4700,1,0.3062499999999999,38057.236572265625,4700,1,0.3062499999999999,47286.18869018555,4700,1,0.3062499999999999,30430.830596923828,4700,1,0.3062499999999999,7275.726715087891,4700,1,0.3062499999999999,7165.142593383789,4700,1,0.3062499999999999,6755.692077636719,4700,1,0.3062499999999999,6973.657073974609,4700,1,0.3062499999999999,16933.290481567383,3007,3007,3007,3007,3007,3007,3007,3007,3007,3007,3007,3007,4690,4691,3007,3007,3007,4690,3007,3007,3007,3007,3007,4690,100,0,0,0,0,5,15.000000953674316,5,5.263157844543457,5,0,0,5.263157844543457,0,0,0,0,0,0,100,0,0,0,0,66481098752,12884893696,1718370304,0
99,1780596719822,58161.66743469238,4700,1,0.3062499999999999,6938.415969848633,4700,1,0.3062499999999999,6801.7137451171875,4700,1,0.3062499999999999,12309.680526733398,4700,1,0.3062499999999999,45917.30308532715,4700,1,0.3062499999999999,38057.46633911133,4700,1,0.3062499999999999,47286.39389038086,4700,1,0.3062499999999999,30431.703323364258,4700,1,0.3062499999999999,7275.729873657227,4700,1,0.3062499999999999,7165.14567565918,4700,1,0.3062499999999999,6755.694961547852,4700,1,0.3062499999999999,6973.660186767578,4700,1,0.3062499999999999,16938.871490478516,3007,3007,3007,3007,3007,3007,3007,3007,3007,3007,3007,3007,4690,4691,3007,3007,3007,4690,3007,3007,3007,3007,3007,4690,95.23809814453125,5,0,0,4.761904716491699,0,19.047618865966797,5.263157844543457,14.285715103149414,0,0,0,4.761904716491699,0,0,0,0,0,0,100,0,0,0,0,66481098752,12884893696,1715286016,0
99,1780596719922,58162.44129943848,4700,1,0.30000000000000004,6938.419052124023,4700,1,0.30000000000000004,6801.716827392578,4700,1,0.30000000000000004,12309.794937133789,4700,1,0.30000000000000004,45917.614822387695,4700,1,0.30000000000000004,38057.7038269043,4700,1,0.30000000000000004,47286.56506347656,4700,1,0.30000000000000004,30432.572372436523,4700,1,0.30000000000000004,7275.732925415039,4700,1,0.30000000000000004,7165.151763916016,4700,1,0.30000000000000004,6755.69775390625,4700,1,0.30000000000000004,6973.663269042969,4700,1,0.30000000000000004,16944.417922973633,3007,3007,3007,3007,3007,3007,3007,3007,3007,3007,3007,3007,4690,4691,3007,3007,3007,4690,3007,3007,3007,3007,3007,4690,95.23809814453125,5,0,0,4.761904716491699,0,19.047618865966797,5.263157844543457,14.285715103149414,0,0,0,4.761904716491699,0,0,0,0,0,0,100,0,0,0,0,66481098752,12884893696,1713401856,0
99,1780596720022,58163.21131896973,4700,1,0.3062499999999999,6938.422134399414,4700,1,0.3062499999999999,6801.719940185547,4700,1,0.3062499999999999,12309.799819946289,4700,1,0.3062499999999999,45917.85060119629,4700,1,0.3062499999999999,38058.01817321777,4700,1,0.3062499999999999,47286.76565551758,4700,1,0.3062499999999999,30433.4471282959,4700,1,0.3062499999999999,7275.73600769043,4700,1,0.3062499999999999,7165.1549072265625,4700,1,0.3062499999999999,6755.700775146484,4700,1,0.3062499999999999,6973.668228149414,4700,1,0.3062499999999999,16949.992782592773,3007,3007,3007,3007,3007,3007,3007,3007,3007,3007,3007,3007,4690,4691,3007,3007,3007,4690,3007,3007,3007,3007,3007,4690,100,0,0,0,0,0,15.000000953674316,0,10,5.263157844543457,0,0,5.263157844543457,0,0,0,0,9.523809432983398,0,100,0,0,0,4.761904716491699,66481098752,12884893696,1714384896,0
99,1780596720122,58163.984619140625,4700,1,0.30000000000000004,6938.425186157227,4700,1,0.30000000000000004,6801.722991943359,4700,1,0.30000000000000004,12310.031860351563,4700,1,0.30000000000000004,45918.04928588867,4700,1,0.30000000000000004,38058.21257019043,4700,1,0.30000000000000004,47287.001724243164,4700,1,0.30000000000000004,30434.309051513672,4700,1,0.30000000000000004,7275.73908996582,4700,1,0.30000000000000004,7165.157943725586,4700,1,0.30000000000000004,6755.703674316406,4700,1,0.30000000000000004,6973.671279907227,4700,1,0.30000000000000004,16955.466049194336,3007,3007,3007,3007,3007,3007,3007,3007,3007,3007,3007,3007,4690,4691,3007,3007,3007,4690,3007,3007,3007,3007,3007,4690,100,0,0,0,0,0,15.000000953674316,0,10,5.263157844543457,0,0,5.263157844543457,0,0,0,0,9.523809432983398,0,100,0,0,0,4.761904716491699,66481098752,12884893696,1709789184,0
99,1780596720222,58164.754302978516,4700,1,0.3062499999999999,6938.428268432617,4700,1,0.3062499999999999,6801.726104736328,4700,1,0.3062499999999999,12310.241607666016,4700,1,0.3062499999999999,45918.29557800293,4700,1,0.3062499999999999,38058.455978393555,4700,1,0.3062499999999999,47287.207260131836,4700,1,0.3062499999999999,30435.175994873047,4700,1,0.3062499999999999,7275.742202758789,4700,1,0.3062499999999999,7165.161178588867,4700,1,0.3062499999999999,6755.70671081543,4700,1,0.3062499999999999,6973.674392700195,4700,1,0.3062499999999999,16960.995834350586,3007,3007,3007,3007,3007,3007,3007,3007,3007,3007,3007,3007,4690,4691,3007,3007,3007,4690,3007,3007,3007,3007,3007,4690,100,0,0,0,0,0,9.523809432983398,4.761904716491699,15.789472579956055,5,0,0,10.526315689086914,0,0,0,0,10.526315689086914,0,100,0,0,0,0,66481098752,12884893696,1710780416,0
99,1780596720322,58165.52600097656,4700,1,0.3062499999999999,6938.431350708008,4700,1,0.3062499999999999,6801.729187011719,4700,1,0.3062499999999999,12310.445724487305,4700,1,0.3062499999999999,45918.462982177734,4700,1,0.3062499999999999,38058.70458984375,4700,1,0.3062499999999999,47287.43717956543,4700,1,0.3062499999999999,30436.038650512695,4700,1,0.3062499999999999,7275.74528503418,4700,1,0.3062499999999999,7165.167068481445,4700,1,0.3062499999999999,6755.709732055664,4700,1,0.3062499999999999,6973.677474975586,4700,1,0.3062499999999999,16966.54330444336,3007,3007,3007,3007,3007,3007,3007,3007,3007,3007,3007,3007,4690,4691,3007,3007,3007,4690,3007,3007,3007,3007,3007,4690,100,0,0,0,0,0,9.523809432983398,4.761904716491699,15.789472579956055,5,0,0,10.526315689086914,0,0,0,0,10.526315689086914,0,100,0,0,0,0,66481098752,12884893696,1712824320,0
99,1780596720422,58166.31410217285,4700,1,0.3062499999999999,6938.434432983398,4700,1,0.3062499999999999,6801.732269287109,4700,1,0.3062499999999999,12310.690780639648,4700,1,0.3062499999999999,45918.660415649414,4700,1,0.3062499999999999,38058.96257019043,4700,1,0.3062499999999999,47287.60836791992,4700,1,0.3062499999999999,30436.920318603516,4700,1,0.3062499999999999,7275.74836730957,4700,1,0.3062499999999999,7165.170150756836,4700,1,0.3062499999999999,6755.712738037109,4700,1,0.3062499999999999,6973.680557250977,4700,1,0.3062499999999999,16972.100219726563,3007,3007,3007,3007,3007,3007,3007,3007,3007,3007,3007,3007,4690,4691,3007,3007,3007,4690,3007,3007,3007,3007,3007,4690,95,0,0,0,0,5,0,5,10,5,0,0,5.263157844543457,0,0,0,0,0,4.761904716491699,100,0,0,0,0,66481098752,12884893696,1711628288,0
99,1780596720522,58167.08126831055,4700,1,0.30000000000000004,6938.437515258789,4700,1,0.3062499999999999,6801.735382080078,4700,1,0.3062499999999999,12310.935195922852,4700,1,0.30000000000000004,45918.87089538574,4700,1,0.30000000000000004,38059.21284484863,4700,1,0.30000000000000004,47287.82305908203,4700,1,0.30000000000000004,30437.7931060791,4700,1,0.30000000000000004,7275.751449584961,4700,1,0.30000000000000004,7165.173294067383,4700,1,0.30000000000000004,6755.715881347656,4700,1,0.30000000000000004,6973.683639526367,4700,1,0.30000000000000004,16977.68717956543,3007,3007,3007,3007,3007,3007,3007,3007,3007,3007,3007,3007,4690,4691,3007,3007,3007,4690,3007,3007,3007,3007,3007,4690,95,0,0,0,0,5,0,5,10,5,0,0,5.263157844543457,0,0,0,0,0,4.761904716491699,100,0,0,0,0,66481098752,12884893696,1713983488,0
99,1780596720622,58167.835037231445,4700,1,0.30000000000000004,6938.440658569336,4700,1,0.30000000000000004,6801.738464355469,4700,1,0.30000000000000004,12311.185409545898,4700,1,0.30000000000000004,45918.87548828125,4700,1,0.30000000000000004,38059.55813598633,4700,1,0.30000000000000004,47287.954513549805,4700,1,0.30000000000000004,30438.671585083008,4700,1,0.30000000000000004,7275.754592895508,4700,1,0.30000000000000004,7165.176376342773,4700,1,0.30000000000000004,6755.718978881836,4700,1,0.30000000000000004,6973.686721801758,4700,1,0.30000000000000004,16983.052993774414,3007,3007,3007,3007,3007,3007,3007,3007,3007,3007,3007,3007,4690,4691,3007,3007,3007,4690,3007,3007,3007,3007,3007,4690,100,5,0,0,0,0,0,14.285715103149414,0,10,0,0,0,0,0,0,0,10.526315689086914,0,100,0,0,0,0,66481098752,12884893696,1715679232,0
99,1780596720722,58168.59321594238,4700,1,0.30000000000000004,6938.443710327148,4700,1,0.30000000000000004,6801.741516113281,4700,1,0.30000000000000004,12311.438934326172,4700,1,0.30000000000000004,45918.880310058594,4700,1,0.30000000000000004,38059.90353393555,4700,1,0.30000000000000004,47288.10386657715,4700,1,0.30000000000000004,30439.55975341797,4700,1,0.30000000000000004,7275.75764465332,4700,1,0.30000000000000004,7165.179534912109,4700,1,0.30000000000000004,6755.722015380859,4700,1,0.30000000000000004,6973.68977355957,4700,1,0.30000000000000004,16988.424041748047,3007,3007,3007,3007,3007,3007,3007,3007,3007,3007,3007,3007,4690,4691,3007,3007,3007,4690,3007,3007,3007,3007,3007,4690,100,5,0,0,0,0,0,14.285715103149414,0,10,0,0,0,0,0,0,0,10.526315689086914,0,100,0,0,0,0,66481098752,12884893696,1713487872,0
99,1780596720822,58169.360916137695,4700,1,0.30000000000000004,6938.446792602539,4700,1,0.30000000000000004,6801.74462890625,4700,1,0.30000000000000004,12311.725173950195,4700,1,0.30000000000000004,45919.12887573242,4700,1,0.30000000000000004,38059.94479370117,4700,1,0.30000000000000004,47288.30952453613,4700,1,0.30000000000000004,30440.443328857422,4700,1,0.30000000000000004,7275.760772705078,4700,1,0.30000000000000004,7165.1826171875,4700,1,0.30000000000000004,6755.725326538086,4700,1,0.30000000000000004,6973.692855834961,4700,1,0.30000000000000004,16993.865280151367,3007,3007,3007,3007,3007,3007,3007,3007,3007,3007,3007,3007,4690,4691,3007,3007,3007,4690,3007,3007,3007,3007,3007,4690,95.23809814453125,10,0,0,5,13.636363983154297,4.761904716491699,10,9.523809432983398,5.263157844543457,0,0,9.523809432983398,0,0,0,0,5.263157844543457,0,100,0,0,0,0,66481098752,12884893696,1712803840,0
99,1780596720922,58170.122619628906,4700,1,0.3062499999999999,6938.44987487793,4700,1,0.3062499999999999,6801.747711181641,4700,1,0.3062499999999999,12311.974197387695,4700,1,0.3062499999999999,45919.39042663574,4700,1,0.3062499999999999,38060.10493469238,4700,1,0.3062499999999999,47288.50695800781,4700,1,0.3062499999999999,30441.320846557617,4700,1,0.3062499999999999,7275.763854980469,4700,1,0.3062499999999999,7165.185699462891,4700,1,0.3062499999999999,6755.728363037109,4700,1,0.3062499999999999,6973.695938110352,4700,1,0.3062499999999999,16999.39060974121,3007,3007,3007,3007,3007,3007,3007,3007,3007,3007,3007,3007,4690,4691,3007,3007,3007,4690,3007,3007,3007,3007,3007,4690,95.23809814453125,10,0,0,5,13.636363983154297,4.761904716491699,10,9.523809432983398,5.263157844543457,0,0,9.523809432983398,0,0,0,0,5.263157844543457,0,100,0,0,0,0,66481098752,12884893696,1715044352,0
99,1780596721022,58170.881286621094,4700,1,0.3062499999999999,6938.45295715332,4700,1,0.3062499999999999,6801.750793457031,4700,1,0.3062499999999999,12312.226181030273,4700,1,0.3062499999999999,45919.6057434082,4700,1,0.3062499999999999,38060.327209472656,4700,1,0.3062499999999999,47288.75001525879,4700,1,0.3062499999999999,30442.20378112793,4700,1,0.3062499999999999,7275.766937255859,4700,1,0.3062499999999999,7165.1888427734375,4700,1,0.3062499999999999,6755.731460571289,4700,1,0.3062499999999999,6973.699066162109,4700,1,0.3062499999999999,17004.935775756836,3007,3007,3007,3007,3007,3007,3007,3007,3007,3007,3007,3007,4690,4691,3007,3007,3007,4690,3007,3007,3007,3007,3007,4690,94.44444274902344,0,0,0,0,0,10.526315689086914,19.047618865966797,5.263157844543457,10,0,0,0,0,0,0,0,0,0,100,0,0,0,0,66481098752,12884893696,1713168384,0
99,1780596721122,58171.644454956055,4700,1,0.3062499999999999,6938.456039428711,4700,1,0.3062499999999999,6801.753875732422,4700,1,0.3062499999999999,12312.468933105469,4700,1,0.3062499999999999,45919.83987426758,4700,1,0.3062499999999999,38060.55610656738,4700,1,0.3062499999999999,47288.978439331055,4700,1,0.3062499999999999,30443.08332824707,4700,1,0.3062499999999999,7275.77001953125,4700,1,0.3062499999999999,7165.191986083984,4700,1,0.3062499999999999,6755.7344970703125,4700,1,0.3062499999999999,6973.7021484375,4700,1,0.3062499999999999,17010.472946166992,3007,3007,3007,3007,3007,3007,3007,3007,3007,3007,3007,3007,4690,4691,3007,3007,3007,4690,3007,3007,3007,3007,3007,4690,94.44444274902344,0,0,0,0,0,10.526315689086914,19.047618865966797,5.263157844543457,10,0,0,0,0,0,0,0,0,0,100,0,0,0,0,66481098752,12884893696,1717043200,0
99,1780596721223,58172.40376281738,4700,1,0.30000000000000004,6938.459121704102,4700,1,0.3062499999999999,6801.7569580078125,4700,1,0.3062499999999999,12312.735809326172,4700,1,0.30000000000000004,45920.0408782959,4700,1,0.30000000000000004,38060.74003601074,4700,1,0.3062499999999999,47289.225646972656,4700,1,0.3062499999999999,30443.967086791992,4700,1,0.3062499999999999,7275.773101806641,4700,1,0.3062499999999999,7165.1951904296875,4700,1,0.3062499999999999,6755.73762512207,4700,1,0.3062499999999999,6973.705230712891,4700,1,0.3062499999999999,17015.976776123047,3007,3007,3007,3007,3007,3007,3007,3007,3007,3007,3007,3007,4690,4691,3007,3007,3007,4690,3007,3007,3007,3007,3007,4690,95,0,0,0,0,0,10,5.263157844543457,19.047618865966797,5.555555820465088,0,0,0,0,0,0,0,0,0,100,0,0,0,0,66481098752,12884893696,1714106368,0
99,1780596721323,58173.16256713867,4700,1,0.3062499999999999,6938.462203979492,4700,1,0.3062499999999999,6801.760040283203,4700,1,0.3062499999999999,12312.849258422852,4700,1,0.3062499999999999,45920.26826477051,4700,1,0.3062499999999999,38061.048736572266,4700,1,0.3062499999999999,47289.45538330078,4700,1,0.3062499999999999,30444.849075317383,4700,1,0.3062499999999999,7275.776184082031,4700,1,0.3062499999999999,7165.198348999023,4700,1,0.3062499999999999,6755.740631103516,4700,1,0.3062499999999999,6973.708312988281,4700,1,0.3062499999999999,17021.529388427734,3007,3007,3007,3007,3007,3007,3007,3007,3007,3007,3007,3007,4690,4691,3007,3007,3007,4690,3007,3007,3007,3007,3007,4690,95,0,0,0,0,0,10,5.263157844543457,19.047618865966797,5.555555820465088,0,0,0,0,0,0,0,0,0,100,0,0,0,0,66481098752,12884893696,1714851840,0
99,1780596721423,58173.91763305664,4700,1,0.3062499999999999,6938.465286254883,4700,1,0.3062499999999999,6801.763168334961,4700,1,0.3062499999999999,12312.853713989258,4700,1,0.3062499999999999,45920.479888916016,4700,1,0.3062499999999999,38061.389083862305,4700,1,0.3062499999999999,47289.68151855469,4700,1,0.3062499999999999,30445.726806640625,4700,1,0.3062499999999999,7275.779296875,4700,1,0.3062499999999999,7165.201431274414,4700,1,0.3062499999999999,6755.743621826172,4700,1,0.3062499999999999,6973.711395263672,4700,1,0.3062499999999999,17027.0634765625,3007,3007,3007,3007,3007,3007,3007,3007,3007,3007,3007,3007,4690,4691,3007,3007,3007,4690,3007,3007,3007,3007,3007,4690,100,0,0,0,0,0,15.000000953674316,18.18181800842285,10.526315689086914,10,0,0,0,0,0,0,0,0,0,100,0,0,0,0,66481098752,12884893696,1715568640,0
99,1780596721523,58174.67860412598,4700,1,0.3062499999999999,6938.468338012695,4700,1,0.3062499999999999,6801.766220092773,4700,1,0.3062499999999999,12312.85856628418,4700,1,0.3062499999999999,45920.69093322754,4700,1,0.3062499999999999,38061.729064941406,4700,1,0.3062499999999999,47289.910568237305,4700,1,0.3062499999999999,30446.59828186035,4700,1,0.3062499999999999,7275.7823486328125,4700,1,0.3062499999999999,7165.204605102539,4700,1,0.3062499999999999,6755.746688842773,4700,1,0.3062499999999999,6973.714447021484,4700,1,0.3062499999999999,17032.494537353516,3007,3007,3007,3007,3007,3007,3007,3007,3007,3007,3007,3007,4690,4691,3007,3007,3007,4690,3007,3007,3007,3007,3007,4690,100,0,0,0,0,0,15.000000953674316,18.18181800842285,10.526315689086914,10,0,0,0,0,0,0,0,0,0,100,0,0,0,0,66481098752,12884893696,1718136832,0
99,1780596721623,58175.44502258301,4700,1,0.3062499999999999,6938.471420288086,4700,1,0.3062499999999999,6801.769302368164,4700,1,0.3062499999999999,12312.863021850586,4700,1,0.3062499999999999,45920.888412475586,4700,1,0.3062499999999999,38062.071044921875,4700,1,0.3062499999999999,47290.14888000488,4700,1,0.3062499999999999,30447.479873657227,4700,1,0.3062499999999999,7275.785430908203,4700,1,0.3062499999999999,7165.20768737793,4700,1,0.3062499999999999,6755.749725341797,4700,1,0.3062499999999999,6973.717529296875,4700,1,0.3062499999999999,17038.037200927734,3007,3007,3007,3007,3007,3007,3007,3007,3007,3007,3007,3007,4690,4691,3007,3007,3007,4690,3007,3007,3007,3007,3007,4690,94.73684692382813,0,0,0,0,0,5.263157844543457,11.111111640930176,19.047618865966797,10,0,0,0,0,0,0,0,9.523809432983398,0,100,0,0,0,0,66481098752,12884893696,1716580352,0
99,1780596721723,58176.22967529297,4700,1,0.3062499999999999,6938.474502563477,4700,1,0.3062499999999999,6801.772384643555,4700,1,0.3062499999999999,12313.003524780273,4700,1,0.3062499999999999,45921.09568786621,4700,1,0.3062499999999999,38062.361389160156,4700,1,0.3062499999999999,47290.3147277832,4700,1,0.3062499999999999,30448.367477416992,4700,1,0.3062499999999999,7275.788513183594,4700,1,0.3062499999999999,7165.210830688477,4700,1,0.3062499999999999,6755.753311157227,4700,1,0.3062499999999999,6973.720611572266,4700,1,0.3062499999999999,17043.51348876953,3007,3007,3007,3007,3007,3007,3007,3007,3007,3007,3007,3007,4690,4691,3007,3007,3007,4690,3007,3007,3007,3007,3007,4690,94.73684692382813,0,0,0,0,0,5.263157844543457,11.111111640930176,19.047618865966797,10,0,0,0,0,0,0,0,9.523809432983398,0,100,0,0,0,0,66481098752,12884893696,1717424128,0
99,1780596721823,58177.01161193848,4700,1,0.30000000000000004,6938.477584838867,4700,1,0.3062499999999999,6801.775466918945,4700,1,0.3062499999999999,12313.299819946289,4700,1,0.30000000000000004,45921.225189208984,4700,1,0.3062499999999999,38062.61488342285,4700,1,0.3062499999999999,47290.51249694824,4700,1,0.3062499999999999,30449.226272583008,4700,1,0.3062499999999999,7275.791641235352,4700,1,0.3062499999999999,7165.213912963867,4700,1,0.3062499999999999,6755.756332397461,4700,1,0.3062499999999999,6973.723693847656,4700,1,0.3062499999999999,17049.042236328125,3007,3007,3007,3007,3007,3007,3007,3007,3007,3007,3007,3007,4690,4691,3007,3007,3007,4690,3007,3007,3007,3007,3007,4690,95,5,0,0,0,5,0,4.761904716491699,9.523809432983398,5,0,0,0,0,0,0,0,10.526315689086914,0,100,0,0,0,0,66481098752,12884893696,1720000512,0
99,1780596721923,58177.787689208984,4700,1,0.3062499999999999,6938.480667114258,4700,1,0.30000000000000004,6801.778549194336,4700,1,0.30000000000000004,12313.584564208984,4700,1,0.3062499999999999,45921.44206237793,4700,1,0.3062499999999999,38062.80110168457,4700,1,0.3062499999999999,47290.736724853516,4700,1,0.3062499999999999,30450.07943725586,4700,1,0.3062499999999999,7275.79475402832,4700,1,0.3062499999999999,7165.217071533203,4700,1,0.3062499999999999,6755.759246826172,4700,1,0.30000000000000004,6973.726776123047,4700,1,0.30000000000000004,17054.68586730957,3007,3007,3007,3007,3007,3007,3007,3007,3007,3007,3007,3007,4690,4691,3007,3007,3007,4690,3007,3007,3007,3007,3007,4690,95,5,0,0,0,5,0,4.761904716491699,9.523809432983398,5,0,0,0,0,0,0,0,10.526315689086914,0,100,0,0,0,0,66481098752,12884893696,1721110528,0
99,1780596722023,58178.55711364746,4700,1,0.30000000000000004,6938.483749389648,4700,1,0.30000000000000004,6801.781631469727,4700,1,0.30000000000000004,12313.882064819336,4700,1,0.30000000000000004,45921.60771179199,4700,1,0.30000000000000004,38063.02966308594,4700,1,0.30000000000000004,47290.95120239258,4700,1,0.30000000000000004,30450.9315032959,4700,1,0.30000000000000004,7275.797836303711,4700,1,0.30000000000000004,7165.22021484375,4700,1,0.30000000000000004,6755.76237487793,4700,1,0.30000000000000004,6973.7298583984375,4700,1,0.30000000000000004,17060.27899169922,3007,3007,3007,3007,3007,3007,3007,3007,3007,3007,3007,3007,4690,4691,3007,3007,3007,4690,3007,3007,3007,3007,3007,4690,100,10.526315689086914,0,0,0,0,10,0,5.263157844543457,0,0,0,0,0,0,0,0,5.555555820465088,0,100,0,0,0,0,66481098752,12884893696,1722773504,0
99,1780596722123,58179.31411743164,4700,1,0.30000000000000004,6938.486831665039,4700,1,0.30000000000000004,6801.784713745117,4700,1,0.30000000000000004,12314.175750732422,4700,1,0.30000000000000004,45921.81806945801,4700,1,0.30000000000000004,38063.269760131836,4700,1,0.30000000000000004,47291.03498840332,4700,1,0.30000000000000004,30451.755935668945,4700,1,0.30000000000000004,7275.800918579102,4700,1,0.30000000000000004,7165.2232666015625,4700,1,0.30000000000000004,6755.768966674805,4700,1,0.30000000000000004,6973.732940673828,4700,1,0.30000000000000004,17065.770080566406,3007,3007,3007,3007,3007,3007,3007,3007,3007,3007,3007,3007,4690,4691,3007,3007,3007,4690,3007,3007,3007,3007,3007,4690,100,10.526315689086914,0,0,0,0,10,0,5.263157844543457,0,0,0,0,0,0,0,0,5.555555820465088,0,100,0,0,0,0,66481098752,12884893696,1721671680,0
99,1780596722223,58179.8809967041,4700,1,0.3062499999999999,6938.490051269531,4700,1,0.3062499999999999,6801.787796020508,4700,1,0.3062499999999999,12314.50405883789,4700,1,0.3062499999999999,45922.17143249512,4700,1,0.3062499999999999,38063.650329589844,4700,1,0.3062499999999999,47291.38471984863,4700,1,0.3062499999999999,30452.280868530273,4700,1,0.3062499999999999,7275.804168701172,4700,1,0.3062499999999999,7165.254104614258,4700,1,0.3062499999999999,6755.773727416992,4700,1,0.3062499999999999,6973.736022949219,4700,1,0.3062499999999999,17071.13311767578,3007,3007,3007,3007,3007,3007,3007,3007,3007,3007,3007,3007,4690,4691,3007,3007,3007,4690,3007,3007,3007,3007,3007,4690,100,10.526315689086914,0,0,10,0,20,20,19.047618865966797,15.789472579956055,0,0,10,0,0,0,0,19.047618865966797,14.285715103149414,83.33332824707031,0,0,0,0,66481098752,12884893696,1725149184,0
99,1780596722323,58180.460525512695,4700,1,0.30000000000000004,6938.493103027344,4700,1,0.30000000000000004,6801.79084777832,4700,1,0.30000000000000004,12314.797637939453,4700,1,0.30000000000000004,45922.4440612793,4700,1,0.30000000000000004,38063.95910644531,4700,1,0.30000000000000004,47291.646911621094,4700,1,0.30000000000000004,30452.675216674805,4700,1,0.30000000000000004,7275.807281494141,4700,1,0.30000000000000004,7165.277008056641,4700,1,0.30000000000000004,6755.776748657227,4700,1,0.30000000000000004,6973.739074707031,4700,1,0.30000000000000004,17076.168395996094,3007,3007,3007,3007,3007,3007,3007,3007,3007,3007,3007,3007,4690,4691,3007,3007,3007,4690,3007,3007,3007,3007,3007,4690,100,10.526315689086914,0,0,10,0,20,20,19.047618865966797,15.789472579956055,0,0,10,0,0,0,0,19.047618865966797,14.285715103149414,83.33332824707031,0,0,0,0,66481098752,12884893696,1727401984,0
99,1780596722423,58181.08058166504,4700,1,0.3062499999999999,6938.496978759766,4700,1,0.3062499999999999,6801.794662475586,4700,1,0.3062499999999999,12315.051406860352,4700,1,0.3062499999999999,45922.70211791992,4700,1,0.3062499999999999,38064.23034667969,4700,1,0.3062499999999999,47291.90202331543,4700,1,0.3062499999999999,30453.070236206055,4700,1,0.3062499999999999,7275.821502685547,4700,1,0.3062499999999999,7165.2884521484375,4700,1,0.3062499999999999,6755.780548095703,4700,1,0.3062499999999999,6973.746017456055,4700,1,0.3062499999999999,17081.229248046875,3007,3007,3007,3007,3007,3007,3007,3007,3007,3007,3007,3007,4690,4691,3007,3007,3007,4690,3007,3007,3007,3007,3007,4690,100,10.526315689086914,0,0,10.526315689086914,15.000000953674316,5.555555820465088,11.764705657958984,5.555555820465088,20,0,0,10.526315689086914,0,0,0,0,10,5.263157844543457,47.619049072265625,0,0,0,0,66481098752,12884893696,1721212928,0
99,1780596722523,58181.71452331543,4700,1,0.30000000000000004,6938.500457763672,4700,1,0.3062499999999999,6801.797790527344,4700,1,0.3062499999999999,12315.420654296875,4700,1,0.3062499999999999,45923.06230163574,4700,1,0.3062499999999999,38064.5881652832,4700,1,0.3062499999999999,47292.22216796875,4700,1,0.3062499999999999,30453.658401489258,4700,1,0.3062499999999999,7275.824615478516,4700,1,0.3062499999999999,7165.301742553711,4700,1,0.3062499999999999,6755.783920288086,4700,1,0.3062499999999999,6973.749130249023,4700,1,0.3062499999999999,17086.787048339844,3007,3007,3007,3007,3007,3007,3007,3007,3007,3007,3007,3007,4690,4691,3007,3007,3007,4690,3007,3007,3007,3007,3007,4690,100,10.526315689086914,0,0,10.526315689086914,15.000000953674316,5.555555820465088,11.764705657958984,5.555555820465088,20,0,0,10.526315689086914,0,0,0,0,10,5.263157844543457,47.619049072265625,0,0,0,0,66481098752,12884893696,1718681600,0
99,1780596722623,58182.369552612305,4700,1,0.30000000000000004,6938.503570556641,4700,1,0.30000000000000004,6801.8009033203125,4700,1,0.30000000000000004,12315.806121826172,4700,1,0.30000000000000004,45923.43713378906,4700,1,0.30000000000000004,38064.966796875,4700,1,0.30000000000000004,47292.608337402344,4700,1,0.30000000000000004,30454.259521484375,4700,1,0.30000000000000004,7275.827926635742,4700,1,0.30000000000000004,7165.304931640625,4700,1,0.30000000000000004,6755.78694152832,4700,1,0.30000000000000004,6973.752258300781,4700,1,0.30000000000000004,17092.46533203125,3007,3007,3007,3007,3007,3007,3007,3007,3007,3007,3007,3007,4690,4691,3007,3007,3007,4690,3007,3007,3007,3007,3007,4690,100,15.789472579956055,0,0,26.3157901763916,16.666667938232422,23.809524536132813,23.809524536132813,20,22.22222328186035,0,0,10.526315689086914,0,0,0,0,10.526315689086914,10.526315689086914,90.47618865966797,0,0,0,0,66481098752,12884893696,1701871616,0
99,1780596722723,58183.03352355957,4700,1,0.30000000000000004,6938.506652832031,4700,1,0.30000000000000004,6801.803985595703,4700,1,0.30000000000000004,12316.16567993164,4700,1,0.30000000000000004,45923.82313537598,4700,1,0.30000000000000004,38065.35353088379,4700,1,0.30000000000000004,47292.99816894531,4700,1,0.30000000000000004,30454.8828125,4700,1,0.30000000000000004,7275.831146240234,4700,1,0.30000000000000004,7165.308166503906,4700,1,0.30000000000000004,6755.790145874023,4700,1,0.30000000000000004,6973.755340576172,4700,1,0.30000000000000004,17098.235794067383,3007,3007,3007,3007,3007,3007,3007,3007,3007,3007,3007,3007,4690,4691,3007,3007,3007,4690,3007,3007,3007,3007,3007,4690,100,15.789472579956055,0,0,26.3157901763916,16.666667938232422,23.809524536132813,23.809524536132813,20,22.22222328186035,0,0,10.526315689086914,0,0,0,0,10.526315689086914,10.526315689086914,90.47618865966797,0,0,0,0,66481098752,12884893696,1704624128,0
99,1780596722823,58183.71015930176,4700,1,0.30000000000000004,6938.509735107422,4700,1,0.30000000000000004,6801.807067871094,4700,1,0.30000000000000004,12316.556030273438,4700,1,0.30000000000000004,45924.23489379883,4700,1,0.30000000000000004,38065.687438964844,4700,1,0.30000000000000004,47293.378845214844,4700,1,0.30000000000000004,30455.49510192871,4700,1,0.30000000000000004,7275.834396362305,4700,1,0.30000000000000004,7165.311248779297,4700,1,0.30000000000000004,6755.7999267578125,4700,1,0.30000000000000004,6973.7584228515625,4700,1,0.30000000000000004,17103.986526489258,3007,3007,3007,3007,3007,3007,3007,3007,3007,3007,3007,3007,4690,4691,3007,3007,3007,4690,3007,3007,3007,3007,3007,4690,100,23.809524536132813,0,0,30.000001907348633,15.789472579956055,21.052631378173828,20,15.789472579956055,33.333335876464844,0,0,15.789472579956055,0,0,0,0,5.555555820465088,25,90.47618865966797,0,0,0,0,66481098752,12884893696,1695838208,0
99,1780596722923,58184.391998291016,4700,1,0.30000000000000004,6938.5128173828125,4700,1,0.30000000000000004,6801.810150146484,4700,1,0.30000000000000004,12316.9365234375,4700,1,0.30000000000000004,45924.63391113281,4700,1,0.30000000000000004,38066.08087158203,4700,1,0.30000000000000004,47293.7414855957,4700,1,0.30000000000000004,30456.08888244629,4700,1,0.30000000000000004,7275.83757019043,4700,1,0.30000000000000004,7165.314300537109,4700,1,0.30000000000000004,6755.802871704102,4700,1,0.30000000000000004,6973.761505126953,4700,1,0.30000000000000004,17109.690048217773,3007,3007,3007,3007,3007,3007,3007,3007,3007,3007,3007,3007,4690,4691,3007,3007,3007,4690,3007,3007,3007,3007,3007,4690,100,23.809524536132813,0,0,30.000001907348633,15.789472579956055,21.052631378173828,20,15.789472579956055,33.333335876464844,0,0,15.789472579956055,0,0,0,0,5.555555820465088,25,90.47618865966797,0,0,0,0,66481098752,12884893696,1689653248,0
99,1780596723023,58184.968170166016,4700,1,0.3062499999999999,6938.515869140625,4700,1,0.3062499999999999,6801.813201904297,4700,1,0.3062499999999999,12317.167602539063,4700,1,0.3062499999999999,45925.01435852051,4700,1,0.3062499999999999,38066.50085449219,4700,1,0.3062499999999999,47294.21809387207,4700,1,0.3062499999999999,30456.780807495117,4700,1,0.3062499999999999,7275.840789794922,4700,1,0.3062499999999999,7165.317459106445,4700,1,0.3062499999999999,6755.805801391602,4700,1,0.3062499999999999,6973.764587402344,4700,1,0.3062499999999999,17115.385955810547,3007,3007,3007,3007,3007,3007,3007,3007,3007,3007,3007,3007,4690,4691,3007,3007,3007,4690,3007,3007,3007,3007,3007,4690,100,10.526315689086914,0,0,5.555555820465088,10.526315689086914,20,25,25,33.333335876464844,0,0,16.666667938232422,0,0,0,0,23.809524536132813,22.22222328186035,100,0,0,0,0,66481098752,12884893696,1686175744,0
99,1780596723124,58185.601165771484,4700,1,0.3062499999999999,6938.518951416016,4700,1,0.3062499999999999,6801.8162841796875,4700,1,0.3062499999999999,12317.530776977539,4700,1,0.3062499999999999,45925.3977355957,4700,1,0.3062499999999999,38066.89646911621,4700,1,0.3062499999999999,47294.60984802246,4700,1,0.3062499999999999,30457.419311523438,4700,1,0.3062499999999999,7275.844100952148,4700,1,0.3062499999999999,7165.320571899414,4700,1,0.3062499999999999,6755.808837890625,4700,1,0.3062499999999999,6973.767669677734,4700,1,0.3062499999999999,17121.18051147461,3007,3007,3007,3007,3007,3007,3007,3007,3007,3007,3007,3007,4690,4691,3007,3007,3007,4690,3007,3007,3007,3007,3007,4690,100,10.526315689086914,0,0,5.555555820465088,10.526315689086914,20,25,25,33.333335876464844,0,0,16.666667938232422,0,0,0,0,23.809524536132813,22.22222328186035,100,0,0,0,0,66481098752,12884893696,1690718208,0
99,1780596723224,58186.22456359863,4700,1,0.3062499999999999,6938.522033691406,4700,1,0.3062499999999999,6801.819366455078,4700,1,0.3062499999999999,12317.879959106445,4700,1,0.3062499999999999,45925.782302856445,4700,1,0.3062499999999999,38067.29621887207,4700,1,0.3062499999999999,47295.02877807617,4700,1,0.3062499999999999,30458.08383178711,4700,1,0.3062499999999999,7275.847442626953,4700,1,0.3062499999999999,7165.323776245117,4700,1,0.3062499999999999,6755.811981201172,4700,1,0.3062499999999999,6973.770751953125,4700,1,0.3062499999999999,17127.03547668457,3007,3007,3007,3007,3007,3007,3007,3007,3007,3007,3007,3007,4690,4691,3007,3007,3007,4690,3007,3007,3007,3007,3007,4690,100,15.789472579956055,0,0,22.72727394104004,11.111111640930176,21.052631378173828,28.571430206298828,28.571430206298828,36.842105865478516,0,0,20,0,0,0,0,15.789472579956055,21.052631378173828,95.23809814453125,0,0,0,0,66481098752,12884893696,1685938176,0
99,1780596723324,58186.86911010742,4700,1,0.3062499999999999,6938.525115966797,4700,1,0.3062499999999999,6801.822448730469,4700,1,0.3062499999999999,12318.175399780273,4700,1,0.3062499999999999,45926.199127197266,4700,1,0.3062499999999999,38067.726135253906,4700,1,0.3062499999999999,47295.44709777832,4700,1,0.3062499999999999,30458.71844482422,4700,1,0.3062499999999999,7275.850616455078,4700,1,0.3062499999999999,7165.326919555664,4700,1,0.3062499999999999,6755.8150634765625,4700,1,0.3062499999999999,6973.773834228516,4700,1,0.3062499999999999,17132.846557617188,3007,3007,3007,3007,3007,3007,3007,3007,3007,3007,3007,3007,4690,4691,3007,3007,3007,4690,3007,3007,3007,3007,3007,4690,100,15.789472579956055,0,0,22.72727394104004,11.111111640930176,21.052631378173828,28.571430206298828,28.571430206298828,36.842105865478516,0,0,20,0,0,0,0,15.789472579956055,21.052631378173828,95.23809814453125,0,0,0,0,66481098752,12884893696,1678315520,0
99,1780596723424,58187.550064086914,4700,1,0.3062499999999999,6938.528274536133,4700,1,0.3062499999999999,6801.825607299805,4700,1,0.3062499999999999,12318.522811889648,4700,1,0.3062499999999999,45926.59815979004,4700,1,0.3062499999999999,38068.11688232422,4700,1,0.3062499999999999,47295.895751953125,4700,1,0.3062499999999999,30459.278045654297,4700,1,0.3062499999999999,7275.8538818359375,4700,1,0.3062499999999999,7165.330062866211,4700,1,0.3062499999999999,6755.818115234375,4700,1,0.3062499999999999,6973.777008056641,4700,1,0.3062499999999999,17138.545181274414,3007,3007,3007,3007,3007,3007,3007,3007,3007,3007,3007,3007,4690,4691,3007,3007,3007,4690,3007,3007,3007,3007,3007,4690,95,10.526315689086914,0,0,22.22222328186035,14.285715103149414,16.666667938232422,21.052631378173828,21.052631378173828,16.666667938232422,0,0,23.809524536132813,0,0,0,0,23.809524536132813,22.22222328186035,94.73684692382813,0,0,0,0,66481098752,12884893696,1677811712,0
99,1780596723524,58188.219329833984,4700,1,0.30000000000000004,6938.531448364258,4700,1,0.30000000000000004,6801.828689575195,4700,1,0.30000000000000004,12318.90266418457,4700,1,0.30000000000000004,45926.95462036133,4700,1,0.30000000000000004,38068.50466918945,4700,1,0.30000000000000004,47296.311294555664,4700,1,0.30000000000000004,30459.884506225586,4700,1,0.30000000000000004,7275.857116699219,4700,1,0.30000000000000004,7165.33317565918,4700,1,0.30000000000000004,6755.821014404297,4700,1,0.30000000000000004,6973.780090332031,4700,1,0.30000000000000004,17144.37400817871,3007,3007,3007,3007,3007,3007,3007,3007,3007,3007,3007,3007,4690,4691,3007,3007,3007,4690,3007,3007,3007,3007,3007,4690,95,10.526315689086914,0,0,22.22222328186035,14.285715103149414,16.666667938232422,21.052631378173828,21.052631378173828,16.666667938232422,0,0,23.809524536132813,0,0,0,0,23.809524536132813,22.22222328186035,94.73684692382813,0,0,0,0,66481098752,12884893696,1676451840,0
99,1780596723624,58188.90872192383,4700,1,0.30000000000000004,6938.534530639648,4700,1,0.30000000000000004,6801.831771850586,4700,1,0.30000000000000004,12319.192916870117,4700,1,0.30000000000000004,45927.35417175293,4700,1,0.30000000000000004,38068.932693481445,4700,1,0.30000000000000004,47296.737716674805,4700,1,0.30000000000000004,30460.481994628906,4700,1,0.30000000000000004,7275.8602294921875,4700,1,0.30000000000000004,7165.33625793457,4700,1,0.30000000000000004,6755.824020385742,4700,1,0.30000000000000004,6973.783172607422,4700,1,0.30000000000000004,17150.06657409668,3007,3007,3007,3007,3007,3007,3007,3007,3007,3007,3007,3007,4690,4691,3007,3007,3007,4690,3007,3007,3007,3007,3007,4690,100,19.047618865966797,0,0,30.000001907348633,0,20,21.052631378173828,16.666667938232422,20,0,0,16.666667938232422,0,0,0,0,28.571430206298828,26.3157901763916,90,0,0,0,0,66481098752,12884893696,1675677696,0
99,1780596723724,58189.59213256836,4700,1,0.3062499999999999,6938.537582397461,4700,1,0.3062499999999999,6801.834823608398,4700,1,0.3062499999999999,12319.56430053711,4700,1,0.3062499999999999,45927.7737121582,4700,1,0.3062499999999999,38069.26837158203,4700,1,0.3062499999999999,47297.132720947266,4700,1,0.3062499999999999,30461.115036010742,4700,1,0.3062499999999999,7275.863433837891,4700,1,0.3062499999999999,7165.339401245117,4700,1,0.3062499999999999,6755.827545166016,4700,1,0.3062499999999999,6973.786224365234,4700,1,0.3062499999999999,17155.728302001953,3007,3007,3007,3007,3007,3007,3007,3007,3007,3007,3007,3007,4690,4691,3007,3007,3007,4690,3007,3007,3007,3007,3007,4690,100,19.047618865966797,0,0,30.000001907348633,0,20,21.052631378173828,16.666667938232422,20,0,0,16.666667938232422,0,0,0,0,28.571430206298828,26.3157901763916,90,0,0,0,0,66481098752,12884893696,1676029952,0
99,1780596723824,58190.279205322266,4700,1,0.3062499999999999,6938.541122436523,4700,1,0.3062499999999999,6801.837890625,4700,1,0.3062499999999999,12319.915969848633,4700,1,0.3062499999999999,45928.16046142578,4700,1,0.3062499999999999,38069.657638549805,4700,1,0.3062499999999999,47297.54782104492,4700,1,0.3062499999999999,30461.73616027832,4700,1,0.3062499999999999,7275.866668701172,4700,1,0.3062499999999999,7165.342544555664,4700,1,0.3062499999999999,6755.830535888672,4700,1,0.3062499999999999,6973.789321899414,4700,1,0.3062499999999999,17161.421295166016,3007,3007,3007,3007,3007,3007,3007,3007,3007,3007,3007,3007,4690,4691,3007,3007,3007,4690,3007,3007,3007,3007,3007,4690,100,16.666667938232422,0,0,26.3157901763916,15.000000953674316,16.666667938232422,11.111111640930176,11.111111640930176,26.3157901763916,0,0,27.272727966308594,0,0,0,0,15.789472579956055,20,95.23809814453125,0,0,0,0,66481098752,12884893696,1678168064,0
99,1780596723924,58190.963439941406,4700,1,0.3062499999999999,6938.544250488281,4700,1,0.3062499999999999,6801.841003417969,4700,1,0.3062499999999999,12320.289901733398,4700,1,0.3062499999999999,45928.58459472656,4700,1,0.3062499999999999,38070.04438781738,4700,1,0.3062499999999999,47297.957748413086,4700,1,0.3062499999999999,30462.30157470703,4700,1,0.3062499999999999,7275.8699951171875,4700,1,0.3062499999999999,7165.345626831055,4700,1,0.3062499999999999,6755.83349609375,4700,1,0.3062499999999999,6973.792404174805,4700,1,0.3062499999999999,17167.239456176758,3007,3007,3007,3007,3007,3007,3007,3007,3007,3007,3007,3007,4690,4691,3007,3007,3007,4690,3007,3007,3007,3007,3007,4690,100,16.666667938232422,0,0,26.3157901763916,15.000000953674316,16.666667938232422,11.111111640930176,11.111111640930176,26.3157901763916,0,0,27.272727966308594,0,0,0,0,15.789472579956055,20,95.23809814453125,0,0,0,0,66481098752,12884893696,1676296192,0
99,1780596724024,58191.63624572754,4700,1,0.3062499999999999,6938.547332763672,4700,1,0.3062499999999999,6801.844085693359,4700,1,0.3062499999999999,12320.628402709961,4700,1,0.3062499999999999,45928.95104980469,4700,1,0.3062499999999999,38070.45379638672,4700,1,0.3062499999999999,47298.369049072266,4700,1,0.3062499999999999,30462.93357849121,4700,1,0.3062499999999999,7275.8731689453125,4700,1,0.3062499999999999,7165.348770141602,4700,1,0.3062499999999999,6755.836502075195,4700,1,0.3062499999999999,6973.795486450195,4700,1,0.3062499999999999,17172.961837768555,3007,3007,3007,3007,3007,3007,3007,3007,3007,3007,3007,3007,4690,4691,3007,3007,3007,4690,3007,3007,3007,3007,3007,4690,100,11.111111640930176,0,0,26.3157901763916,5.555555820465088,20,11.111111640930176,16.666667938232422,21.052631378173828,0,0,11.764705657958984,0,0,0,0,25,6.25,94.73684692382813,0,0,0,0,66481098752,12884893696,1675620352,0
99,1780596724124,58192.2956237793,4700,1,0.3062499999999999,6938.5504150390625,4700,1,0.3062499999999999,6801.84716796875,4700,1,0.3062499999999999,12320.985626220703,4700,1,0.3062499999999999,45929.36535644531,4700,1,0.3062499999999999,38070.886306762695,4700,1,0.3062499999999999,47298.74401855469,4700,1,0.3062499999999999,30463.534698486328,4700,1,0.3062499999999999,7275.876571655273,4700,1,0.3062499999999999,7165.351837158203,4700,1,0.3062499999999999,6755.839416503906,4700,1,0.3062499999999999,6973.798568725586,4700,1,0.3062499999999999,17178.762924194336,3007,3007,3007,3007,3007,3007,3007,3007,3007,3007,3007,3007,4690,4691,3007,3007,3007,4690,3007,3007,3007,3007,3007,4690,100,11.111111640930176,0,0,26.3157901763916,5.555555820465088,20,11.111111640930176,16.666667938232422,21.052631378173828,0,0,11.764705657958984,0,0,0,0,25,6.25,94.73684692382813,0,0,0,0,66481098752,12884893696,1675923456,0
99,1780596724224,58192.888732910156,4700,1,0.3062499999999999,6938.553497314453,4700,1,0.3062499999999999,6801.850250244141,4700,1,0.3062499999999999,12321.39128112793,4700,1,0.3062499999999999,45929.66973876953,4700,1,0.3062499999999999,38071.33712768555,4700,1,0.3062499999999999,47299.1496887207,4700,1,0.3062499999999999,30464.213668823242,4700,1,0.3062499999999999,7275.880142211914,4700,1,0.3062499999999999,7165.355072021484,4700,1,0.3062499999999999,6755.842330932617,4700,1,0.3062499999999999,6973.801651000977,4700,1,0.3062499999999999,17184.560989379883,3007,3007,3007,3007,3007,3007,3007,3007,3007,3007,3007,3007,4690,4691,3007,3007,3007,4690,3007,3007,3007,3007,3007,4690,100,10.526315689086914,0,0,15.000000953674316,22.22222328186035,29.16666603088379,28.571430206298828,27.272727966308594,40,0,0,19.047618865966797,0,0,0,0,26.3157901763916,25,94.73684692382813,0,0,0,0,66481098752,12884893696,1677950976,0
99,1780596724324,58193.57339477539,4700,1,0.3062499999999999,6938.556579589844,4700,1,0.3062499999999999,6801.853332519531,4700,1,0.3062499999999999,12321.75439453125,4700,1,0.3062499999999999,45930.048904418945,4700,1,0.3062499999999999,38071.76435852051,4700,1,0.3062499999999999,47299.52404785156,4700,1,0.3062499999999999,30464.823516845703,4700,1,0.3062499999999999,7275.883224487305,4700,1,0.3062499999999999,7165.358169555664,4700,1,0.3062499999999999,6755.845138549805,4700,1,0.3062499999999999,6973.804702758789,4700,1,0.3062499999999999,17190.36668395996,3007,3007,3007,3007,3007,3007,3007,3007,3007,3007,3007,3007,4690,4691,3007,3007,3007,4690,3007,3007,3007,3007,3007,4690,100,10.526315689086914,0,0,15.000000953674316,22.22222328186035,29.16666603088379,28.571430206298828,27.272727966308594,40,0,0,19.047618865966797,0,0,0,0,26.3157901763916,25,94.73684692382813,0,0,0,0,66481098752,12884893696,1675247616,0
99,1780596724424,58194.177169799805,4700,1,0.3062499999999999,6938.559631347656,4700,1,0.3062499999999999,6801.856430053711,4700,1,0.3062499999999999,12322.1640625,4700,1,0.3062499999999999,45930.42263793945,4700,1,0.3062499999999999,38072.166763305664,4700,1,0.3062499999999999,47299.91792297363,4700,1,0.3062499999999999,30465.501861572266,4700,1,0.3062499999999999,7275.886749267578,4700,1,0.3062499999999999,7165.361251831055,4700,1,0.3062499999999999,6755.848129272461,4700,1,0.3062499999999999,6973.80778503418,4700,1,0.3062499999999999,17196.150787353516,3007,3007,3007,3007,3007,3007,3007,3007,3007,3007,3007,3007,4690,4691,3007,3007,3007,4690,3007,3007,3007,3007,3007,4690,100,15.789472579956055,0,0,20,20,11.764705657958984,21.052631378173828,5.882352828979492,25,0,0,5.555555820465088,0,0,0,0,26.3157901763916,21.052631378173828,95.23809814453125,0,0,0,0,66481098752,12884893696,1681498112,0
99,1780596724524,58194.85186767578,4700,1,0.3062499999999999,6938.562713623047,4700,1,0.3062499999999999,6801.859512329102,4700,1,0.3062499999999999,12322.55012512207,4700,1,0.3062499999999999,45930.795471191406,4700,1,0.3062499999999999,38072.53982543945,4700,1,0.3062499999999999,47300.343978881836,4700,1,0.3062499999999999,30466.112823486328,4700,1,0.3062499999999999,7275.889984130859,4700,1,0.3062499999999999,7165.364395141602,4700,1,0.3062499999999999,6755.851181030273,4700,1,0.3062499999999999,6973.81086730957,4700,1,0.3062499999999999,17201.755126953125,3007,3007,3007,3007,3007,3007,3007,3007,3007,3007,3007,3007,4690,4691,3007,3007,3007,4690,3007,3007,3007,3007,3007,4690,100,15.789472579956055,0,0,20,20,11.764705657958984,21.052631378173828,5.882352828979492,25,0,0,5.555555820465088,0,0,0,0,26.3157901763916,21.052631378173828,95.23809814453125,0,0,0,0,66481098752,12884893696,1679261696,0
99,1780596724624,58195.55078125,4700,1,0.30000000000000004,6938.5657958984375,4700,1,0.30000000000000004,6801.862594604492,4700,1,0.30000000000000004,12322.884887695313,4700,1,0.30000000000000004,45931.228576660156,4700,1,0.30000000000000004,38072.92430114746,4700,1,0.30000000000000004,47300.70007324219,4700,1,0.30000000000000004,30466.726455688477,4700,1,0.30000000000000004,7275.893127441406,4700,1,0.30000000000000004,7165.367538452148,4700,1,0.30000000000000004,6755.854187011719,4700,1,0.30000000000000004,6973.813949584961,4700,1,0.30000000000000004,17207.44320678711,3007,3007,3007,3007,3007,3007,3007,3007,3007,3007,3007,3007,4690,4691,3007,3007,3007,4690,3007,3007,3007,3007,3007,4690,100,15.789472579956055,0,0,35,5.882352828979492,26.3157901763916,15.000000953674316,23.809524536132813,21.052631378173828,0,0,20,0,0,0,0,11.111111640930176,15.789472579956055,95,0,0,0,0,66481098752,12884893696,1677070336,0
99,1780596724724,58196.218200683594,4700,1,0.3062499999999999,6938.568878173828,4700,1,0.3062499999999999,6801.865676879883,4700,1,0.3062499999999999,12323.270156860352,4700,1,0.3062499999999999,45931.63514709473,4700,1,0.3062499999999999,38073.29879760742,4700,1,0.3062499999999999,47301.091857910156,4700,1,0.3062499999999999,30467.35385131836,4700,1,0.3062499999999999,7275.896377563477,4700,1,0.3062499999999999,7165.370681762695,4700,1,0.3062499999999999,6755.857528686523,4700,1,0.3062499999999999,6973.817031860352,4700,1,0.3062499999999999,17213.2628326416,3007,3007,3007,3007,3007,3007,3007,3007,3007,3007,3007,3007,4690,4691,3007,3007,3007,4690,3007,3007,3007,3007,3007,4690,100,15.789472579956055,0,0,35,5.882352828979492,26.3157901763916,15.000000953674316,23.809524536132813,21.052631378173828,0,0,20,0,0,0,0,11.111111640930176,15.789472579956055,95,0,0,0,0,66481098752,12884893696,1674809344,0
99,1780596724824,58196.91247558594,4700,1,0.30000000000000004,6938.572021484375,4700,1,0.3062499999999999,6801.868759155273,4700,1,0.3062499999999999,12323.615997314453,4700,1,0.30000000000000004,45932.02867126465,4700,1,0.30000000000000004,38073.6764831543,4700,1,0.30000000000000004,47301.48046875,4700,1,0.30000000000000004,30467.973922729492,4700,1,0.30000000000000004,7275.899459838867,4700,1,0.30000000000000004,7165.373764038086,4700,1,0.30000000000000004,6755.864471435547,4700,1,0.3062499999999999,6973.820114135742,4700,1,0.3062499999999999,17218.995819091797,3007,3007,3007,3007,3007,3007,3007,3007,3007,3007,3007,3007,4690,4691,3007,3007,3007,4690,3007,3007,3007,3007,3007,4690,100,10.526315689086914,0,0,36.3636360168457,20,28.571430206298828,25,28.571430206298828,26.3157901763916,0,0,23.809524536132813,0,0,0,0,15.789472579956055,11.111111640930176,95,0,0,0,0,66481098752,12884893696,1680429056,0
99,1780596724924,58197.59684753418,4700,1,0.3062499999999999,6938.575103759766,4700,1,0.3062499999999999,6801.871841430664,4700,1,0.3062499999999999,12323.98648071289,4700,1,0.3062499999999999,45932.39555358887,4700,1,0.3062499999999999,38074.04718017578,4700,1,0.3062499999999999,47301.85322570801,4700,1,0.3062499999999999,30468.602737426758,4700,1,0.3062499999999999,7275.902572631836,4700,1,0.3062499999999999,7165.3768310546875,4700,1,0.3062499999999999,6755.867370605469,4700,1,0.3062499999999999,6973.823196411133,4700,1,0.3062499999999999,17224.735610961914,3007,3007,3007,3007,3007,3007,3007,3007,3007,3007,3007,3007,4690,4691,3007,3007,3007,4690,3007,3007,3007,3007,3007,4690,100,10.526315689086914,0,0,36.3636360168457,20,28.571430206298828,25,28.571430206298828,26.3157901763916,0,0,23.809524536132813,0,0,0,0,15.789472579956055,11.111111640930176,95,0,0,0,0,66481098752,12884893696,1679695872,0
99,1780596725025,58198.28399658203,4700,1,0.30000000000000004,6938.578186035156,4700,1,0.30000000000000004,6801.874923706055,4700,1,0.30000000000000004,12324.356872558594,4700,1,0.30000000000000004,45932.79266357422,4700,1,0.30000000000000004,38074.425552368164,4700,1,0.30000000000000004,47302.243881225586,4700,1,0.30000000000000004,30469.21450805664,4700,1,0.30000000000000004,7275.905792236328,4700,1,0.30000000000000004,7165.379989624023,4700,1,0.30000000000000004,6755.870300292969,4700,1,0.30000000000000004,6973.826278686523,4700,1,0.30000000000000004,17230.46664428711,3007,3007,3007,3007,3007,3007,3007,3007,3007,3007,3007,3007,4690,4691,3007,3007,3007,4690,3007,3007,3007,3007,3007,4690,100,23.809524536132813,0,0,31.57894515991211,20,20,11.111111640930176,5.882352828979492,22.22222328186035,0,0,15.789472579956055,0,0,0,0,15.789472579956055,15.789472579956055,94.73684692382813,0,0,0,0,66481098752,12884893696,1676460032,0
99,1780596725125,58198.97300720215,4700,1,0.3062499999999999,6938.581237792969,4700,1,0.3062499999999999,6801.877975463867,4700,1,0.3062499999999999,12324.723648071289,4700,1,0.3062499999999999,45933.1641998291,4700,1,0.3062499999999999,38074.81498718262,4700,1,0.3062499999999999,47302.62710571289,4700,1,0.3062499999999999,30469.845916748047,4700,1,0.3062499999999999,7275.908996582031,4700,1,0.3062499999999999,7165.383071899414,4700,1,0.3062499999999999,6755.873153686523,4700,1,0.3062499999999999,6973.829330444336,4700,1,0.3062499999999999,17236.159240722656,3007,3007,3007,3007,3007,3007,3007,3007,3007,3007,3007,3007,4690,4691,3007,3007,3007,4690,3007,3007,3007,3007,3007,4690,100,23.809524536132813,0,0,31.57894515991211,20,20,11.111111640930176,5.882352828979492,22.22222328186035,0,0,15.789472579956055,0,0,0,0,15.789472579956055,15.789472579956055,94.73684692382813,0,0,0,0,66481098752,12884893696,1676091392,0
99,1780596725225,58199.66093444824,4700,1,0.3062499999999999,6938.584320068359,4700,1,0.3062499999999999,6801.881057739258,4700,1,0.3062499999999999,12325.082336425781,4700,1,0.3062499999999999,45933.54177856445,4700,1,0.3062499999999999,38075.1941986084,4700,1,0.3062499999999999,47303.043060302734,4700,1,0.3062499999999999,30470.456939697266,4700,1,0.3062499999999999,7275.912322998047,4700,1,0.3062499999999999,7165.393005371094,4700,1,0.3062499999999999,6755.876220703125,4700,1,0.3062499999999999,6973.832412719727,4700,1,0.3062499999999999,17241.944580078125,3007,3007,3007,3007,3007,3007,3007,3007,3007,3007,3007,3007,4690,4691,3007,3007,3007,4690,3007,3007,3007,3007,3007,4690,100,16.666667938232422,0,0,35,10.526315689086914,15.789472579956055,15.789472579956055,20,40.90909194946289,0,0,22.72727394104004,0,0,0,0,21.052631378173828,21.052631378173828,90.47618865966797,0,0,0,0,66481098752,12884893696,1680650240,0
99,1780596725325,58200.34617614746,4700,1,0.3062499999999999,6938.58740234375,4700,1,0.3062499999999999,6801.884140014648,4700,1,0.3062499999999999,12325.475006103516,4700,1,0.3062499999999999,45933.95797729492,4700,1,0.3062499999999999,38075.559173583984,4700,1,0.3062499999999999,47303.42729187012,4700,1,0.3062499999999999,30471.06298828125,4700,1,0.3062499999999999,7275.915496826172,4700,1,0.3062499999999999,7165.40234375,4700,1,0.3062499999999999,6755.8792724609375,4700,1,0.3062499999999999,6973.835494995117,4700,1,0.3062499999999999,17247.628799438477,3007,3007,3007,3007,3007,3007,3007,3007,3007,3007,3007,3007,4690,4691,3007,3007,3007,4690,3007,3007,3007,3007,3007,4690,100,16.666667938232422,0,0,35,10.526315689086914,15.789472579956055,15.789472579956055,20,40.90909194946289,0,0,22.72727394104004,0,0,0,0,21.052631378173828,21.052631378173828,90.47618865966797,0,0,0,0,66481098752,12884893696,1679728640,0
99,1780596725425,58201.03874206543,4700,1,0.3062499999999999,6938.590484619141,4700,1,0.3062499999999999,6801.887222290039,4700,1,0.3062499999999999,12325.788589477539,4700,1,0.3062499999999999,45934.37420654297,4700,1,0.3062499999999999,38075.97937011719,4700,1,0.3062499999999999,47303.81964111328,4700,1,0.3062499999999999,30471.65544128418,4700,1,0.3062499999999999,7275.918609619141,4700,1,0.3062499999999999,7165.417892456055,4700,1,0.3062499999999999,6755.882247924805,4700,1,0.3062499999999999,6973.838577270508,4700,1,0.3062499999999999,17253.39242553711,3007,3007,3007,3007,3007,3007,3007,3007,3007,3007,3007,3007,4690,4691,3007,3007,3007,4690,3007,3007,3007,3007,3007,4690,100,19.047618865966797,0,0,33.333335876464844,20,30.000001907348633,19.047618865966797,21.052631378173828,16.666667938232422,0,0,11.111111640930176,0,0,0,0,11.764705657958984,23.809524536132813,95,0,0,0,0,66481098752,12884893696,1677266944,0
99,1780596725525,58201.71940612793,4700,1,0.3062499999999999,6938.593566894531,4700,1,0.3062499999999999,6801.89030456543,4700,1,0.3062499999999999,12326.155517578125,4700,1,0.3062499999999999,45934.77749633789,4700,1,0.3062499999999999,38076.38119506836,4700,1,0.3062499999999999,47304.2001953125,4700,1,0.3062499999999999,30472.24887084961,4700,1,0.3062499999999999,7275.921783447266,4700,1,0.3062499999999999,7165.433029174805,4700,1,0.3062499999999999,6755.885299682617,4700,1,0.3062499999999999,6973.841659545898,4700,1,0.3062499999999999,17259.238403320313,3007,3007,3007,3007,3007,3007,3007,3007,3007,3007,3007,3007,4690,4691,3007,3007,3007,4690,3007,3007,3007,3007,3007,4690,100,19.047618865966797,0,0,33.333335876464844,20,30.000001907348633,19.047618865966797,21.052631378173828,16.666667938232422,0,0,11.111111640930176,0,0,0,0,11.764705657958984,23.809524536132813,95,0,0,0,0,66481098752,12884893696,1675063296,0
99,1780596725625,58202.406005859375,4700,1,0.30000000000000004,6938.596649169922,4700,1,0.30000000000000004,6801.89338684082,4700,1,0.30000000000000004,12326.508880615234,4700,1,0.30000000000000004,45935.18557739258,4700,1,0.30000000000000004,38076.75076293945,4700,1,0.30000000000000004,47304.58213806152,4700,1,0.30000000000000004,30472.85270690918,4700,1,0.30000000000000004,7275.925155639648,4700,1,0.30000000000000004,7165.446502685547,4700,1,0.30000000000000004,6755.88835144043,4700,1,0.30000000000000004,6973.844741821289,4700,1,0.30000000000000004,17265.021850585938,3007,3007,3007,3007,3007,3007,3007,3007,3007,3007,3007,3007,4690,4691,3007,3007,3007,4690,3007,3007,3007,3007,3007,4690,100,11.111111640930176,0,0,35,10.526315689086914,21.052631378173828,11.764705657958984,15.789472579956055,15.000000953674316,0,0,25,0,0,0,0,23.809524536132813,20,90,0,0,0,0,66481098752,12884893696,1681604608,0
99,1780596725725,58203.09016418457,4700,1,0.3062499999999999,6938.5997314453125,4700,1,0.3062499999999999,6801.896469116211,4700,1,0.3062499999999999,12326.848251342773,4700,1,0.3062499999999999,45935.57861328125,4700,1,0.3062499999999999,38077.18132019043,4700,1,0.3062499999999999,47304.96975708008,4700,1,0.3062499999999999,30473.432327270508,4700,1,0.3062499999999999,7275.9283447265625,4700,1,0.3062499999999999,7165.458435058594,4700,1,0.3062499999999999,6755.89518737793,4700,1,0.3062499999999999,6973.847793579102,4700,1,0.3062499999999999,17270.853408813477,3007,3007,3007,3007,3007,3007,3007,3007,3007,3007,3007,3007,4690,4691,3007,3007,3007,4690,3007,3007,3007,3007,3007,4690,100,11.111111640930176,0,0,35,10.526315689086914,21.052631378173828,11.764705657958984,15.789472579956055,15.000000953674316,0,0,25,0,0,0,0,23.809524536132813,20,90,0,0,0,0,66481098752,12884893696,1679601664,0
99,1780596725825,58203.7723236084,4700,1,0.3062499999999999,6938.602783203125,4700,1,0.3062499999999999,6801.899520874023,4700,1,0.3062499999999999,12327.168701171875,4700,1,0.3062499999999999,45936.01678466797,4700,1,0.3062499999999999,38077.59909057617,4700,1,0.3062499999999999,47305.36103820801,4700,1,0.3062499999999999,30474.004806518555,4700,1,0.3062499999999999,7275.931427001953,4700,1,0.3062499999999999,7165.470413208008,4700,1,0.3062499999999999,6755.898254394531,4700,1,0.3062499999999999,6973.850875854492,4700,1,0.3062499999999999,17276.597579956055,3007,3007,3007,3007,3007,3007,3007,3007,3007,3007,3007,3007,4690,4691,3007,3007,3007,4690,3007,3007,3007,3007,3007,4690,100,19.047618865966797,0,0,22.22222328186035,15.789472579956055,25,25,17.647058486938477,20,0,0,25,0,0,0,0,21.052631378173828,5.555555820465088,95.23809814453125,0,4.761904716491699,0,0,66481098752,12884893696,1677070336,0
99,1780596725925,58204.426010131836,4700,1,0.3062499999999999,6938.605865478516,4700,1,0.3062499999999999,6801.902603149414,4700,1,0.3062499999999999,12327.440139770508,4700,1,0.3062499999999999,45936.4393157959,4700,1,0.3062499999999999,38078.040618896484,4700,1,0.3062499999999999,47305.79037475586,4700,1,0.3062499999999999,30474.684204101563,4700,1,0.3062499999999999,7275.9346923828125,4700,1,0.3062499999999999,7165.481750488281,4700,1,0.3062499999999999,6755.901336669922,4700,1,0.3062499999999999,6973.853958129883,4700,1,0.3062499999999999,17282.458297729492,3007,3007,3007,3007,3007,3007,3007,3007,3007,3007,3007,3007,4690,4691,3007,3007,3007,4690,3007,3007,3007,3007,3007,4690,100,19.047618865966797,0,0,22.22222328186035,15.789472579956055,25,25,17.647058486938477,20,0,0,25,0,0,0,0,21.052631378173828,5.555555820465088,95.23809814453125,0,4.761904716491699,0,0,66481098752,12884893696,1674182656,0
99,1780596726025,58205.11405944824,4700,1,0.3062499999999999,6938.608947753906,4700,1,0.3062499999999999,6801.905685424805,4700,1,0.3062499999999999,12327.816390991211,4700,1,0.3062499999999999,45936.87168884277,4700,1,0.3062499999999999,38078.426040649414,4700,1,0.3062499999999999,47306.13917541504,4700,1,0.3062499999999999,30475.282287597656,4700,1,0.3062499999999999,7275.937927246094,4700,1,0.3062499999999999,7165.491851806641,4700,1,0.3062499999999999,6755.904479980469,4700,1,0.3062499999999999,6973.857040405273,4700,1,0.3062499999999999,17288.21923828125,3007,3007,3007,3007,3007,3007,3007,3007,3007,3007,3007,3007,4690,4691,3007,3007,3007,4690,3007,3007,3007,3007,3007,4690,100,15.000000953674316,0,0,20,10.526315689086914,26.3157901763916,11.764705657958984,10.526315689086914,27.77777862548828,0,0,22.22222328186035,0,0,0,0,22.22222328186035,21.052631378173828,94.73684692382813,0,4.761904716491699,0,0,66481098752,12884893696,1680769024,0
99,1780596726125,58205.81100463867,4700,1,0.30000000000000004,6938.612030029297,4700,1,0.3062499999999999,6801.908767700195,4700,1,0.3062499999999999,12328.164901733398,4700,1,0.3062499999999999,45937.257720947266,4700,1,0.3062499999999999,38078.79067993164,4700,1,0.3062499999999999,47306.57588195801,4700,1,0.3062499999999999,30475.872009277344,4700,1,0.3062499999999999,7275.941009521484,4700,1,0.3062499999999999,7165.509017944336,4700,1,0.3062499999999999,6755.907531738281,4700,1,0.3062499999999999,6973.860122680664,4700,1,0.3062499999999999,17294.02960205078,3007,3007,3007,3007,3007,3007,3007,3007,3007,3007,3007,3007,4690,4691,3007,3007,3007,4690,3007,3007,3007,3007,3007,4690,100,15.000000953674316,0,0,20,10.526315689086914,26.3157901763916,11.764705657958984,10.526315689086914,27.77777862548828,0,0,22.22222328186035,0,0,0,0,22.22222328186035,21.052631378173828,94.73684692382813,0,4.761904716491699,0,0,66481098752,12884893696,1679290368,0
99,1780596726225,58206.50100708008,4700,1,0.3062499999999999,6938.6151123046875,4700,1,0.3062499999999999,6801.911849975586,4700,1,0.3062499999999999,12328.557876586914,4700,1,0.3062499999999999,45937.66311645508,4700,1,0.3062499999999999,38079.15864562988,4700,1,0.3062499999999999,47306.951889038086,4700,1,0.3062499999999999,30476.468002319336,4700,1,0.3062499999999999,7275.9442138671875,4700,1,0.3062499999999999,7165.51725769043,4700,1,0.3062499999999999,6755.910659790039,4700,1,0.3062499999999999,6973.863204956055,4700,1,0.3062499999999999,17299.811569213867,3007,3007,3007,3007,3007,3007,3007,3007,3007,3007,3007,3007,4690,4691,3007,3007,3007,4690,3007,3007,3007,3007,3007,4690,100,20,0,0,27.77777862548828,15.000000953674316,16.666667938232422,20,23.809524536132813,15.789472579956055,0,0,20,0,0,0,0,15.000000953674316,21.052631378173828,95,0,4.761904716491699,0,0,66481098752,12884893696,1676791808,0
99,1780596726325,58207.170669555664,4700,1,0.3062499999999999,6938.618194580078,4700,1,0.3062499999999999,6801.914932250977,4700,1,0.3062499999999999,12328.904113769531,4700,1,0.3062499999999999,45938.09387207031,4700,1,0.3062499999999999,38079.54476928711,4700,1,0.3062499999999999,47307.40660095215,4700,1,0.3062499999999999,30477.01203918457,4700,1,0.3062499999999999,7275.947479248047,4700,1,0.3062499999999999,7165.529449462891,4700,1,0.3062499999999999,6755.913650512695,4700,1,0.3062499999999999,6973.866287231445,4700,1,0.3062499999999999,17305.62171936035,3007,3007,3007,3007,3007,3007,3007,3007,3007,3007,3007,3007,4690,4691,3007,3007,3007,4690,3007,3007,3007,3007,3007,4690,100,20,0,0,27.77777862548828,15.000000953674316,16.666667938232422,20,23.809524536132813,15.789472579956055,0,0,20,0,0,0,0,15.000000953674316,21.052631378173828,95,0,4.761904716491699,0,0,66481098752,12884893696,1674518528,0
99,1780596726425,58207.856033325195,4700,1,0.30000000000000004,6938.621276855469,4700,1,0.30000000000000004,6801.918014526367,4700,1,0.30000000000000004,12329.197372436523,4700,1,0.30000000000000004,45938.52104187012,4700,1,0.30000000000000004,38079.95568847656,4700,1,0.30000000000000004,47307.815490722656,4700,1,0.30000000000000004,30477.600555419922,4700,1,0.30000000000000004,7275.9505615234375,4700,1,0.30000000000000004,7165.541458129883,4700,1,0.30000000000000004,6755.916687011719,4700,1,0.30000000000000004,6973.869369506836,4700,1,0.30000000000000004,17311.366317749023,3007,3007,3007,3007,3007,3007,3007,3007,3007,3007,3007,3007,4690,4691,3007,3007,3007,4690,3007,3007,3007,3007,3007,4690,100,15.000000953674316,0,0,22.22222328186035,10,25,19.047618865966797,17.647058486938477,11.111111640930176,0,0,26.3157901763916,0,0,0,0,26.3157901763916,21.052631378173828,89.47368621826172,0,0,0,0,66481098752,12884893696,1680441344,0
99,1780596726525,58208.48260498047,4700,1,0.3062499999999999,6938.6243896484375,4700,1,0.3062499999999999,6801.921112060547,4700,1,0.3062499999999999,12329.597885131836,4700,1,0.3062499999999999,45938.914810180664,4700,1,0.3062499999999999,38080.33143615723,4700,1,0.3062499999999999,47308.17727661133,4700,1,0.3062499999999999,30478.26220703125,4700,1,0.3062499999999999,7275.954238891602,4700,1,0.3062499999999999,7165.544631958008,4700,1,0.3062499999999999,6755.919769287109,4700,1,0.3062499999999999,6973.872482299805,4700,1,0.3062499999999999,17317.11668395996,3007,3007,3007,3007,3007,3007,3007,3007,3007,3007,3007,3007,4690,4691,3007,3007,3007,4690,3007,3007,3007,3007,3007,4690,100,15.000000953674316,0,0,22.22222328186035,10,25,19.047618865966797,17.647058486938477,11.111111640930176,0,0,26.3157901763916,0,0,0,0,26.3157901763916,21.052631378173828,89.47368621826172,0,0,0,0,66481098752,12884893696,1679929344,0
99,1780596726625,58209.05989074707,4700,1,0.3062499999999999,6938.627532958984,4700,1,0.3062499999999999,6801.924255371094,4700,1,0.3062499999999999,12329.952270507813,4700,1,0.3062499999999999,45939.33561706543,4700,1,0.3062499999999999,38080.701232910156,4700,1,0.3062499999999999,47308.622497558594,4700,1,0.3062499999999999,30478.95701599121,4700,1,0.3062499999999999,7275.957809448242,4700,1,0.3062499999999999,7165.547805786133,4700,1,0.3062499999999999,6755.922897338867,4700,1,0.3062499999999999,6973.8756103515625,4700,1,0.3062499999999999,17322.94613647461,3007,3007,3007,3007,3007,3007,3007,3007,3007,3007,3007,3007,4690,4691,3007,3007,3007,4690,3007,3007,3007,3007,3007,4690,95.23809814453125,21.052631378173828,0,0,10,11.111111640930176,16.666667938232422,21.052631378173828,20,47.36842346191406,0,0,28.571430206298828,0,0,0,0,10.526315689086914,26.3157901763916,100,0,4.761904716491699,0,0,66481098752,12884893696,1677119488,0
99,1780596726725,58209.702545166016,4700,1,0.30000000000000004,6938.630615234375,4700,1,0.30000000000000004,6801.927322387695,4700,1,0.30000000000000004,12330.293182373047,4700,1,0.30000000000000004,45939.775146484375,4700,1,0.30000000000000004,38081.10092163086,4700,1,0.30000000000000004,47309.00407409668,4700,1,0.30000000000000004,30479.606735229492,4700,1,0.30000000000000004,7275.961013793945,4700,1,0.30000000000000004,7165.55094909668,4700,1,0.30000000000000004,6755.926315307617,4700,1,0.30000000000000004,6973.878692626953,4700,1,0.30000000000000004,17328.79554748535,3007,3007,3007,3007,3007,3007,3007,3007,3007,3007,3007,3007,4690,4691,3007,3007,3007,4690,3007,3007,3007,3007,3007,4690,95.23809814453125,21.052631378173828,0,0,10,11.111111640930176,16.666667938232422,21.052631378173828,20,47.36842346191406,0,0,28.571430206298828,0,0,0,0,10.526315689086914,26.3157901763916,100,0,4.761904716491699,0,0,66481098752,12884893696,1674031104,0
99,1780596726826,58210.36933898926,4700,1,0.3062499999999999,6938.633697509766,4700,1,0.3062499999999999,6801.930404663086,4700,1,0.3062499999999999,12330.614120483398,4700,1,0.3062499999999999,45940.18745422363,4700,1,0.3062499999999999,38081.48979187012,4700,1,0.3062499999999999,47309.43898010254,4700,1,0.3062499999999999,30480.23664855957,4700,1,0.3062499999999999,7275.964096069336,4700,1,0.3062499999999999,7165.55403137207,4700,1,0.3062499999999999,6755.931549072266,4700,1,0.3062499999999999,6973.881774902344,4700,1,0.3062499999999999,17334.572036743164,3007,3007,3007,3007,3007,3007,3007,3007,3007,3007,3007,3007,4690,4691,3007,3007,3007,4690,3007,3007,3007,3007,3007,4690,100,22.72727394104004,0,0,16.666667938232422,14.285715103149414,21.052631378173828,25,21.052631378173828,27.77777862548828,0,0,25,0,0,0,0,15.789472579956055,6.25,95.23809814453125,0,0,0,0,66481098752,12884893696,1678643200,0
99,1780596726926,58211.010330200195,4700,1,0.3062499999999999,6938.636779785156,4700,1,0.3062499999999999,6801.933486938477,4700,1,0.3062499999999999,12330.961547851563,4700,1,0.3062499999999999,45940.61868286133,4700,1,0.3062499999999999,38081.8757019043,4700,1,0.3062499999999999,47309.854232788086,4700,1,0.3062499999999999,30480.88200378418,4700,1,0.3062499999999999,7275.967361450195,4700,1,0.3062499999999999,7165.557113647461,4700,1,0.3062499999999999,6755.9345703125,4700,1,0.3062499999999999,6973.884857177734,4700,1,0.3062499999999999,17340.3829498291,3007,3007,3007,3007,3007,3007,3007,3007,3007,3007,3007,3007,4690,4691,3007,3007,3007,4690,3007,3007,3007,3007,3007,4690,100,22.72727394104004,0,0,16.666667938232422,14.285715103149414,21.052631378173828,25,21.052631378173828,27.77777862548828,0,0,25,0,0,0,0,15.789472579956055,6.25,95.23809814453125,0,0,0,0,66481098752,12884893696,1678114816,0
99,1780596727026,58211.67468261719,4700,1,0.30000000000000004,6938.639862060547,4700,1,0.3062499999999999,6801.936569213867,4700,1,0.3062499999999999,12331.358276367188,4700,1,0.30000000000000004,45941.00929260254,4700,1,0.30000000000000004,38082.296325683594,4700,1,0.30000000000000004,47310.22883605957,4700,1,0.30000000000000004,30481.50033569336,4700,1,0.3062499999999999,7275.970504760742,4700,1,0.3062499999999999,7165.560256958008,4700,1,0.3062499999999999,6755.937683105469,4700,1,0.3062499999999999,6973.887939453125,4700,1,0.3062499999999999,17346.229415893555,3007,3007,3007,3007,3007,3007,3007,3007,3007,3007,3007,3007,4690,4691,3007,3007,3007,4690,3007,3007,3007,3007,3007,4690,100,5.882352828979492,0,0,15.789472579956055,20,11.764705657958984,16.666667938232422,16.666667938232422,31.57894515991211,0,0,25,0,0,0,0,15.789472579956055,20,94.73684692382813,0,0,0,0,66481098752,12884893696,1674637312,0
99,1780596727126,58212.35609436035,4700,1,0.30000000000000004,6938.6429443359375,4700,1,0.30000000000000004,6801.939651489258,4700,1,0.30000000000000004,12331.736694335938,4700,1,0.30000000000000004,45941.38215637207,4700,1,0.30000000000000004,38082.66670227051,4700,1,0.30000000000000004,47310.614486694336,4700,1,0.30000000000000004,30482.110809326172,4700,1,0.30000000000000004,7275.973739624023,4700,1,0.30000000000000004,7165.563339233398,4700,1,0.30000000000000004,6755.940811157227,4700,1,0.30000000000000004,6973.891021728516,4700,1,0.30000000000000004,17351.913146972656,3007,3007,3007,3007,3007,3007,3007,3007,3007,3007,3007,3007,4690,4691,3007,3007,3007,4690,3007,3007,3007,3007,3007,4690,100,5.882352828979492,0,0,15.789472579956055,20,11.764705657958984,16.666667938232422,16.666667938232422,31.57894515991211,0,0,25,0,0,0,0,15.789472579956055,20,94.73684692382813,0,0,0,0,66481098752,12884893696,1673056256,0
99,1780596727226,58213.01579284668,4700,1,0.3062499999999999,6938.646026611328,4700,1,0.3062499999999999,6801.942733764648,4700,1,0.3062499999999999,12332.15316772461,4700,1,0.3062499999999999,45941.7891998291,4700,1,0.3062499999999999,38083.03091430664,4700,1,0.3062499999999999,47310.976974487305,4700,1,0.3062499999999999,30482.723251342773,4700,1,0.3062499999999999,7275.976821899414,4700,1,0.3062499999999999,7165.566482543945,4700,1,0.3062499999999999,6755.94384765625,4700,1,0.3062499999999999,6973.894104003906,4700,1,0.3062499999999999,17357.734497070313,3007,3007,3007,3007,3007,3007,3007,3007,3007,3007,3007,3007,4690,4691,3007,3007,3007,4690,3007,3007,3007,3007,3007,4690,100,21.052631378173828,0,0,26.3157901763916,11.764705657958984,31.81818199157715,11.111111640930176,21.052631378173828,21.052631378173828,0,0,19.047618865966797,0,0,0,0,5.555555820465088,11.111111640930176,95,0,0,0,0,66481098752,12884893696,1679593472,0
99,1780596727326,58213.60752868652,4700,1,0.3062499999999999,6938.649078369141,4700,1,0.3062499999999999,6801.945816040039,4700,1,0.3062499999999999,12332.549911499023,4700,1,0.3062499999999999,45942.17138671875,4700,1,0.3062499999999999,38083.48164367676,4700,1,0.3062499999999999,47311.34944152832,4700,1,0.3062499999999999,30483.403717041016,4700,1,0.3062499999999999,7275.979995727539,4700,1,0.3062499999999999,7165.569519042969,4700,1,0.3062499999999999,6755.946838378906,4700,1,0.3062499999999999,6973.897155761719,4700,1,0.3062499999999999,17363.55694580078,3007,3007,3007,3007,3007,3007,3007,3007,3007,3007,3007,3007,4690,4691,3007,3007,3007,4690,3007,3007,3007,3007,3007,4690,100,21.052631378173828,0,0,26.3157901763916,11.764705657958984,31.81818199157715,11.111111640930176,21.052631378173828,21.052631378173828,0,0,19.047618865966797,0,0,0,0,5.555555820465088,11.111111640930176,95,0,0,0,0,66481098752,12884893696,1675829248,0
99,1780596727426,58214.29507446289,4700,1,0.30000000000000004,6938.652160644531,4700,1,0.30000000000000004,6801.948867797852,4700,1,0.30000000000000004,12332.885025024414,4700,1,0.30000000000000004,45942.58987426758,4700,1,0.30000000000000004,38083.91540527344,4700,1,0.30000000000000004,47311.72055053711,4700,1,0.30000000000000004,30483.99494934082,4700,1,0.30000000000000004,7275.983200073242,4700,1,0.30000000000000004,7165.572601318359,4700,1,0.30000000000000004,6755.949859619141,4700,1,0.30000000000000004,6973.900238037109,4700,1,0.30000000000000004,17369.28562927246,3007,3007,3007,3007,3007,3007,3007,3007,3007,3007,3007,3007,4690,4691,3007,3007,3007,4690,3007,3007,3007,3007,3007,4690,100,11.111111640930176,0,0,20,21.052631378173828,21.052631378173828,26.3157901763916,15.000000953674316,38.095237731933594,0,0,5.555555820465088,0,0,0,0,28.571430206298828,21.052631378173828,95,0,0,0,0,66481098752,12884893696,1673998336,0
99,1780596727526,58214.98294067383,4700,1,0.3062499999999999,6938.655242919922,4700,1,0.3062499999999999,6801.951950073242,4700,1,0.3062499999999999,12333.241424560547,4700,1,0.3062499999999999,45942.98611450195,4700,1,0.3062499999999999,38084.34461975098,4700,1,0.3062499999999999,47312.082916259766,4700,1,0.3062499999999999,30484.597885131836,4700,1,0.3062499999999999,7275.986328125,4700,1,0.3062499999999999,7165.576690673828,4700,1,0.3062499999999999,6755.952926635742,4700,1,0.3062499999999999,6973.9033203125,4700,1,0.3062499999999999,17374.94320678711,3007,3007,3007,3007,3007,3007,3007,3007,3007,3007,3007,3007,4690,4691,3007,3007,3007,4690,3007,3007,3007,3007,3007,4690,100,11.111111640930176,0,0,20,21.052631378173828,21.052631378173828,26.3157901763916,15.000000953674316,38.095237731933594,0,0,5.555555820465088,0,0,0,0,28.571430206298828,21.052631378173828,95,0,0,0,0,66481098752,12884893696,1672441856,0
99,1780596727626,58215.634033203125,4700,1,0.3062499999999999,6938.6583251953125,4700,1,0.3062499999999999,6801.955032348633,4700,1,0.3062499999999999,12333.58903503418,4700,1,0.3062499999999999,45943.37390136719,4700,1,0.3062499999999999,38084.764709472656,4700,1,0.3062499999999999,47312.47789001465,4700,1,0.3062499999999999,30485.24774169922,4700,1,0.3062499999999999,7275.989440917969,4700,1,0.3062499999999999,7165.579772949219,4700,1,0.3062499999999999,6755.955993652344,4700,1,0.3062499999999999,6973.906402587891,4700,1,0.3062499999999999,17380.729934692383,3007,3007,3007,3007,3007,3007,3007,3007,3007,3007,3007,3007,4690,4691,3007,3007,3007,4690,3007,3007,3007,3007,3007,4690,100,10.526315689086914,0,0,31.81818199157715,15.789472579956055,19.047618865966797,22.22222328186035,25,35,0,0,21.052631378173828,0,0,0,0,21.052631378173828,5.555555820465088,95,0,0,0,0,66481098752,12884893696,1678974976,0
99,1780596727726,58216.31254577637,4700,1,0.3062499999999999,6938.661407470703,4700,1,0.3062499999999999,6801.958114624023,4700,1,0.3062499999999999,12333.975524902344,4700,1,0.3062499999999999,45943.77772521973,4700,1,0.3062499999999999,38085.14747619629,4700,1,0.3062499999999999,47312.85479736328,4700,1,0.3062499999999999,30485.87190246582,4700,1,0.3062499999999999,7275.992889404297,4700,1,0.3062499999999999,7165.582916259766,4700,1,0.3062499999999999,6755.961242675781,4700,1,0.3062499999999999,6973.909484863281,4700,1,0.3062499999999999,17386.505340576172,3007,3007,3007,3007,3007,3007,3007,3007,3007,3007,3007,3007,4690,4691,3007,3007,3007,4690,3007,3007,3007,3007,3007,4690,100,10.526315689086914,0,0,31.81818199157715,15.789472579956055,19.047618865966797,22.22222328186035,25,35,0,0,21.052631378173828,0,0,0,0,21.052631378173828,5.555555820465088,95,0,0,0,0,66481098752,12884893696,1675415552,0
99,1780596727826,58216.9787902832,4700,1,0.30000000000000004,6938.664489746094,4700,1,0.3062499999999999,6801.961196899414,4700,1,0.3062499999999999,12334.368743896484,4700,1,0.30000000000000004,45944.18374633789,4700,1,0.30000000000000004,38085.533126831055,4700,1,0.30000000000000004,47313.20161437988,4700,1,0.30000000000000004,30486.504974365234,4700,1,0.30000000000000004,7275.996124267578,4700,1,0.30000000000000004,7165.585998535156,4700,1,0.30000000000000004,6755.964309692383,4700,1,0.30000000000000004,6973.912567138672,4700,1,0.3062499999999999,17392.27554321289,3007,3007,3007,3007,3007,3007,3007,3007,3007,3007,3007,3007,4690,4691,3007,3007,3007,4690,3007,3007,3007,3007,3007,4690,100,20,0,0,26.3157901763916,16.666667938232422,22.22222328186035,20,15.000000953674316,26.3157901763916,0,0,11.111111640930176,0,0,0,0,11.111111640930176,20,95,0,0,0,0,66481098752,12884893696,1673838592,0
99,1780596727926,58217.63674926758,4700,1,0.3062499999999999,6938.667572021484,4700,1,0.3062499999999999,6801.964279174805,4700,1,0.3062499999999999,12334.732482910156,4700,1,0.3062499999999999,45944.58122253418,4700,1,0.3062499999999999,38085.910583496094,4700,1,0.3062499999999999,47313.6261138916,4700,1,0.3062499999999999,30487.116500854492,4700,1,0.3062499999999999,7275.999374389648,4700,1,0.3062499999999999,7165.589065551758,4700,1,0.3062499999999999,6755.967346191406,4700,1,0.3062499999999999,6973.915618896484,4700,1,0.3062499999999999,17397.975006103516,3007,3007,3007,3007,3007,3007,3007,3007,3007,3007,3007,3007,4690,4691,3007,3007,3007,4690,3007,3007,3007,3007,3007,4690,100,20,0,0,26.3157901763916,16.666667938232422,22.22222328186035,20,15.000000953674316,26.3157901763916,0,0,11.111111640930176,0,0,0,0,11.111111640930176,20,95,0,0,0,0,66481098752,12884893696,1671811072,0
99,1780596728026,58218.26336669922,4700,1,0.3062499999999999,6938.670654296875,4700,1,0.3062499999999999,6801.967361450195,4700,1,0.3062499999999999,12335.097579956055,4700,1,0.3062499999999999,45944.98568725586,4700,1,0.3062499999999999,38086.33901977539,4700,1,0.3062499999999999,47314.03907775879,4700,1,0.3062499999999999,30487.742599487305,4700,1,0.3062499999999999,7276.002502441406,4700,1,0.3062499999999999,7165.592178344727,4700,1,0.3062499999999999,6755.970458984375,4700,1,0.3062499999999999,6973.918731689453,4700,1,0.3062499999999999,17403.93280029297,3007,3007,3007,3007,3007,3007,3007,3007,3007,3007,3007,3007,4690,4691,3007,3007,3007,4690,3007,3007,3007,3007,3007,4690,100,20,0,0,20,15.789472579956055,21.052631378173828,22.22222328186035,26.3157901763916,31.57894515991211,0,0,5.882352828979492,0,0,0,0,15.000000953674316,21.052631378173828,94.73684692382813,0,0,0,0,66481098752,12884893696,1669763072,0
99,1780596728126,58218.841079711914,4700,1,0.3062499999999999,6938.6737060546875,4700,1,0.3062499999999999,6801.970413208008,4700,1,0.3062499999999999,12335.436904907227,4700,1,0.3062499999999999,45945.44453430176,4700,1,0.3062499999999999,38086.701171875,4700,1,0.3062499999999999,47314.414001464844,4700,1,0.3062499999999999,30488.44302368164,4700,1,0.3062499999999999,7276.006332397461,4700,1,0.3062499999999999,7165.595260620117,4700,1,0.3062499999999999,6755.973526000977,4700,1,0.3062499999999999,6973.921783447266,4700,1,0.3062499999999999,17409.6697845459,3007,3007,3007,3007,3007,3007,3007,3007,3007,3007,3007,3007,4690,4691,3007,3007,3007,4690,3007,3007,3007,3007,3007,4690,100,20,0,0,20,15.789472579956055,21.052631378173828,22.22222328186035,26.3157901763916,31.57894515991211,0,0,5.882352828979492,0,0,0,0,15.000000953674316,21.052631378173828,94.73684692382813,0,0,0,0,66481098752,12884893696,1670754304,0
99,1780596728226,58219.515625,4700,1,0.3062499999999999,6938.676788330078,4700,1,0.3062499999999999,6801.973495483398,4700,1,0.3062499999999999,12335.801712036133,4700,1,0.3062499999999999,45945.823654174805,4700,1,0.3062499999999999,38087.0276184082,4700,1,0.3062499999999999,47314.79803466797,4700,1,0.3062499999999999,30489.085235595703,4700,1,0.3062499999999999,7276.009719848633,4700,1,0.3062499999999999,7165.598403930664,4700,1,0.3062499999999999,6755.976654052734,4700,1,0.3062499999999999,6973.924865722656,4700,1,0.3062499999999999,17415.351806640625,3007,3007,3007,3007,3007,3007,3007,3007,3007,3007,3007,3007,4690,4691,3007,3007,3007,4690,3007,3007,3007,3007,3007,4690,100,28.571430206298828,0,0,10.526315689086914,19.047618865966797,25,5,28.571430206298828,45,0,0,26.3157901763916,0,0,0,0,21.052631378173828,15.789472579956055,100,0,0,0,0,66481098752,12884893696,1668657152,0
99,1780596728326,58220.1891784668,4700,1,0.30000000000000004,6938.679870605469,4700,1,0.3062499999999999,6801.976577758789,4700,1,0.3062499999999999,12336.101531982422,4700,1,0.30000000000000004,45946.19297790527,4700,1,0.30000000000000004,38087.42170715332,4700,1,0.30000000000000004,47315.2137298584,4700,1,0.30000000000000004,30489.707595825195,4700,1,0.3062499999999999,7276.012893676758,4700,1,0.3062499999999999,7165.601486206055,4700,1,0.3062499999999999,6755.979690551758,4700,1,0.3062499999999999,6973.927947998047,4700,1,0.3062499999999999,17421.084503173828,3007,3007,3007,3007,3007,3007,3007,3007,3007,3007,3007,3007,4690,4691,3007,3007,3007,4690,3007,3007,3007,3007,3007,4690,100,28.571430206298828,0,0,10.526315689086914,19.047618865966797,25,5,28.571430206298828,45,0,0,26.3157901763916,0,0,0,0,21.052631378173828,15.789472579956055,100,0,0,0,0,66481098752,12884893696,1670475776,0
99,1780596728426,58220.86116027832,4700,1,0.30000000000000004,6938.682952880859,4700,1,0.3062499999999999,6801.97966003418,4700,1,0.3062499999999999,12336.460983276367,4700,1,0.30000000000000004,45946.580810546875,4700,1,0.30000000000000004,38087.83418273926,4700,1,0.30000000000000004,47315.61950683594,4700,1,0.30000000000000004,30490.32456970215,4700,1,0.30000000000000004,7276.0162353515625,4700,1,0.30000000000000004,7165.604598999023,4700,1,0.30000000000000004,6755.9827880859375,4700,1,0.3062499999999999,6973.9310302734375,4700,1,0.3062499999999999,17426.803817749023,3007,3007,3007,3007,3007,3007,3007,3007,3007,3007,3007,3007,4690,4691,3007,3007,3007,4690,3007,3007,3007,3007,3007,4690,95.23809814453125,20,0,0,22.22222328186035,10.526315689086914,21.052631378173828,28.571430206298828,15.789472579956055,26.3157901763916,0,0,19.047618865966797,0,0,0,0,11.764705657958984,21.052631378173828,94.73684692382813,0,0,0,0,66481098752,12884893696,1667895296,0
99,1780596728526,58221.54237365723,4700,1,0.30000000000000004,6938.68603515625,4700,1,0.3062499999999999,6801.98274230957,4700,1,0.3062499999999999,12336.860473632813,4700,1,0.30000000000000004,45946.930572509766,4700,1,0.30000000000000004,38088.21632385254,4700,1,0.30000000000000004,47316.03462219238,4700,1,0.30000000000000004,30490.921615600586,4700,1,0.30000000000000004,7276.019470214844,4700,1,0.30000000000000004,7165.60774230957,4700,1,0.30000000000000004,6755.985900878906,4700,1,0.30000000000000004,6973.934112548828,4700,1,0.30000000000000004,17432.604278564453,3007,3007,3007,3007,3007,3007,3007,3007,3007,3007,3007,3007,4690,4691,3007,3007,3007,4690,3007,3007,3007,3007,3007,4690,95.23809814453125,20,0,0,22.22222328186035,10.526315689086914,21.052631378173828,28.571430206298828,15.789472579956055,26.3157901763916,0,0,19.047618865966797,0,0,0,0,11.764705657958984,21.052631378173828,94.73684692382813,0,0,0,0,66481098752,12884893696,1673826304,0
99,1780596728627,58222.20443725586,4700,1,0.3062499999999999,6938.689117431641,4700,1,0.3062499999999999,6801.985824584961,4700,1,0.3062499999999999,12337.269302368164,4700,1,0.3062499999999999,45947.32148742676,4700,1,0.3062499999999999,38088.60754394531,4700,1,0.3062499999999999,47316.4616394043,4700,1,0.3062499999999999,30491.46405029297,4700,1,0.3062499999999999,7276.022689819336,4700,1,0.3062499999999999,7165.610794067383,4700,1,0.3062499999999999,6755.989532470703,4700,1,0.3062499999999999,6973.937194824219,4700,1,0.3062499999999999,17438.40704345703,3007,3007,3007,3007,3007,3007,3007,3007,3007,3007,3007,3007,4690,4691,3007,3007,3007,4690,3007,3007,3007,3007,3007,4690,100,21.052631378173828,0,0,25,11.111111640930176,16.666667938232422,11.764705657958984,30.000001907348633,10,0,0,20,0,0,0,0,11.111111640930176,25,90.90909576416016,0,0,0,0,66481098752,12884893696,1672802304,0
99,1780596728727,58222.79457092285,4700,1,0.3062499999999999,6938.692169189453,4700,1,0.3062499999999999,6801.988876342773,4700,1,0.3062499999999999,12337.582794189453,4700,1,0.3062499999999999,45947.76266479492,4700,1,0.3062499999999999,38089.00846862793,4700,1,0.3062499999999999,47316.86004638672,4700,1,0.3062499999999999,30492.14649963379,4700,1,0.3062499999999999,7276.025772094727,4700,1,0.3062499999999999,7165.61393737793,4700,1,0.3062499999999999,6756.002105712891,4700,1,0.3062499999999999,6973.940246582031,4700,1,0.3062499999999999,17444.21597290039,3007,3007,3007,3007,3007,3007,3007,3007,3007,3007,3007,3007,4690,4691,3007,3007,3007,4690,3007,3007,3007,3007,3007,4690,100,21.052631378173828,0,0,25,11.111111640930176,16.666667938232422,11.764705657958984,30.000001907348633,10,0,0,20,0,0,0,0,11.111111640930176,25,90.90909576416016,0,0,0,0,66481098752,12884893696,1669500928,0
99,1780596728827,58223.37759399414,4700,1,0.3062499999999999,6938.709426879883,4700,1,0.3062499999999999,6802.010162353516,4700,1,0.3062499999999999,12337.865325927734,4700,1,0.3062499999999999,45948.087142944336,4700,1,0.3062499999999999,38089.42485046387,4700,1,0.3062499999999999,47317.22813415527,4700,1,0.3062499999999999,30492.75538635254,4700,1,0.3062499999999999,7276.050338745117,4700,1,0.3062499999999999,7165.625274658203,4700,1,0.3062499999999999,6756.031784057617,4700,1,0.3062499999999999,6973.9608154296875,4700,1,0.3062499999999999,17449.95489501953,3007,3007,3007,3007,3007,3007,3007,3007,3007,3007,3007,3007,4690,4691,3007,3007,3007,4690,3007,3007,3007,3007,3007,4690,100,5.263157844543457,0,0,5,10.526315689086914,15.000000953674316,21.052631378173828,26.3157901763916,38.88888931274414,0,0,36.3636360168457,0,0,0,4.761904716491699,21.052631378173828,10.526315689086914,90,0,0,0,0,66481098752,12884893696,1677758464,0
99,1780596728927,58224.022033691406,4700,1,0.30000000000000004,6938.724090576172,4700,1,0.30000000000000004,6802.0184326171875,4700,1,0.30000000000000004,12338.25845336914,4700,1,0.30000000000000004,45948.405822753906,4700,1,0.30000000000000004,38089.797760009766,4700,1,0.30000000000000004,47317.60173034668,4700,1,0.30000000000000004,30493.316360473633,4700,1,0.30000000000000004,7276.060577392578,4700,1,0.30000000000000004,7165.629180908203,4700,1,0.30000000000000004,6756.052215576172,4700,1,0.30000000000000004,6973.9764404296875,4700,1,0.30000000000000004,17455.416473388672,3007,3007,3007,3007,3007,3007,3007,3007,3007,3007,3007,3007,4690,4691,3007,3007,3007,4690,3007,3007,3007,3007,3007,4690,100,5.263157844543457,0,0,5,10.526315689086914,15.000000953674316,21.052631378173828,26.3157901763916,38.88888931274414,0,0,36.3636360168457,0,0,0,4.761904716491699,21.052631378173828,10.526315689086914,90,0,0,0,0,66481098752,12884893696,1664065536,0
99,1780596729027,58224.67121887207,4700,1,0.3062499999999999,6938.7271728515625,4700,1,0.3062499999999999,6802.021743774414,4700,1,0.3062499999999999,12338.660461425781,4700,1,0.3062499999999999,45948.7712097168,4700,1,0.3062499999999999,38090.18592834473,4700,1,0.3062499999999999,47318.01383972168,4700,1,0.3062499999999999,30493.938552856445,4700,1,0.3062499999999999,7276.0640869140625,4700,1,0.3062499999999999,7165.63232421875,4700,1,0.3062499999999999,6756.061080932617,4700,1,0.3062499999999999,6973.979629516602,4700,1,0.3062499999999999,17461.172149658203,3007,3007,3007,3007,3007,3007,3007,3007,3007,3007,3007,3007,4690,4691,3007,3007,3007,4690,3007,3007,3007,3007,3007,4690,100,30.000001907348633,0,0,21.052631378173828,23.809524536132813,9.523809432983398,22.22222328186035,15.789472579956055,17.647058486938477,0,0,21.052631378173828,0,0,0,0,10,16.666667938232422,90.47618865966797,0,0,0,0,66481098752,12884893696,1661607936,0
99,1780596729127,58225.363357543945,4700,1,0.30000000000000004,6938.730255126953,4700,1,0.3062499999999999,6802.024826049805,4700,1,0.3062499999999999,12338.976272583008,4700,1,0.30000000000000004,45949.20347595215,4700,1,0.30000000000000004,38090.55969238281,4700,1,0.30000000000000004,47318.42778015137,4700,1,0.30000000000000004,30494.52049255371,4700,1,0.30000000000000004,7276.067352294922,4700,1,0.30000000000000004,7165.635406494141,4700,1,0.3062499999999999,6756.071960449219,4700,1,0.3062499999999999,6973.982711791992,4700,1,0.3062499999999999,17466.854904174805,3007,3007,3007,3007,3007,3007,3007,3007,3007,3007,3007,3007,4690,4691,3007,3007,3007,4690,3007,3007,3007,3007,3007,4690,100,30.000001907348633,0,0,21.052631378173828,23.809524536132813,9.523809432983398,22.22222328186035,15.789472579956055,17.647058486938477,0,0,21.052631378173828,0,0,0,0,10,16.666667938232422,90.47618865966797,0,0,0,0,66481098752,12884893696,1656848384,0
99,1780596729227,58226.047912597656,4700,1,0.3062499999999999,6938.733337402344,4700,1,0.3062499999999999,6802.027908325195,4700,1,0.3062499999999999,12339.330642700195,4700,1,0.3062499999999999,45949.58074951172,4700,1,0.3062499999999999,38090.94331359863,4700,1,0.3062499999999999,47318.83755493164,4700,1,0.3062499999999999,30495.1309967041,4700,1,0.3062499999999999,7276.070648193359,4700,1,0.3062499999999999,7165.638534545898,4700,1,0.3062499999999999,6756.079833984375,4700,1,0.3062499999999999,6973.985870361328,4700,1,0.3062499999999999,17472.68031311035,3007,3007,3007,3007,3007,3007,3007,3007,3007,3007,3007,3007,4690,4691,3007,3007,3007,4690,3007,3007,3007,3007,3007,4690,100,15.000000953674316,0,0,35,10.526315689086914,25,19.047618865966797,22.22222328186035,25,0,0,15.789472579956055,0,0,0,0,25,23.809524536132813,95,0,0,0,0,66481098752,12884893696,1655443456,0
99,1780596729327,58226.71553039551,4700,1,0.30000000000000004,6938.736419677734,4700,1,0.30000000000000004,6802.030990600586,4700,1,0.30000000000000004,12339.671844482422,4700,1,0.30000000000000004,45950.00506591797,4700,1,0.30000000000000004,38091.32157897949,4700,1,0.30000000000000004,47319.22088623047,4700,1,0.30000000000000004,30495.767852783203,4700,1,0.30000000000000004,7276.073791503906,4700,1,0.30000000000000004,7165.641586303711,4700,1,0.30000000000000004,6756.091979980469,4700,1,0.30000000000000004,6973.988952636719,4700,1,0.30000000000000004,17478.486373901367,3007,3007,3007,3007,3007,3007,3007,3007,3007,3007,3007,3007,4690,4691,3007,3007,3007,4690,3007,3007,3007,3007,3007,4690,100,15.000000953674316,0,0,35,10.526315689086914,25,19.047618865966797,22.22222328186035,25,0,0,15.789472579956055,0,0,0,0,25,23.809524536132813,95,0,0,0,0,66481098752,12884893696,1659375616,0
99,1780596729427,58227.4150390625,4700,1,0.3062499999999999,6938.739501953125,4700,1,0.3062499999999999,6802.034042358398,4700,1,0.3062499999999999,12340.055862426758,4700,1,0.3062499999999999,45950.402572631836,4700,1,0.3062499999999999,38091.67314147949,4700,1,0.3062499999999999,47319.62203979492,4700,1,0.3062499999999999,30496.36410522461,4700,1,0.3062499999999999,7276.076965332031,4700,1,0.3062499999999999,7165.644668579102,4700,1,0.3062499999999999,6756.097930908203,4700,1,0.3062499999999999,6973.992050170898,4700,1,0.3062499999999999,17484.239974975586,3007,3007,3007,3007,3007,3007,3007,3007,3007,3007,3007,3007,4690,4691,3007,3007,3007,4690,3007,3007,3007,3007,3007,4690,100,21.052631378173828,0,0,12.5,22.72727394104004,22.22222328186035,10.526315689086914,25,16.666667938232422,0,0,11.764705657958984,0,0,0,0,16.666667938232422,15.789472579956055,94.73684692382813,0,0,0,0,66481098752,12884893696,1657745408,0
99,1780596729527,58228.10838317871,4700,1,0.3062499999999999,6938.742584228516,4700,1,0.3062499999999999,6802.037124633789,4700,1,0.3062499999999999,12340.374801635742,4700,1,0.3062499999999999,45950.79672241211,4700,1,0.3062499999999999,38092.07725524902,4700,1,0.3062499999999999,47320.034271240234,4700,1,0.3062499999999999,30496.966400146484,4700,1,0.3062499999999999,7276.080230712891,4700,1,0.3062499999999999,7165.647811889648,4700,1,0.3062499999999999,6756.103866577148,4700,1,0.3062499999999999,6973.995193481445,4700,1,0.3062499999999999,17490.137161254883,3007,3007,3007,3007,3007,3007,3007,3007,3007,3007,3007,3007,4690,4691,3007,3007,3007,4690,3007,3007,3007,3007,3007,4690,100,21.052631378173828,0,0,12.5,22.72727394104004,22.22222328186035,10.526315689086914,25,16.666667938232422,0,0,11.764705657958984,0,0,0,0,16.666667938232422,15.789472579956055,94.73684692382813,0,0,0,0,66481098752,12884893696,1655783424,0
99,1780596729627,58228.80432128906,4700,1,0.3062499999999999,6938.745666503906,4700,1,0.3062499999999999,6802.04020690918,4700,1,0.3062499999999999,12340.730773925781,4700,1,0.3062499999999999,45951.222747802734,4700,1,0.3062499999999999,38092.43278503418,4700,1,0.3062499999999999,47320.43745422363,4700,1,0.3062499999999999,30497.56964111328,4700,1,0.3062499999999999,7276.083435058594,4700,1,0.3062499999999999,7165.650894165039,4700,1,0.3062499999999999,6756.113540649414,4700,1,0.3062499999999999,6973.998275756836,4700,1,0.3062499999999999,17495.941329956055,3007,3007,3007,3007,3007,3007,3007,3007,3007,3007,3007,3007,4690,4691,3007,3007,3007,4690,3007,3007,3007,3007,3007,4690,100,16.666667938232422,0,0,23.52941131591797,0,21.052631378173828,19.047618865966797,15.789472579956055,11.111111640930176,0,0,25,0,0,0,0,23.809524536132813,11.111111640930176,90,0,0,0,0,66481098752,12884893696,1654013952,0
99,1780596729727,58229.45713806152,4700,1,0.3062499999999999,6938.748779296875,4700,1,0.3062499999999999,6802.043319702148,4700,1,0.3062499999999999,12341.035461425781,4700,1,0.3062499999999999,45951.66175842285,4700,1,0.3062499999999999,38092.82635498047,4700,1,0.3062499999999999,47320.83020019531,4700,1,0.3062499999999999,30498.190490722656,4700,1,0.3062499999999999,7276.0865478515625,4700,1,0.3062499999999999,7165.654067993164,4700,1,0.3062499999999999,6756.122100830078,4700,1,0.3062499999999999,6974.005218505859,4700,1,0.3062499999999999,17501.696853637695,3007,3007,3007,3007,3007,3007,3007,3007,3007,3007,3007,3007,4690,4691,3007,3007,3007,4690,3007,3007,3007,3007,3007,4690,100,16.666667938232422,0,0,23.52941131591797,0,21.052631378173828,19.047618865966797,15.789472579956055,11.111111640930176,0,0,25,0,0,0,0,23.809524536132813,11.111111640930176,90,0,0,0,0,66481098752,12884893696,1659109376,0
99,1780596729827,58230.14468383789,4700,1,0.3062499999999999,6938.751861572266,4700,1,0.3062499999999999,6802.046447753906,4700,1,0.3062499999999999,12341.364013671875,4700,1,0.3062499999999999,45952.07032775879,4700,1,0.3062499999999999,38093.193130493164,4700,1,0.3062499999999999,47321.250747680664,4700,1,0.3062499999999999,30498.812698364258,4700,1,0.3062499999999999,7276.089630126953,4700,1,0.3062499999999999,7165.657150268555,4700,1,0.3062499999999999,6756.13117980957,4700,1,0.3062499999999999,6974.00830078125,4700,1,0.3062499999999999,17507.413513183594,3007,3007,3007,3007,3007,3007,3007,3007,3007,3007,3007,3007,4690,4691,3007,3007,3007,4690,3007,3007,3007,3007,3007,4690,100,10,0,0,26.3157901763916,10.526315689086914,11.764705657958984,21.052631378173828,21.052631378173828,30.000001907348633,0,0,30.000001907348633,0,0,0,0,20,21.052631378173828,95,0,0,0,0,66481098752,12884893696,1657131008,0
99,1780596729927,58230.80438232422,4700,1,0.3062499999999999,6938.754974365234,4700,1,0.3062499999999999,6802.049591064453,4700,1,0.3062499999999999,12341.757202148438,4700,1,0.3062499999999999,45952.432037353516,4700,1,0.3062499999999999,38093.60525512695,4700,1,0.3062499999999999,47321.63496398926,4700,1,0.3062499999999999,30499.447647094727,4700,1,0.3062499999999999,7276.092834472656,4700,1,0.3062499999999999,7165.660232543945,4700,1,0.3062499999999999,6756.143203735352,4700,1,0.3062499999999999,6974.011383056641,4700,1,0.3062499999999999,17513.16065979004,3007,3007,3007,3007,3007,3007,3007,3007,3007,3007,3007,3007,4690,4691,3007,3007,3007,4690,3007,3007,3007,3007,3007,4690,100,10,0,0,26.3157901763916,10.526315689086914,11.764705657958984,21.052631378173828,21.052631378173828,30.000001907348633,0,0,30.000001907348633,0,0,0,0,20,21.052631378173828,95,0,0,0,0,66481098752,12884893696,1654497280,0
99,1780596730027,58231.510803222656,4700,1,0.30000000000000004,6938.758056640625,4700,1,0.30000000000000004,6802.052673339844,4700,1,0.30000000000000004,12342.13395690918,4700,1,0.30000000000000004,45952.840270996094,4700,1,0.30000000000000004,38093.923889160156,4700,1,0.30000000000000004,47322.013900756836,4700,1,0.30000000000000004,30500.03578186035,4700,1,0.30000000000000004,7276.095916748047,4700,1,0.30000000000000004,7165.663375854492,4700,1,0.30000000000000004,6756.1544189453125,4700,1,0.30000000000000004,6974.0145263671875,4700,1,0.30000000000000004,17518.853240966797,3007,3007,3007,3007,3007,3007,3007,3007,3007,3007,3007,3007,4690,4691,3007,3007,3007,4690,3007,3007,3007,3007,3007,4690,100,16.666667938232422,0,0,31.57894515991211,23.809524536132813,15.789472579956055,15.789472579956055,15.789472579956055,26.3157901763916,0,0,11.111111640930176,0,0,0,0,10.526315689086914,15.789472579956055,94.73684692382813,0,0,0,0,66481098752,12884893696,1652670464,0
99,1780596730127,58232.19802856445,4700,1,0.3062499999999999,6938.7611083984375,4700,1,0.3062499999999999,6802.055725097656,4700,1,0.3062499999999999,12342.521408081055,4700,1,0.3062499999999999,45953.24801635742,4700,1,0.3062499999999999,38094.359603881836,4700,1,0.3062499999999999,47322.3621673584,4700,1,0.3062499999999999,30500.608947753906,4700,1,0.3062499999999999,7276.099151611328,4700,1,0.3062499999999999,7165.666427612305,4700,1,0.3062499999999999,6756.161636352539,4700,1,0.3062499999999999,6974.017578125,4700,1,0.3062499999999999,17524.559280395508,3007,3007,3007,3007,3007,3007,3007,3007,3007,3007,3007,3007,4690,4691,3007,3007,3007,4690,3007,3007,3007,3007,3007,4690,100,16.666667938232422,0,0,31.57894515991211,23.809524536132813,15.789472579956055,15.789472579956055,15.789472579956055,26.3157901763916,0,0,11.111111640930176,0,0,0,0,10.526315689086914,15.789472579956055,94.73684692382813,0,0,0,0,66481098752,12884893696,1660780544,0
99,1780596730227,58232.88595581055,4700,1,0.30000000000000004,6938.764190673828,4700,1,0.30000000000000004,6802.058807373047,4700,1,0.30000000000000004,12342.87663269043,4700,1,0.30000000000000004,45953.685974121094,4700,1,0.30000000000000004,38094.76300048828,4700,1,0.30000000000000004,47322.77099609375,4700,1,0.30000000000000004,30501.147857666016,4700,1,0.30000000000000004,7276.102325439453,4700,1,0.30000000000000004,7165.669570922852,4700,1,0.30000000000000004,6756.168167114258,4700,1,0.30000000000000004,6974.020721435547,4700,1,0.30000000000000004,17530.384017944336,3007,3007,3007,3007,3007,3007,3007,3007,3007,3007,3007,3007,4690,4691,3007,3007,3007,4690,3007,3007,3007,3007,3007,4690,100,10,0,0,30.000001907348633,16.666667938232422,26.3157901763916,21.052631378173828,11.111111640930176,14.285715103149414,0,0,16.666667938232422,0,0,0,0,28.571430206298828,21.052631378173828,90.47618865966797,0,0,0,0,66481098752,12884893696,1657991168,0
99,1780596730327,58233.482360839844,4700,1,0.3062499999999999,6938.767272949219,4700,1,0.3062499999999999,6802.0618896484375,4700,1,0.3062499999999999,12343.268676757813,4700,1,0.3062499999999999,45954.10446166992,4700,1,0.3062499999999999,38095.10789489746,4700,1,0.3062499999999999,47323.18867492676,4700,1,0.3062499999999999,30501.83657836914,4700,1,0.3062499999999999,7276.105407714844,4700,1,0.3062499999999999,7165.672653198242,4700,1,0.3062499999999999,6756.178207397461,4700,1,0.3062499999999999,6974.0238037109375,4700,1,0.3062499999999999,17536.153549194336,3007,3007,3007,3007,3007,3007,3007,3007,3007,3007,3007,3007,4690,4691,3007,3007,3007,4690,3007,3007,3007,3007,3007,4690,100,10,0,0,30.000001907348633,16.666667938232422,26.3157901763916,21.052631378173828,11.111111640930176,14.285715103149414,0,0,16.666667938232422,0,0,0,0,28.571430206298828,21.052631378173828,90.47618865966797,0,0,0,0,66481098752,12884893696,1654833152,0
99,1780596730428,58234.10304260254,4700,1,0.3062499999999999,6938.770355224609,4700,1,0.3062499999999999,6802.065017700195,4700,1,0.3062499999999999,12343.671432495117,4700,1,0.3062499999999999,45954.49903869629,4700,1,0.3062499999999999,38095.52201843262,4700,1,0.3062499999999999,47323.56069946289,4700,1,0.3062499999999999,30502.491088867188,4700,1,0.3062499999999999,7276.108703613281,4700,1,0.3062499999999999,7165.675735473633,4700,1,0.3062499999999999,6756.187255859375,4700,1,0.3062499999999999,6974.026885986328,4700,1,0.3062499999999999,17542.03549194336,3007,3007,3007,3007,3007,3007,3007,3007,3007,3007,3007,3007,4690,4691,3007,3007,3007,4690,3007,3007,3007,3007,3007,4690,100,25,0,0,10,15.000000953674316,16.666667938232422,21.052631378173828,11.111111640930176,37.5,0,0,16.666667938232422,0,0,0,0,20,21.052631378173828,94.73684692382813,0,0,0,0,66481098752,12884893696,1651671040,0
99,1780596730528,58234.77542114258,4700,1,0.3062499999999999,6938.773498535156,4700,1,0.3062499999999999,6802.068161010742,4700,1,0.3062499999999999,12344.064651489258,4700,1,0.3062499999999999,45954.893478393555,4700,1,0.3062499999999999,38095.92321777344,4700,1,0.3062499999999999,47323.942138671875,4700,1,0.3062499999999999,30503.09992980957,4700,1,0.3062499999999999,7276.112152099609,4700,1,0.3062499999999999,7165.678970336914,4700,1,0.3062499999999999,6756.195495605469,4700,1,0.3062499999999999,6974.030059814453,4700,1,0.3062499999999999,17547.82261657715,3007,3007,3007,3007,3007,3007,3007,3007,3007,3007,3007,3007,4690,4691,3007,3007,3007,4690,3007,3007,3007,3007,3007,4690,100,25,0,0,10,15.000000953674316,16.666667938232422,21.052631378173828,11.111111640930176,37.5,0,0,16.666667938232422,0,0,0,0,20,21.052631378173828,94.73684692382813,0,0,0,0,66481098752,12884893696,1657798656,0
99,1780596730628,58235.44389343262,4700,1,0.30000000000000004,6938.77668762207,4700,1,0.3062499999999999,6802.071304321289,4700,1,0.3062499999999999,12344.421981811523,4700,1,0.30000000000000004,45955.32618713379,4700,1,0.30000000000000004,38096.31739807129,4700,1,0.30000000000000004,47324.33010864258,4700,1,0.30000000000000004,30503.702239990234,4700,1,0.30000000000000004,7276.115432739258,4700,1,0.30000000000000004,7165.682052612305,4700,1,0.30000000000000004,6756.204208374023,4700,1,0.3062499999999999,6974.033248901367,4700,1,0.3062499999999999,17553.580657958984,3007,3007,3007,3007,3007,3007,3007,3007,3007,3007,3007,3007,4690,4691,3007,3007,3007,4690,3007,3007,3007,3007,3007,4690,100,21.052631378173828,0,0,33.333335876464844,20,25,27.272727966308594,15.000000953674316,21.052631378173828,0,0,20,0,0,0,0,23.809524536132813,20,95.45454406738281,0,0,0,0,66481098752,12884893696,1656467456,0
99,1780596730728,58236.124420166016,4700,1,0.3062499999999999,6938.779800415039,4700,1,0.3062499999999999,6802.074417114258,4700,1,0.3062499999999999,12344.798522949219,4700,1,0.3062499999999999,45955.70265197754,4700,1,0.3062499999999999,38096.703125,4700,1,0.3062499999999999,47324.74769592285,4700,1,0.3062499999999999,30504.281661987305,4700,1,0.3062499999999999,7276.118728637695,4700,1,0.3062499999999999,7165.685195922852,4700,1,0.3062499999999999,6756.212356567383,4700,1,0.3062499999999999,6974.037445068359,4700,1,0.3062499999999999,17559.305587768555,3007,3007,3007,3007,3007,3007,3007,3007,3007,3007,3007,3007,4690,4691,3007,3007,3007,4690,3007,3007,3007,3007,3007,4690,100,21.052631378173828,0,0,33.333335876464844,20,25,27.272727966308594,15.000000953674316,21.052631378173828,0,0,20,0,0,0,0,23.809524536132813,20,95.45454406738281,0,0,0,0,66481098752,12884893696,1653661696,0
99,1780596730828,58236.81463623047,4700,1,0.3062499999999999,6938.78288269043,4700,1,0.3062499999999999,6802.077499389648,4700,1,0.3062499999999999,12345.165283203125,4700,1,0.3062499999999999,45956.06512451172,4700,1,0.3062499999999999,38097.08125305176,4700,1,0.3062499999999999,47325.16780090332,4700,1,0.3062499999999999,30504.89422607422,4700,1,0.3062499999999999,7276.121810913086,4700,1,0.3062499999999999,7165.688247680664,4700,1,0.3062499999999999,6756.219131469727,4700,1,0.3062499999999999,6974.041427612305,4700,1,0.3062499999999999,17565.044830322266,3007,3007,3007,3007,3007,3007,3007,3007,3007,3007,3007,3007,4690,4691,3007,3007,3007,4690,3007,3007,3007,3007,3007,4690,100,21.052631378173828,0,0,35,5.555555820465088,15.789472579956055,11.764705657958984,20,16.666667938232422,0,0,21.052631378173828,0,0,0,0,15.789472579956055,26.3157901763916,94.73684692382813,0,0,4.761904716491699,0,66481098752,12884893696,1652039680,0
99,1780596730928,58237.48745727539,4700,1,0.3062499999999999,6938.785934448242,4700,1,0.3062499999999999,6802.080581665039,4700,1,0.3062499999999999,12345.506759643555,4700,1,0.3062499999999999,45956.471420288086,4700,1,0.3062499999999999,38097.50988769531,4700,1,0.3062499999999999,47325.5565032959,4700,1,0.3062499999999999,30505.54554748535,4700,1,0.3062499999999999,7276.124984741211,4700,1,0.3062499999999999,7165.691329956055,4700,1,0.3062499999999999,6756.225143432617,4700,1,0.3062499999999999,6974.044479370117,4700,1,0.3062499999999999,17570.81719970703,3007,3007,3007,3007,3007,3007,3007,3007,3007,3007,3007,3007,4690,4691,3007,3007,3007,4690,3007,3007,3007,3007,3007,4690,100,21.052631378173828,0,0,35,5.555555820465088,15.789472579956055,11.764705657958984,20,16.666667938232422,0,0,21.052631378173828,0,0,0,0,15.789472579956055,26.3157901763916,94.73684692382813,0,0,4.761904716491699,0,66481098752,12884893696,1658318848,0
99,1780596731028,58238.17518615723,4700,1,0.3062499999999999,6938.789016723633,4700,1,0.3062499999999999,6802.08366394043,4700,1,0.3062499999999999,12345.88996887207,4700,1,0.3062499999999999,45956.82565307617,4700,1,0.3062499999999999,38097.895431518555,4700,1,0.3062499999999999,47325.973571777344,4700,1,0.3062499999999999,30506.14276123047,4700,1,0.3062499999999999,7276.12809753418,4700,1,0.3062499999999999,7165.694473266602,4700,1,0.3062499999999999,6756.230880737305,4700,1,0.3062499999999999,6974.047622680664,4700,1,0.3062499999999999,17576.580841064453,3007,3007,3007,3007,3007,3007,3007,3007,3007,3007,3007,3007,4690,4691,3007,3007,3007,4690,3007,3007,3007,3007,3007,4690,100,27.272727966308594,0,0,21.052631378173828,20,20,16.666667938232422,21.052631378173828,33.333335876464844,0,0,11.764705657958984,0,0,0,0,15.789472579956055,28.571430206298828,95.23809814453125,0,0,0,0,66481098752,12884893696,1656057856,0
99,1780596731128,58238.85775756836,4700,1,0.3062499999999999,6938.792098999023,4700,1,0.3062499999999999,6802.08674621582,4700,1,0.3062499999999999,12346.282943725586,4700,1,0.3062499999999999,45957.25700378418,4700,1,0.3062499999999999,38098.300842285156,4700,1,0.3062499999999999,47326.33839416504,4700,1,0.3062499999999999,30506.725677490234,4700,1,0.3062499999999999,7276.131378173828,4700,1,0.3062499999999999,7165.697555541992,4700,1,0.3062499999999999,6756.241516113281,4700,1,0.3062499999999999,6974.050704956055,4700,1,0.3062499999999999,17582.343322753906,3007,3007,3007,3007,3007,3007,3007,3007,3007,3007,3007,3007,4690,4691,3007,3007,3007,4690,3007,3007,3007,3007,3007,4690,100,27.272727966308594,0,0,21.052631378173828,20,20,16.666667938232422,21.052631378173828,33.333335876464844,0,0,11.764705657958984,0,0,0,0,15.789472579956055,28.571430206298828,95.23809814453125,0,0,0,0,66481098752,12884893696,1655672832,0
99,1780596731228,58239.55242919922,4700,1,0.3062499999999999,6938.795181274414,4700,1,0.3062499999999999,6802.089828491211,4700,1,0.3062499999999999,12346.688781738281,4700,1,0.3062499999999999,45957.65269470215,4700,1,0.3062499999999999,38098.67579650879,4700,1,0.3062499999999999,47326.74411010742,4700,1,0.3062499999999999,30507.27375793457,4700,1,0.3062499999999999,7276.1346435546875,4700,1,0.3062499999999999,7165.700698852539,4700,1,0.3062499999999999,6756.255310058594,4700,1,0.3062499999999999,6974.053848266602,4700,1,0.3062499999999999,17588.103256225586,3007,3007,3007,3007,3007,3007,3007,3007,3007,3007,3007,3007,4690,4691,3007,3007,3007,4690,3007,3007,3007,3007,3007,4690,100,5.882352828979492,0,0,33.333335876464844,21.052631378173828,23.809524536132813,23.809524536132813,10.526315689086914,5.555555820465088,0,0,16.666667938232422,0,0,0,0,15.789472579956055,11.111111640930176,90,0,0,0,0,66481098752,12884893696,1652568064,0
99,1780596731328,58240.24353027344,4700,1,0.30000000000000004,6938.798263549805,4700,1,0.3062499999999999,6802.092910766602,4700,1,0.3062499999999999,12347.07144165039,4700,1,0.30000000000000004,45958.02406311035,4700,1,0.30000000000000004,38099.0964050293,4700,1,0.3062499999999999,47327.160400390625,4700,1,0.3062499999999999,30507.823928833008,4700,1,0.3062499999999999,7276.137786865234,4700,1,0.3062499999999999,7165.70378112793,4700,1,0.3062499999999999,6756.2584228515625,4700,1,0.3062499999999999,6974.056930541992,4700,1,0.3062499999999999,17593.848236083984,3007,3007,3007,3007,3007,3007,3007,3007,3007,3007,3007,3007,4690,4691,3007,3007,3007,4690,3007,3007,3007,3007,3007,4690,100,5.882352828979492,0,0,33.333335876464844,21.052631378173828,23.809524536132813,23.809524536132813,10.526315689086914,5.555555820465088,0,0,16.666667938232422,0,0,0,0,15.789472579956055,11.111111640930176,90,0,0,0,0,66481098752,12884893696,1651052544,0
99,1780596731428,58240.93811035156,4700,1,0.3062499999999999,6938.801345825195,4700,1,0.3062499999999999,6802.095993041992,4700,1,0.3062499999999999,12347.384292602539,4700,1,0.3062499999999999,45958.41514587402,4700,1,0.3062499999999999,38099.506439208984,4700,1,0.3062499999999999,47327.57180786133,4700,1,0.3062499999999999,30508.438507080078,4700,1,0.3062499999999999,7276.140960693359,4700,1,0.3062499999999999,7165.70686340332,4700,1,0.3062499999999999,6756.261505126953,4700,1,0.3062499999999999,6974.060012817383,4700,1,0.3062499999999999,17599.595306396484,3007,3007,3007,3007,3007,3007,3007,3007,3007,3007,3007,3007,4690,4691,3007,3007,3007,4690,3007,3007,3007,3007,3007,4690,100,15.789472579956055,0,0,35,5.555555820465088,15.789472579956055,28.571430206298828,28.571430206298828,15.789472579956055,0,0,25,0,0,0,0,21.052631378173828,28.571430206298828,90.47618865966797,0,0,0,0,66481098752,12884893696,1650434048,0
99,1780596731528,58241.54780578613,4700,1,0.3062499999999999,6938.804428100586,4700,1,0.3062499999999999,6802.099075317383,4700,1,0.3062499999999999,12347.767074584961,4700,1,0.3062499999999999,45958.77926635742,4700,1,0.3062499999999999,38099.9294128418,4700,1,0.3062499999999999,47327.984283447266,4700,1,0.3062499999999999,30509.094696044922,4700,1,0.3062499999999999,7276.144241333008,4700,1,0.3062499999999999,7165.710006713867,4700,1,0.3062499999999999,6756.264587402344,4700,1,0.3062499999999999,6974.06315612793,4700,1,0.3062499999999999,17605.464385986328,3007,3007,3007,3007,3007,3007,3007,3007,3007,3007,3007,3007,4690,4691,3007,3007,3007,4690,3007,3007,3007,3007,3007,4690,100,15.789472579956055,0,0,35,5.555555820465088,15.789472579956055,28.571430206298828,28.571430206298828,15.789472579956055,0,0,25,0,0,0,0,21.052631378173828,28.571430206298828,90.47618865966797,0,0,0,0,66481098752,12884893696,1650728960,0
99,1780596731628,58242.234466552734,4700,1,0.30000000000000004,6938.807479858398,4700,1,0.30000000000000004,6802.102127075195,4700,1,0.30000000000000004,12348.061279296875,4700,1,0.30000000000000004,45959.18754577637,4700,1,0.30000000000000004,38100.35185241699,4700,1,0.30000000000000004,47328.41116333008,4700,1,0.30000000000000004,30509.663681030273,4700,1,0.30000000000000004,7276.147323608398,4700,1,0.30000000000000004,7165.721389770508,4700,1,0.30000000000000004,6756.267623901367,4700,1,0.30000000000000004,6974.066207885742,4700,1,0.30000000000000004,17611.2186126709,3007,3007,3007,3007,3007,3007,3007,3007,3007,3007,3007,3007,4690,4691,3007,3007,3007,4690,3007,3007,3007,3007,3007,4690,95,10,0,0,16.666667938232422,27.272727966308594,20,22.22222328186035,26.3157901763916,22.22222328186035,0,0,25,0,0,0,0,21.052631378173828,21.052631378173828,94.73684692382813,0,0,0,0,66481098752,12884893696,1652842496,0
99,1780596731728,58242.92987060547,4700,1,0.30000000000000004,6938.810562133789,4700,1,0.30000000000000004,6802.105209350586,4700,1,0.30000000000000004,12348.424621582031,4700,1,0.30000000000000004,45959.566314697266,4700,1,0.30000000000000004,38100.74464416504,4700,1,0.30000000000000004,47328.7928314209,4700,1,0.30000000000000004,30510.28370666504,4700,1,0.30000000000000004,7276.150436401367,4700,1,0.30000000000000004,7165.727722167969,4700,1,0.30000000000000004,6756.270706176758,4700,1,0.30000000000000004,6974.06982421875,4700,1,0.30000000000000004,17616.94598388672,3007,3007,3007,3007,3007,3007,3007,3007,3007,3007,3007,3007,4690,4691,3007,3007,3007,4690,3007,3007,3007,3007,3007,4690,95,10,0,0,16.666667938232422,27.272727966308594,20,22.22222328186035,26.3157901763916,22.22222328186035,0,0,25,0,0,0,0,21.052631378173828,21.052631378173828,94.73684692382813,0,0,0,0,66481098752,12884893696,1650737152,0
99,1780596731828,58243.629486083984,4700,1,0.3062499999999999,6938.81364440918,4700,1,0.3062499999999999,6802.108291625977,4700,1,0.3062499999999999,12348.796112060547,4700,1,0.3062499999999999,45959.95455932617,4700,1,0.3062499999999999,38101.109436035156,4700,1,0.3062499999999999,47329.191146850586,4700,1,0.3062499999999999,30510.891342163086,4700,1,0.3062499999999999,7276.15364074707,4700,1,0.3062499999999999,7165.742202758789,4700,1,0.3062499999999999,6756.273773193359,4700,1,0.3062499999999999,6974.072906494141,4700,1,0.3062499999999999,17622.679244995117,3007,3007,3007,3007,3007,3007,3007,3007,3007,3007,3007,3007,4690,4691,3007,3007,3007,4690,3007,3007,3007,3007,3007,4690,100,5.263157844543457,0,0,35,20,10.526315689086914,21.052631378173828,21.052631378173828,28.571430206298828,0,0,21.052631378173828,0,0,0,0,15.789472579956055,11.111111640930176,95.23809814453125,0,4.761904716491699,0,0,66481098752,12884893696,1657495552,0
99,1780596731928,58244.32064819336,4700,1,0.3062499999999999,6938.81672668457,4700,1,0.3062499999999999,6802.111373901367,4700,1,0.3062499999999999,12349.17562866211,4700,1,0.3062499999999999,45960.35040283203,4700,1,0.3062499999999999,38101.440002441406,4700,1,0.3062499999999999,47329.60025024414,4700,1,0.3062499999999999,30511.507858276367,4700,1,0.3062499999999999,7276.156875610352,4700,1,0.3062499999999999,7165.74543762207,4700,1,0.3062499999999999,6756.27685546875,4700,1,0.3062499999999999,6974.075988769531,4700,1,0.3062499999999999,17628.504776000977,3007,3007,3007,3007,3007,3007,3007,3007,3007,3007,3007,3007,4690,4691,3007,3007,3007,4690,3007,3007,3007,3007,3007,4690,100,5.263157844543457,0,0,35,20,10.526315689086914,21.052631378173828,21.052631378173828,28.571430206298828,0,0,21.052631378173828,0,0,0,0,15.789472579956055,11.111111640930176,95.23809814453125,0,4.761904716491699,0,0,66481098752,12884893696,1655107584,0
99,1780596732029,58244.97882080078,4700,1,0.3062499999999999,6938.819808959961,4700,1,0.3062499999999999,6802.114456176758,4700,1,0.3062499999999999,12349.524154663086,4700,1,0.3062499999999999,45960.77880859375,4700,1,0.3062499999999999,38101.7989654541,4700,1,0.3062499999999999,47330.02781677246,4700,1,0.3062499999999999,30512.130004882813,4700,1,0.3062499999999999,7276.160339355469,4700,1,0.3062499999999999,7165.748580932617,4700,1,0.3062499999999999,6756.2799072265625,4700,1,0.3062499999999999,6974.079132080078,4700,1,0.3062499999999999,17634.248474121094,3007,3007,3007,3007,3007,3007,3007,3007,3007,3007,3007,3007,4690,4691,3007,3007,3007,4690,3007,3007,3007,3007,3007,4690,100,10.526315689086914,0,0,22.22222328186035,16.666667938232422,30.434782028198242,10.526315689086914,28.571430206298828,27.77777862548828,0,0,25,0,0,0,0,15.789472579956055,25,95,0,0,0,0,66481098752,12884893696,1652617216,0
99,1780596732129,58245.57734680176,4700,1,0.30000000000000004,6938.822891235352,4700,1,0.3062499999999999,6802.117538452148,4700,1,0.3062499999999999,12349.889389038086,4700,1,0.30000000000000004,45961.17053222656,4700,1,0.30000000000000004,38102.18321228027,4700,1,0.30000000000000004,47330.41975402832,4700,1,0.30000000000000004,30512.798629760742,4700,1,0.30000000000000004,7276.1639404296875,4700,1,0.30000000000000004,7165.751663208008,4700,1,0.3062499999999999,6756.282989501953,4700,1,0.3062499999999999,6974.089950561523,4700,1,0.3062499999999999,17640.133026123047,3007,3007,3007,3007,3007,3007,3007,3007,3007,3007,3007,3007,4690,4691,3007,3007,3007,4690,3007,3007,3007,3007,3007,4690,100,10.526315689086914,0,0,22.22222328186035,16.666667938232422,30.434782028198242,10.526315689086914,28.571430206298828,27.77777862548828,0,0,25,0,0,0,0,15.789472579956055,25,95,0,0,0,0,66481098752,12884893696,1649823744,0
99,1780596732229,58246.26362609863,4700,1,0.3062499999999999,6938.825973510742,4700,1,0.3062499999999999,6802.120620727539,4700,1,0.3062499999999999,12350.258392333984,4700,1,0.3062499999999999,45961.576568603516,4700,1,0.3062499999999999,38102.59848022461,4700,1,0.3062499999999999,47330.8055267334,4700,1,0.3062499999999999,30513.386795043945,4700,1,0.3062499999999999,7276.167144775391,4700,1,0.3062499999999999,7165.754806518555,4700,1,0.3062499999999999,6756.286071777344,4700,1,0.3062499999999999,6974.09309387207,4700,1,0.3062499999999999,17645.965103149414,3007,3007,3007,3007,3007,3007,3007,3007,3007,3007,3007,3007,4690,4691,3007,3007,3007,4690,3007,3007,3007,3007,3007,4690,100,25,0,0,11.111111640930176,10,20,25,21.052631378173828,26.3157901763916,0,4.761904716491699,25,0,0,0,0,20,22.72727394104004,95,0,0,0,0,66481098752,12884893696,1657372672,0
99,1780596732329,58246.91175842285,4700,1,0.30000000000000004,6938.845947265625,4700,1,0.30000000000000004,6802.136917114258,4700,1,0.30000000000000004,12350.639465332031,4700,1,0.30000000000000004,45961.94053649902,4700,1,0.30000000000000004,38103.0080871582,4700,1,0.30000000000000004,47331.16720581055,4700,1,0.30000000000000004,30513.969512939453,4700,1,0.30000000000000004,7276.183456420898,4700,1,0.30000000000000004,7165.796234130859,4700,1,0.30000000000000004,6756.331207275391,4700,1,0.30000000000000004,6974.142929077148,4700,1,0.30000000000000004,17651.7391204834,3007,3007,3007,3007,3007,3007,3007,3007,3007,3007,3007,3007,4690,4691,3007,3007,3007,4690,3007,3007,3007,3007,3007,4690,100,25,0,0,11.111111640930176,10,20,25,21.052631378173828,26.3157901763916,0,4.761904716491699,25,0,0,0,0,20,22.72727394104004,95,0,0,0,0,66481098752,12884893696,1664548864,0
99,1780596732429,58247.07553100586,4700,1,0.30000000000000004,6938.931869506836,4700,1,0.30000000000000004,6802.237487792969,4700,1,0.30000000000000004,12350.73356628418,4700,1,0.30000000000000004,45962.10122680664,4700,1,0.30000000000000004,38103.09182739258,4700,1,0.30000000000000004,47331.324615478516,4700,1,0.30000000000000004,30514.11781311035,4700,1,0.30000000000000004,7276.245758056641,4700,1,0.30000000000000004,7165.881774902344,4700,1,0.30000000000000004,6756.413192749023,4700,1,0.30000000000000004,6974.23828125,4700,1,0.30000000000000004,17656.02867126465,3007,3007,3007,3007,3007,3007,3007,3007,3007,3007,3007,3007,4690,4691,3007,3007,3007,4690,3007,3007,3007,3007,3007,4690,55,10,4.761904716491699,4.761904716491699,23.809524536132813,5.555555820465088,0,15.000000953674316,5.263157844543457,11.111111640930176,0,0,15.789472579956055,5,5,0,0,10,10.526315689086914,42.105262756347656,0,5,0,0,66481098752,12884893696,1659506688,0
100,1780596732529,58247.54432678223,4700,1,0.30000000000000004,6938.984832763672,4700,1,0.30000000000000004,6802.273529052734,4700,1,0.30000000000000004,12350.792510986328,4700,1,0.30000000000000004,45962.178161621094,4700,1,0.30000000000000004,38103.18713378906,4700,1,0.30000000000000004,47331.42706298828,4700,1,0.30000000000000004,30514.184982299805,4700,1,0.30000000000000004,7276.2784423828125,4700,1,0.30000000000000004,7165.911331176758,4700,1,0.30000000000000004,6756.435134887695,4700,1,0.30000000000000004,6974.281723022461,4700,1,0.30000000000000004,17660.11181640625,3007,3007,3007,3007,3007,3007,3007,3007,3007,3007,3007,3007,4690,4691,3007,3007,3007,4690,3007,3007,3007,3007,3007,4690,55,10,4.761904716491699,4.761904716491699,23.809524536132813,5.555555820465088,0,15.000000953674316,5.263157844543457,11.111111640930176,0,0,15.789472579956055,5,5,0,0,10,10.526315689086914,42.105262756347656,0,5,0,0,66481098752,12884893696,1614946304,0
99,1780596732629,58247.56042480469,4700,1,0.30000000000000004,6939.023422241211,4700,1,0.30000000000000004,6802.286392211914,4700,1,0.30000000000000004,12350.805557250977,4700,1,0.30000000000000004,45962.1895904541,4700,1,0.30000000000000004,38103.204513549805,4700,1,0.30000000000000004,47331.45397949219,4700,1,0.30000000000000004,30514.19775390625,4700,1,0.30000000000000004,7276.291839599609,4700,1,0.30000000000000004,7165.920974731445,4700,1,0.30000000000000004,6756.44743347168,4700,1,0.30000000000000004,6974.310134887695,4700,1,0.30000000000000004,17663.149948120117,3007,3007,3007,3007,3007,3007,3007,3007,3007,3007,3007,3007,4690,4691,3007,3007,3007,4690,3007,3007,3007,3007,3007,4690,35,5,0,0,0,0,0,0,0,0,0,4.545454502105713,5,0,0,0,0,5,5,0,4.761904716491699,0,0,0,66481098752,12884893696,1608257536,0
100,1780596732729,58247.58825683594,4700,1,0.30000000000000004,6939.060546875,4700,1,0.30000000000000004,6802.289825439453,4700,1,0.30000000000000004,12350.836181640625,4700,1,0.30000000000000004,45962.20356750488,4700,1,0.30000000000000004,38103.225494384766,4700,1,0.30000000000000004,47331.550369262695,4700,1,0.30000000000000004,30514.23030090332,4700,1,0.30000000000000004,7276.296920776367,4700,1,0.30000000000000004,7165.92431640625,4700,1,0.30000000000000004,6756.450607299805,4700,1,0.30000000000000004,6974.321090698242,4700,1,0.30000000000000004,17666.066772460938,3007,3007,3007,3007,3007,3007,3007,3007,3007,3007,3007,3007,4690,4691,3007,3007,3007,4690,3007,3007,3007,3007,3007,4690,35,5,0,0,0,0,0,0,0,0,0,4.545454502105713,5,0,0,0,0,5,5,0,4.761904716491699,0,0,0,66481098752,12884893696,1592762368,0
99,1780596732830,58247.59408569336,4700,1,0.29374999999999996,6939.100189208984,4700,1,0.29374999999999996,6802.297836303711,4700,1,0.30000000000000004,12350.873550415039,4700,1,0.29374999999999996,45962.22131347656,4700,1,0.29374999999999996,38103.235916137695,4700,1,0.29374999999999996,47331.586013793945,4700,1,0.29374999999999996,30514.2352142334,4700,1,0.29374999999999996,7276.306381225586,4700,1,0.29374999999999996,7165.9407958984375,4700,1,0.29374999999999996,6756.462020874023,4700,1,0.29374999999999996,6974.365127563477,4700,1,0.29374999999999996,17669.235137939453,3007,3007,3007,3007,3007,3007,3007,3007,3007,3007,3007,3007,4690,4691,3007,3007,3007,4690,3007,3007,3007,3007,3007,4690,0,0,4.761904716491699,0,0,0,0,0,5,0,0,0,0,0,0,0,0,0,0,0,0,0,0,4.761904716491699,66481098752,12884893696,1593176064,0
0,1780596732930,58247.62936401367,4700,1,0.30000000000000004,6939.14714050293,4700,1,0.30000000000000004,6802.329299926758,4700,1,0.30000000000000004,12350.895980834961,4700,1,0.30000000000000004,45962.239196777344,4700,1,0.30000000000000004,38103.242919921875,4700,1,0.30000000000000004,47331.6075592041,4700,1,0.30000000000000004,30514.24510192871,4700,1,0.30000000000000004,7276.353424072266,4700,1,0.30000000000000004,7165.9527587890625,4700,1,0.30000000000000004,6756.484939575195,4700,1,0.30000000000000004,6974.39436340332,4700,1,0.30000000000000004,17672.194458007813,3007,3007,3007,3007,3007,3007,3007,3007,3007,3007,3007,3007,4690,4691,3007,3007,3007,4690,3007,3007,3007,3007,3007,4690,0,0,4.761904716491699,0,0,0,0,0,5,0,0,0,0,0,0,0,0,0,0,0,0,0,0,4.761904716491699,66481098752,12884893696,1570652160,0
